200 1000
738894959 257919049 150 -59
32405358 -312320040 138 941
-690507963 -675340136 197 765
-439175272 978538637 107 554
973737835 906048275 108 550
-650934851 312010566 81 -242
-261589946 -263839035 18 231
253278320 469312946 16 -146
186573222 207411695 154 310
-855171640 -481216582 58 490
-332836128 -56800058 4 286
-440020404 -795070465 8 -470
-414991273 545213787 4 -692
697823012 -777548283 1 -357
-32404480 764485529 24 83
333898225 10949571 79 -825
38700119 419835763 54 553
164196881 -375676356 195 665
-849800433 -346740049 52 -139
73326455 -355151407 52 -520
644179813 -558976634 70 987
-7077046 -275773403 176 431
-622435321 -720596373 161 165
-78983338 418283717 30 33
-814950919 845868969 103 132
584027678 -770306572 4 -789
-846557111 -798150976 150 653
-651968416 900350677 199 -309
-397238418 450903078 101 -704
107794439 -696836934 51 -203
406381204 -515557239 9 192
-163452918 -714371665 177 399
343625684 -271365089 75 -440
491099916 941739009 150 630
255996396 881303691 63 -442
-656154612 756385452 70 -923
-872046220 810293969 58 414
-129320527 -421780477 34 -212
604703363 -783419447 162 477
907875259 -369989488 199 204
-107969923 3808035 56 704
895102490 469441477 167 747
-280120265 -262703363 67 -749
719449945 833713224 96 762
679211833 -114753298 16 -888
-113421223 -754371613 112 -199
-62918313 -934376201 136 555
193515268 -305306244 32 -734
895373829 4350562 160 327
-393822835 -584107665 136 -991
-128728907 -769732849 0 -520
164182726 -472824979 51 95
20666186 345152999 114 82
-233080416 211913057 103 -638
-933133424 -606820258 52 -238
-698738521 -451627974 35 -416
298645139 -14676047 146 71
941981030 453912941 51 -190
980395488 -771324203 95 -921
-238299491 332587608 44 607
-834613103 959555168 195 -417
440969363 -638135494 51 -816
161338215 -959202029 30 -609
-216580700 373182132 134 -402
-17758523 -881874832 138 -108
-577431095 -70352133 169 602
-933707459 -360177290 150 344
-962890636 545008927 37 -722
117995322 -585678586 68 -757
218082732 604575461 197 217
-107163212 888683446 154 864
-330660928 527682257 62 -105
-953285546 -943727666 130 -675
49656562 289556050 162 -760
-262782597 765844144 97 101
706490429 -253534533 194 -737
774610 841994254 164 947
657382071 -670292651 133 686
-725021861 858240500 58 -427
965905446 786657424 87 -535
880294147 -830562624 44 -621
330150951 -939691054 27 418
-52109598 183346386 52 443
-658757687 -901785664 171 437
126099384 241347781 132 137
-645385424 -699088642 28 -99
472958009 382215632 102 -516
604362626 -728035158 98 -727
128475533 296669842 162 51
-157087977 -561618106 54 838
-518405496 271690082 138 765
-244592672 93311771 105 420
55319259 335086183 63 -850
-319864834 199495905 44 -961
15136847 -798373395 105 -510
-784653376 -421667109 58 -371
389813265 598436523 4 712
998484309 -693239899 67 634
-866115966 -379435735 45 -961
156437033 566582496 29 371
-617597385 642148589 51 398
985098 49822640 93 -111
-849314269 947092794 146 618
-344118043 67017075 143 -909
982717233 -753121202 62 95
-700942830 -384962173 167 6
-723673490 -659466690 58 -661
-289467010 -672822472 171 -120
-482642066 -242504239 73 -743
-652265739 -200811900 28 -590
-75190125 678878426 150 861
-831995235 -356733077 7 -933
304220718 -933440138 24 312
-871712960 -874692409 146 -83
-978586894 -366817587 58 975
-974887216 -221785182 60 -648
-227017885 -768586212 47 -413
-122210976 -108392493 195 787
-957809086 350124103 34 191
259897079 -259239295 126 852
5729066 306365805 113 -258
441006278 777923139 24 -737
802011238 -287548140 29 -216
119563948 -960783409 191 -909
309497395 766399772 116 957
-674005290 989907201 186 -185
-635852415 586279711 84 685
473797364 -936038868 111 -36
51014611 372910614 24 -856
116827555 682785517 41 398
920294379 -414964943 55 51
312727012 -817516614 43 -228
881866917 140941385 11 861
821607281 -607723025 79 -546
-270986310 -751853653 150 -221
595940156 316031573 138 962
431017633 558263875 125 101
-503052481 -141311474 107 386
-741608614 -953248328 195 20
-318958796 716542422 162 -337
-911511672 -366614674 194 493
685573871 -485463413 72 82
-478473493 218008346 162 -630
483561591 117400149 150 -104
151937884 -859530837 18 -453
532202042 -416214428 198 8
842495816 863314975 12 523
-972507463 -158364728 13 655
110448927 368555001 115 -626
-471220893 302376129 58 662
739562007 419426350 56 -761
981569301 558631657 195 943
-897617749 -924222044 165 669
6966578 -553860224 170 844
-121834145 -802714211 156 -429
359006590 200888541 67 934
-85147783 745686291 28 -534
315675586 -907936818 56 366
190645310 -630561063 40 861
-484015735 -653950924 40 124
-950225423 543019698 62 835
143648711 -735174706 62 440
472739957 -888000544 156 -911
83611295 51833763 175 516
-32864019 -547003927 107 -86
-521347080 -423481930 193 967
80848085 -146685793 79 -651
-322435215 99317666 101 -366
-352369946 -342201864 44 -174
54068489 952845174 72 -151
218235840 752466924 161 434
759015398 -699698562 119 572
900273298 31553611 16 -999
984416672 -420194274 34 -23
435703479 193100491 51 -316
389376845 -526499432 16 26
270880437 330057873 24 -819
961447850 -598376095 68 957
-776861803 999435573 168 466
106673363 -915380970 24 358
988210897 -700695324 55 102
-776435100 -524467576 146 -658
331857931 771009019 136 -734
-114453993 580897447 30 -97
192720247 297384971 35 -880
-269384058 -448979946 30 749
604876714 -353768282 186 821
967385002 80008406 37 237
-366547268 182746871 13 264
-581057776 112514799 29 792
306228806 403733375 51 -890
-384264501 -617774150 37 820
-88874273 67748297 36 7
-700243796 636471853 91 -454
-933172152 848929748 79 -216
640184431 116695292 11 77
-462630482 -447567734 58 -616
-468846583 927425266 63 835
-378266515 810885847 198 -973
621334672 -196227660 155 -789
1 155 -794
1 107 -268
1 129 -927
2 102
2 78
1 24 -631
1 89 965
1 175 723
2 81
1 4 458
1 15 870
1 128 613
2 129
2 193
2 174
2 21
2 96
2 105
2 190
2 78
2 195
2 168
1 42 200
2 141
2 31
1 15 -917
2 4
1 47 -233
1 98 -810
2 189
1 123 -251
2 170
2 43
2 156
1 32 821
1 13 -834
2 92
2 188
2 44
2 165
1 37 -703
2 25
1 78 -46
1 189 -28
1 51 963
1 55 -390
2 47
1 118 792
2 130
2 138
1 95 -453
2 139
1 13 283
2 152
1 146 305
2 81
1 1 469
2 123
2 70
1 42 944
1 100 -790
2 97
1 6 -267
2 44
1 19 -542
2 175
1 34 -529
2 150
1 182 231
2 43
2 56
2 7
2 43
1 89 -918
1 147 -641
2 169
1 46 189
1 33 769
2 47
2 113
2 14
1 110 -649
1 63 881
1 73 -750
2 58
2 32
1 85 -246
1 6 -260
1 157 382
2 2
2 161
2 77
1 107 -342
1 124 -985
1 25 -692
2 49
2 124
2 118
2 188
2 31
2 152
2 174
2 84
2 198
1 44 -516
2 10
1 95 93
1 71 -479
1 108 -805
1 118 -978
1 23 -77
1 184 326
1 5 -511
1 37 -866
1 109 -439
2 33
1 132 501
1 94 868
2 130
1 161 -897
2 170
2 68
1 27 801
1 194 304
2 132
1 153 -685
2 59
1 20 -945
2 176
1 57 177
1 125 855
2 172
2 123
1 47 -90
1 174 702
2 165
2 182
2 184
1 117 724
2 132
1 124 922
2 9
2 44
1 98 -829
1 30 580
2 84
1 84 456
2 50
2 65
1 140 39
2 35
1 109 -768
2 4
2 185
2 28
1 34 457
2 44
2 91
2 67
2 139
2 130
2 109
2 13
1 49 399
2 169
2 37
1 136 883
1 17 930
2 9
1 117 373
1 159 -282
2 98
1 72 -103
1 179 -937
1 128 984
2 50
2 199
1 108 624
2 146
2 166
1 177 -22
1 81 -379
1 153 -339
1 9 -943
2 78
2 168
2 197
1 141 686
2 123
1 74 -101
2 162
2 87
1 114 -99
2 50
2 109
1 13 965
2 116
1 85 -414
1 77 605
1 191 133
1 64 497
1 171 603
1 57 763
2 8
2 73
2 1
1 90 -318
1 143 -463
2 10
2 199
2 192
1 72 700
1 154 112
2 27
2 23
1 93 -622
1 141 -546
1 80 -393
1 28 -232
1 138 -696
1 59 -173
1 177 538
2 28
1 100 -521
1 50 -846
1 133 -20
1 5 -44
2 133
1 93 451
1 194 -580
2 186
2 45
1 193 -897
2 30
1 112 -70
1 159 452
2 189
1 62 -831
1 32 982
2 168
2 189
2 31
1 92 536
2 149
1 165 743
1 113 -270
2 199
1 117 -437
2 38
1 113 -753
1 153 -708
1 16 460
2 93
1 82 185
2 20
2 134
1 70 -796
2 8
1 198 -461
1 92 -518
2 138
1 49 652
2 182
1 154 223
1 32 -822
2 125
2 173
1 42 -153
2 11
2 67
1 132 911
1 190 345
2 11
1 185 -612
2 120
1 66 -311
1 86 -682
2 9
2 56
2 128
2 75
1 93 920
1 142 590
2 18
1 72 -586
1 130 949
1 178 -774
2 40
2 77
2 13
2 107
1 191 718
1 32 490
1 50 -858
1 153 261
1 173 -564
1 117 690
2 188
2 4
1 125 330
2 98
2 22
1 185 -316
1 186 -439
1 172 -978
1 49 -23
2 16
2 133
2 21
2 153
2 99
2 145
1 148 -998
2 53
2 37
2 98
1 196 489
2 98
2 146
2 30
2 120
1 112 557
1 64 155
1 158 301
1 169 -243
2 153
2 148
1 195 68
2 120
1 85 -419
2 109
2 174
2 140
2 96
2 65
1 192 712
2 58
2 10
1 161 975
1 15 -158
2 196
2 183
2 104
2 183
1 189 724
1 53 -381
1 120 895
1 120 -447
1 52 -147
2 102
1 121 917
2 37
1 140 -414
2 101
1 98 917
1 49 437
2 161
1 50 -774
1 80 791
1 106 -404
2 140
2 159
2 112
1 115 925
1 139 920
2 19
2 18
1 145 39
1 148 418
2 67
2 169
2 94
2 139
1 66 209
2 49
1 98 13
2 54
1 14 -899
1 130 770
2 145
2 46
2 150
2 179
2 180
1 170 92
1 135 -462
2 71
2 58
2 69
1 164 -364
1 6 -147
2 120
1 50 624
2 169
1 87 712
1 183 701
2 190
2 150
2 89
1 20 -436
1 199 844
2 160
2 47
1 186 -122
2 184
2 135
2 17
1 46 71
2 132
1 23 -450
2 76
2 13
2 94
1 99 84
2 144
1 71 758
1 168 -414
1 55 -122
1 82 653
2 4
2 45
2 159
1 82 188
2 148
2 158
2 65
1 184 91
1 61 815
1 66 1
1 67 637
1 41 -938
2 117
2 166
1 88 -395
1 12 925
1 190 -494
1 5 710
2 168
1 16 260
1 154 -550
2 90
1 46 -565
2 78
2 199
2 40
1 169 95
1 11 996
2 107
2 35
2 156
1 113 -84
1 131 -663
1 198 -366
2 110
2 158
2 49
1 155 679
1 115 -200
2 29
1 136 -494
2 153
1 153 783
2 97
1 62 727
2 41
1 90 217
2 198
1 116 345
2 198
2 74
2 191
2 84
1 183 359
1 181 816
1 79 -576
2 92
1 48 794
2 32
2 200
1 43 -35
2 12
2 52
2 169
1 56 -970
1 42 -617
1 65 -516
1 178 -570
2 152
1 169 790
1 146 19
2 89
2 171
1 98 144
1 36 721
1 86 254
2 71
2 176
1 24 871
2 96
2 114
2 46
2 177
2 47
2 41
2 184
2 176
2 89
1 153 975
2 129
1 166 843
2 168
1 28 996
1 191 -671
1 163 123
2 151
2 100
1 177 -263
1 3 -682
2 57
2 199
2 10
2 186
2 155
2 80
1 9 -385
2 186
1 76 -250
1 151 -543
2 96
1 109 312
2 101
2 166
1 160 661
2 74
1 64 441
1 115 473
1 151 -453
1 80 701
1 151 -999
1 66 305
2 115
2 135
2 121
2 118
1 183 436
1 102 672
1 133 559
1 123 543
1 11 -419
1 29 576
2 158
1 176 -540
2 187
1 114 -329
1 69 425
2 134
2 104
1 91 -580
1 136 -850
1 41 417
2 32
1 56 -719
1 166 -507
2 90
1 170 347
1 137 -491
2 146
1 28 -844
1 50 577
2 79
1 25 -775
1 18 -599
2 5
1 17 -707
2 43
2 70
1 131 497
2 47
1 70 999
2 183
1 35 296
1 43 240
2 121
1 110 -241
2 112
1 148 746
2 16
2 190
1 116 526
2 127
1 195 -887
2 120
1 120 -207
2 58
2 27
2 10
1 182 -801
2 161
1 39 -931
1 142 198
1 136 -252
1 81 947
1 65 658
2 24
2 109
1 91 512
1 146 721
2 167
2 41
2 191
1 95 462
1 66 -854
1 84 -248
1 119 796
1 97 -305
2 58
2 86
2 145
2 129
2 172
1 29 781
1 28 -397
1 50 694
1 170 -942
1 173 838
2 103
1 151 -212
1 115 43
1 27 -272
2 68
1 119 734
1 198 -576
1 74 162
1 78 -597
2 120
2 126
1 101 -902
1 11 514
1 104 195
1 18 29
1 58 -742
1 129 -435
1 89 -830
1 56 649
1 184 335
1 66 813
1 1 -38
1 114 977
2 126
1 57 -13
1 54 390
2 167
1 63 -455
1 97 -320
1 95 -782
1 89 344
2 125
2 123
1 49 616
2 181
1 56 824
2 185
2 75
1 116 122
2 127
1 50 490
1 37 -669
2 102
1 76 76
2 8
2 129
2 63
1 165 -247
2 39
2 82
2 120
2 91
1 12 -412
2 85
2 80
1 174 -279
2 149
2 111
1 93 821
1 147 786
1 2 69
1 161 53
2 189
2 45
2 74
1 72 53
1 143 -592
1 130 120
2 99
2 20
1 177 -696
2 177
1 106 -794
1 110 -39
1 187 -84
1 23 633
1 186 637
1 81 -299
1 31 985
1 3 284
1 159 -536
1 24 -581
2 25
2 170
2 108
1 118 -761
2 174
2 67
2 42
2 80
1 180 242
1 96 -975
2 30
1 147 31
2 167
1 105 -133
2 82
1 65 -480
2 185
2 27
1 49 -914
2 18
1 137 -990
1 170 -244
2 151
1 106 -930
1 179 -412
2 194
1 30 -623
2 73
1 100 -88
2 40
1 76 396
1 119 -309
1 28 -797
2 44
1 188 -589
1 192 791
1 124 747
1 30 -36
2 83
2 154
1 173 482
2 177
1 40 591
2 98
1 58 228
1 153 -51
2 88
1 153 76
2 108
2 168
2 114
2 34
2 142
2 55
1 54 289
2 155
2 85
1 141 655
2 25
2 138
1 97 650
1 66 -546
2 199
2 126
1 15 -667
1 86 941
1 145 997
2 112
2 131
2 138
2 148
2 119
1 2 225
2 155
1 75 329
2 163
2 157
2 133
2 103
2 99
1 35 -699
2 139
1 8 806
2 87
1 140 -494
1 194 289
2 103
1 7 244
2 41
2 88
2 105
2 140
2 199
1 101 -789
2 179
2 77
1 185 -118
2 141
2 1
2 14
2 164
1 131 927
1 192 -464
1 152 137
2 28
2 25
1 37 -476
1 70 -975
2 112
1 45 -865
2 67
2 124
1 54 -135
2 130
2 12
2 188
1 129 502
2 44
1 114 -471
2 73
1 189 -45
1 116 90
1 25 -299
1 117 480
2 27
1 7 -337
2 40
2 183
1 200 646
1 126 724
1 179 -456
2 188
1 180 -422
1 175 -856
2 181
2 78
1 157 -309
2 126
1 70 716
1 70 138
1 175 -983
2 6
1 81 -392
1 43 -675
1 102 904
1 67 -801
1 161 627
2 130
2 139
2 198
2 115
1 121 -151
2 135
2 139
1 175 478
1 111 281
1 1 10
1 157 352
1 118 713
1 2 -989
1 79 -1000
2 199
1 35 -200
2 92
1 124 686
2 96
1 95 88
2 105
2 133
2 98
1 175 -472
1 159 -876
1 18 -791
1 146 607
1 176 -846
2 185
2 25
2 81
2 179
2 145
2 15
2 191
1 173 -121
2 178
2 160
1 126 112
2 117
1 5 302
1 24 699
1 157 -513
1 135 656
1 129 -61
2 170
1 10 106
1 184 -740
1 192 -810
1 81 -179
2 128
1 49 648
2 114
2 78
1 60 -845
2 169
2 126
2 76
2 118
1 120 -374
1 67 -584
2 144
1 25 214
2 37
1 11 713
2 99
2 113
1 86 171
1 70 537
1 2 129
2 133
2 125
1 165 -96
2 31
2 41
1 89 -969
2 130
1 193 -751
2 150
1 53 426
2 118
1 100 462
1 158 -661
2 184
1 192 246
1 22 81
1 183 849
1 67 96
1 23 -738
1 51 -220
2 192
2 54
2 41
2 33
1 135 902
1 46 -173
2 16
2 30
1 87 -199
2 17
1 144 724
1 143 -90
1 139 314
2 18
1 73 303
2 98
2 175
2 61
1 190 -321
1 40 913
2 152
2 44
2 135
2 184
1 127 319
2 160
2 177
2 101
2 67
1 135 -60
2 21
1 160 231
1 74 -692
1 189 951
1 145 -227
2 65
1 193 -178
2 45
1 37 131
1 67 -428
1 18 -324
2 47
2 140
1 197 319
2 180
2 124
2 64
1 166 -583
1 134 -261
1 12 -760
1 49 -24
1 67 230
1 16 935
1 140 391
2 18
2 152
