3000 1000
401366843 433732621 1788 825
772426169 -225213337 1589 947
-51886045 732554812 2131 -767
-494458001 874283968 1659 749
438565793 -477748681 631 799
-955138985 781098040 2543 -154
-290845758 -214414551 1183 235
563287717 -959272088 2970 -533
243800552 -542357107 2121 934
-236706415 891795077 1514 0
-507412486 -827043562 197 -427
-503347430 883666430 1700 496
666137179 -151744587 85 -492
277930478 -589154709 584 110
-784724883 -446083362 833 417
750280688 -645055758 1137 704
-197597588 235588645 2142 -469
-38606980 489222166 1219 463
49674401 171974425 257 -212
991436858 -417033765 650 -670
999054059 -781334400 910 -25
112211348 -7737390 1659 54
-168664897 802083810 480 -533
65113402 -399186923 1795 276
893998789 -88600658 2156 578
583997993 -580222365 2620 552
-753546033 -616461650 2532 368
-128846288 913171953 295 -408
-422959244 -98140451 901 -196
359551799 444630600 431 -679
-93275250 -231441839 2703 -992
-428468177 960982698 349 -601
116402527 -676205934 1997 -555
-165788554 -637057144 597 -517
573201911 820555360 2878 -231
-962768258 -576113293 2770 7
333740710 291649363 2441 881
401138410 727001667 2906 501
-172669947 -464368570 2333 799
-96532996 729369730 2350 330
564519312 27815717 1169 -993
-405755378 -30222675 2826 982
-120580354 -763879833 2093 -939
509726793 -615871137 2718 851
871553499 -515262890 2970 260
-842915212 -259544514 122 -323
-556299619 325888690 269 -294
-198504379 -880554286 2948 -391
-407504732 274335797 2984 205
-234256345 -981286380 855 -596
-697396032 -259999985 2962 -982
-824137315 280655131 773 -970
-846938034 137992114 1776 417
-514180844 71924852 825 95
1549547 521251074 2685 533
243563856 -790036426 257 337
786493936 -199721800 2894 -861
54091185 28292956 739 -139
-251349258 105887635 500 -170
-943428182 -875943281 2563 885
141645509 906067635 575 -125
-818233487 -665397506 2763 466
-772216097 248250824 2506 230
718031226 -662424978 38 962
-640019273 -193656623 1915 -185
760447232 395340941 2028 678
27450111 114078518 1877 584
50775132 -58348512 276 -266
-881940793 -384804749 1076 -649
908248082 -458523849 2190 -144
287172187 -393904107 736 -79
-642091899 -891474531 849 -81
779313890 597866234 1834 -293
699782485 -47289712 1802 -285
-234600337 208332358 693 -101
660473435 96427468 2102 44
585019669 -611777316 1478 404
831815518 -139507142 212 593
-108382106 -246449767 433 -775
233163121 -691596063 1069 -276
-994964138 -767764501 1832 -330
-509253449 266993552 1989 -900
169773219 881452274 916 78
306712093 971076374 1595 94
-270181298 -323292651 2183 -266
-100527171 196934227 2334 -470
-128230088 471365986 2104 704
103252162 -35817714 295 -117
-109263627 184338872 2202 -37
-672466266 -904958758 2755 -539
-710170137 -241524536 758 354
-881336846 449433920 2898 -592
-17631597 -485193456 153 908
821976141 -940882238 2912 -272
-960500297 23808279 1702 419
368007108 238248927 456 -398
319649268 -354828717 2621 249
-416504472 -863433291 2444 386
-40103970 -616051152 1450 -675
-95767642 779586375 1384 39
468890463 -31946735 709 -212
366853910 -46716726 2829 -772
726943287 128923206 2483 -837
729075508 -437398234 1891 -823
-124864311 273706649 1118 -598
-676084688 -977546490 1267 694
-36035287 -501241634 2398 579
849808181 -613260837 259 -299
-213308867 440305405 2830 -158
206515577 551583026 1746 342
107603798 515946990 2814 230
274833735 590852614 269 462
633002894 29085030 2492 395
-422660955 -107828662 2433 -302
-582582130 803344466 2498 -57
622959570 -265501194 1865 -366
-12762956 534989874 2133 -167
722384187 545235056 1628 96
-860631501 135338618 1940 -209
-766933211 -215732155 682 952
342567933 -317759449 2317 498
-828121380 -930106977 149 367
-358657839 -827206736 1870 416
386563903 696787116 2937 -240
-177233444 -718645256 1994 -705
-341833354 -844123954 2456 -296
810274955 488945732 2036 831
245374241 -159578525 1571 937
515785357 -471015287 2048 -768
57006162 -909754034 92 -729
-165696285 -682919903 1269 -403
917705082 728968967 962 -962
-983360833 -374194828 1763 164
-971090027 833349816 480 204
-666337413 271772403 296 -560
226444021 -491747296 84 113
-362231440 -485410786 2853 -525
-791856651 286014554 149 -779
-805023008 -771554047 2974 452
-998290330 -135591617 2637 -510
-901314393 96554348 1944 339
136114167 890558856 1166 96
-489797362 -772687719 2805 486
-234662914 -87954389 2794 33
584176790 -218685006 1933 380
835971964 -203862739 886 217
-998536719 -816629601 1082 448
-947670601 -774961165 2788 -758
-898711222 896903867 178 -771
935534390 103259611 2949 -737
999410412 194168866 613 -484
-5404740 -754071776 1296 515
-306506660 721091585 1051 413
244531887 887670192 964 284
-577971128 463374223 2326 24
-205968209 9513320 2606 822
480118445 58941371 1757 500
839421602 368601365 1115 338
967156227 477521440 641 425
-508053631 -88766777 1001 -813
560116718 947898954 148 827
-460141077 633298983 967 717
217955755 109393715 1014 834
252526158 201303478 1504 791
-83971 -635555627 1432 -922
-80420781 -923928026 484 571
-823910840 563727890 2498 289
686566658 444345437 1912 -816
-78121785 -612274536 196 553
-416899189 -174064511 647 778
-726026381 624633130 2795 -901
-299720199 941182881 1377 -227
-980042925 828081402 1805 676
915628166 861843007 1112 -344
-881108800 -723991916 559 748
-783676043 28860468 1733 -61
-685708377 -786798560 328 340
620631489 321481039 2500 -475
259133506 626539544 1886 875
-712977402 -292604826 1899 520
-721769444 -336437215 1795 -744
-583470574 299255194 613 413
540924458 608083966 2095 510
-308067940 791834415 1434 -502
461016684 -481145313 98 -58
681204466 -6360231 4 545
-675331220 -722121211 138 -397
-10443816 222120002 575 -406
-815581928 414739466 2575 -933
-890508148 994149573 1878 58
968754939 274055216 383 958
653077436 -892132072 1279 684
-908854892 -802364262 1915 501
-141012540 754387321 2896 -874
25206873 -954441915 2703 -251
-864122210 -511489566 2422 -200
-926626016 200921985 809 59
-714272557 -782037799 1484 -572
583211701 99541060 396 -84
801215623 880456736 2529 66
-169665723 612428637 2938 -689
-359877083 -368108624 2075 74
797219555 450769867 2943 -657
306309384 -881697448 587 -679
-735360933 -691610344 195 408
991988353 -196577170 176 441
925018281 347077280 693 -806
-177485484 -397324859 1368 304
136162534 975380365 368 -477
85497800 -747925730 85 38
576964798 220746639 2407 701
-591744959 109595570 1278 740
251242135 -702502508 1404 -149
-694761362 -689267005 1407 879
66774157 110859844 614 -16
-282732566 -753285563 840 90
-748801596 420119538 1083 -682
808665790 538274392 668 476
823784411 554326344 745 409
281363838 964107617 2824 516
299209867 -69670926 66 972
-282159971 523166773 1219 491
703895001 305177066 956 -754
-151552573 300692578 252 271
-183556726 280100435 2709 452
-719069656 749686818 347 70
-333210540 -523966291 1801 -304
-297300618 773655618 20 474
-526553407 864646823 2539 -874
921094481 443692767 2084 -471
874251991 327435553 1664 -566
698890668 -76806384 1678 217
-147287788 467736470 2349 532
189088160 792113629 668 -335
-923627077 -547448194 2058 718
918648656 202142978 1145 -848
907759286 537438531 1883 -432
-55123380 159269786 1744 539
203062079 -226696955 2127 556
-524935024 695939203 2807 568
-614913200 -827139973 2970 583
-266395789 -307512916 955 -289
-161450345 904247450 2020 -96
538873786 735421337 1922 694
-709400687 -341200286 507 429
709907096 119052047 1139 237
618071960 -273037204 115 267
-153015119 812255991 1869 589
-718497429 -568839291 1061 148
-884531443 -827298519 85 -828
105419788 930065724 2679 909
684460030 -719209008 2639 579
-446722803 -808970581 2623 888
-218581060 -806995295 1813 -293
152766396 -710671156 2080 295
-62275572 985422691 660 938
431629104 -721186754 2657 -107
544883114 577207757 2860 -64
-491032229 682138698 2657 -988
-395567638 -860040624 1473 972
698040940 -335678921 650 166
326057759 729754487 2227 -36
-494743630 830238269 540 -238
-292235382 -64338659 704 -988
-942339424 108986332 374 -977
956353030 -417676917 1838 -767
452608120 16436125 2418 -121
487520417 -243422221 1478 910
582546017 811341115 264 -581
977996997 401852900 2100 779
-463572742 -865973086 1339 -242
256293324 -275986276 1244 779
-893861642 315706509 1109 -631
864556459 24783676 2799 -671
-547559684 201249190 1916 767
-786386061 589586791 1112 387
-225275732 152244769 987 222
340272222 -823241919 1418 441
-728484335 894637733 974 -372
194335584 -560386852 546 -622
-305585478 513473808 2429 -671
981151704 727941230 1389 -269
-327106279 291648526 1231 858
-927007329 404932704 635 -670
-97485856 -448442554 2807 -938
-314851810 921644374 2763 320
-663324890 -481700882 1772 130
-423899300 991939450 1511 -799
768119672 -176517773 2788 -540
-553281490 721245550 2409 -50
-500617990 -790420223 225 597
-341986341 156864519 1959 921
-697103361 -899522821 1758 753
177244522 521655297 200 -532
337307927 318992545 1851 -609
-996335127 101249460 1392 -828
168333975 703932172 2223 -920
-606459639 -14001645 786 -636
-271347822 -395516227 2276 86
428894104 754626317 445 -556
-297591432 -452093797 1631 577
551365982 -178159967 1422 -230
75122752 -303082025 211 -903
135544099 -189294402 2443 -592
555222199 558325609 1023 870
212351203 47174828 2409 -495
-85160722 513120461 1280 -935
540429153 359192323 2609 472
461448073 30484177 399 -969
408140979 770179971 400 651
851459124 -31545778 888 -425
-824859533 556830907 406 581
109631056 367029432 2184 -140
-597826713 629633270 2721 -345
163181517 -908763893 742 -15
478473822 210740477 773 -17
-342292627 -557138127 1783 495
-609887008 734321838 122 76
-46742038 160855245 70 -133
-644130295 938691477 2561 -610
389648905 941973040 366 -717
243271627 79651742 1434 -786
34565855 13889445 1547 102
-300587600 -485288362 352 486
-986121255 837770542 1034 -330
911956438 -153314383 2593 199
-445376194 -752734801 84 291
-215213571 -61341223 2584 -32
-26538212 337552161 1147 73
-530255767 -816266711 990 -850
560724134 759568493 2362 127
-937890868 4877311 640 337
402108690 888809977 1957 328
-161294134 66484686 1162 -276
-603714719 799639895 2188 -868
-242820664 343087208 2932 509
270495543 -396622859 2590 117
278148846 -119361977 772 -917
-587158255 839386046 1212 -555
-28827136 -672863657 1425 -882
3931016 -525304737 982 -208
-546579130 -712105350 1115 -272
-808179485 24892854 2160 -69
588304653 -931431665 2035 -104
-898598836 -547072956 2185 633
-794409033 -272199076 1165 267
552243883 246570203 650 -775
-444889100 -309618375 2414 569
-768538575 -850723506 650 921
-934060898 695749759 35 -44
-878024962 813306781 2681 -798
-959870715 -898169104 529 697
739869986 -450729719 1706 -497
-502550261 -433935509 2013 197
-631360497 -983937378 776 -331
102929631 -1965449 99 207
434177386 327157463 1651 248
-612707980 289336749 1266 -513
687975535 687959505 2008 641
-699604127 943503646 2211 603
759266957 229386049 1500 -463
-994669795 880590948 412 -1000
417437009 -140425344 1941 -879
-905444783 -119047216 2983 323
490712470 432574501 910 803
-949827868 -829285021 647 348
-933534508 186163024 599 946
-80707701 185993886 484 622
7572680 222978927 1776 -953
-314133350 -715813381 1260 -305
-444196147 18761420 262 -921
-101067042 227278760 3000 809
746937009 -397345175 1445 -697
-398817052 238180842 2229 -95
-548867165 272327750 128 396
-126765701 20454146 2763 55
-468288531 -302717755 1219 119
-876458230 -889548183 1389 513
152979904 -722337617 1331 -730
941097167 -423341841 1972 936
-695187102 875516961 920 -651
345412046 56371538 1702 390
494312648 -234144304 2461 -454
-759286317 887614910 2098 276
243052406 618499563 1688 155
759484949 -852294174 492 -417
853610742 643463576 2891 -568
-582416024 131730371 2117 61
-930704980 -335208154 2106 -956
-110767704 -229733363 1020 284
108125280 296169101 272 -59
92017546 -74828155 501 76
889212414 147056985 1832 -656
736572927 600996244 722 -723
-798218234 85324427 1571 278
363904045 913205218 2752 -538
-581299491 -829460991 1827 -169
785840137 188083983 1392 -812
405053157 -224037749 2451 265
-293158858 326002940 2621 574
671762999 276017136 2533 -861
-779864104 -910093986 2028 628
-572517166 -729873266 373 914
517872376 -652636866 251 -943
-906221922 191352464 344 933
875574485 -788674793 2608 829
-382609679 -950472702 1304 640
872849170 789870494 428 242
-891152635 185035639 2049 631
227477767 191027550 1252 179
690862189 -603725105 272 -90
796804592 -298829416 1549 -188
368347807 -875039862 2669 -567
178957698 -368069865 2080 -511
-117524451 768760379 2547 597
-151784740 -519013346 2564 -668
714207862 658697359 2203 -319
-330270560 971073574 1509 -771
-562772640 -911206799 1788 -701
952884497 220828093 1688 -648
635372148 583582472 1538 819
-465922206 353040559 2938 370
577662219 -943702773 1938 -564
-311662063 953035196 1733 -315
-33108673 445441779 2088 -751
595876784 -442600460 1415 -478
-700811338 917090164 1560 -261
-929941236 -750847042 1034 118
627940033 -214312034 793 207
514216654 233050173 84 -996
338278078 -654528174 2367 531
-207804452 534828836 2812 -711
-887761045 884207559 399 920
259711268 336651566 1799 96
302809597 -809376826 784 993
-273277452 -677338377 2824 -50
271695425 -969793027 2143 -355
-194571143 702307980 1644 -208
142454543 -699440633 1910 291
-550964260 -45433966 1073 986
-807837596 -961396954 1354 -97
-759370615 -659566949 1732 467
-800163080 965066597 1524 -972
-123786715 -830354271 163 776
-213237156 -759921431 399 -729
-491032042 756807845 2058 328
48683857 122069201 2076 664
-805605981 753980945 1643 946
-882254523 -882268594 1254 557
-306512293 724048829 1056 -430
439633230 -735686118 340 -330
460437162 -83011311 955 -719
82472473 57808456 2905 -942
-939616836 423521277 1099 53
-808213913 -281954983 94 -564
115420391 -674519502 872 548
-266724589 546665860 2637 -165
-516851701 -618826555 1022 556
763507038 551419300 156 -648
491446910 -469496370 2373 -463
108881289 -503941187 487 -402
924024471 933760669 766 122
173826763 -10729287 2276 -70
976633719 78224924 1198 -625
-114403597 -357679682 1256 342
-954527404 411819541 2117 -115
-413367133 -293459288 292 -269
387497933 917991089 2021 188
342318087 311430505 1308 481
-482376985 -388682154 219 -379
831027496 -374982103 1027 539
-140017330 -296005073 1186 982
925978392 -819988774 567 -399
-178285171 204530853 2187 -171
921342352 10184406 2038 -880
909320213 387851385 1191 -916
853651521 652576507 900 913
-554812626 -679997173 190 -387
554420483 -470909835 2346 -954
-311992751 147753890 1141 -711
94397903 -334697535 2223 -737
-675685707 54853093 2937 584
28686122 -723582633 2345 324
852815634 -153190526 1603 984
-837552232 205517154 767 955
950022524 -378651128 2473 887
-110542486 636094256 1961 118
606205139 757507859 2334 314
-689174413 -871750644 787 874
505330755 -203188402 826 -841
-119410830 13520090 2991 -519
-836609692 450687865 768 -292
108565933 726353580 2941 -123
493423752 -360394773 1563 -845
-619568758 -723474469 252 212
-19678881 71366127 890 -969
-857413913 395367209 1076 -974
-733785771 901269220 1380 951
732895524 455541131 2485 36
371576765 281598872 1845 677
-660172457 482469742 43 -211
-221308473 685715079 1121 795
426432707 725438920 876 -7
-211048159 -420213423 2513 706
-681662087 -883015442 2466 220
697382576 -276298733 493 845
-279733855 -345529514 8 -387
-751092414 -315728590 1124 28
290519141 924599598 1795 -407
-96389330 -847077383 430 -827
-542835500 687202973 2390 539
-380817222 -859970137 1300 -860
-92163698 -352106145 366 329
-489166470 -681717595 2762 -355
-467031207 -529440558 264 966
-562179546 799152156 2501 -172
-126520070 800576090 1489 155
-13324694 -1653251 2804 595
104320518 -409777656 2101 -178
-289700379 195831195 799 842
995283207 -187685853 873 -377
-159659885 853600690 2118 -80
568016943 164172716 2186 -738
456765298 -863937906 2745 -4
47713421 223779337 1595 -582
535637858 -716086752 1382 348
440301996 248530911 809 782
-414763185 839203791 1732 125
-943979345 -24307983 2699 667
-311912786 680918423 1474 -409
904860807 -312629653 539 682
-953090250 -809176097 2840 850
714016375 675202369 2790 -199
-205081165 -446502745 546 632
293780397 -349558475 884 84
-973777847 63701292 1135 -926
-527997243 718125968 1594 -193
-797944221 -408626473 1990 485
-114684898 950959740 1103 427
-12672804 -741795880 1230 -754
750466668 230769241 474 -538
-850604967 872446285 815 -488
-185504120 -782708800 1767 -20
678448415 746408626 1743 -447
397807941 -12353446 647 -984
655779787 623431373 2919 -416
393645359 740554264 1034 -532
-675617262 105251156 1870 -921
-344837713 549708130 105 -687
773911826 -849145205 652 -987
-72694029 -57513067 1707 207
415246018 -442421145 2964 128
-960460120 789734106 1076 -964
-551816399 304700306 1622 -995
-302702017 -188036608 2971 364
662258663 330658730 2020 308
497757933 711660011 1875 -168
866823469 133120665 1728 481
-233650524 27454318 2111 930
564335363 878232321 943 -724
-752734679 -6796946 1261 896
-760386562 126555603 2725 167
-211168436 529281249 943 537
656349971 866574149 1707 -616
-131122746 -417233450 2360 -434
-452781483 -972370310 1116 428
760956725 -973456718 349 631
-79028824 921079809 2484 913
-526303773 232452355 1280 -427
-420947530 -141585692 2842 -615
-6129772 -147558002 2797 538
382713593 -54975297 681 742
881201534 -834056493 1622 -265
-536449880 448435468 1277 520
-450493445 642085193 1067 -941
286117096 -203551635 500 883
-522146545 -17548548 638 -409
-148243436 42021860 572 -96
-358804528 -915923070 1394 -132
686166278 301029771 2517 178
-651435841 77677800 847 797
-908724632 -556941917 812 -558
-438764444 638912148 2389 198
-832847797 636103928 1301 -469
777677862 -930066182 2882 90
-742647903 -903196334 340 -257
-209738291 872575454 1595 -780
329190579 -905109154 2906 124
661930602 -351208999 2375 -802
-490042143 748115705 1347 -596
-686770677 -200719230 368 -843
-42428941 689978420 2211 -58
585377980 544671006 1089 -685
-256819260 817904556 587 587
524955448 632464744 1203 191
-948796105 786387713 770 267
-485048206 481944521 1713 715
234739712 551278645 1936 -338
-300263982 -805706322 652 -530
309561258 253994387 297 975
563583031 330199908 2889 -114
464996657 -898202182 2290 7
734891047 356376166 1711 38
846074673 153092128 2183 -599
882301082 497830483 2658 -712
-224990293 -798969749 2030 -635
-998323595 672080075 2104 480
832798390 956883824 1968 4
893979630 67191744 513 82
-327384906 591204321 1376 967
169727182 744830554 2197 -152
-834230851 -311220246 2103 929
-302529070 549469171 2203 -882
-62620359 808621309 652 -930
-407713520 587228425 1607 530
567298227 917501108 221 545
280696563 30626748 875 -234
760992248 927384560 269 -244
555002348 124537635 82 -370
-330873843 -605869103 1037 -779
712186431 179720377 1451 297
-243674941 -713941504 2628 779
943461609 190659342 2700 97
855068363 47376048 1083 76
-757633242 263500619 1442 -883
-679036906 892877536 2907 -201
226128508 754974479 1339 271
492671893 -65085542 2624 913
-446937749 -522179000 2292 3
-536245097 997962374 1048 523
-83054561 610317678 2228 -22
618874296 -954448344 1476 612
-212341331 -721856320 1862 0
847649527 310916422 675 436
-81788308 -785086736 2813 -940
871684236 842758445 2764 379
872831716 154770001 152 -523
957639028 -131064584 228 -570
244586217 720233636 1784 857
-610493855 -272662314 1301 515
391677948 172876416 286 -182
-282774078 -391289536 2634 168
573601109 732620683 2538 -38
-245800843 778922270 2238 837
332836918 -303841796 28 473
999386899 790895796 765 -741
801081263 859412054 2187 -916
88158938 -106770095 1378 -333
213378115 -601414597 709 -202
-236109460 567230812 668 91
674838510 673123488 347 311
-568946607 842636215 640 885
-603423884 107850370 2365 248
922982736 322543697 349 -211
-52233758 778713499 532 -781
-850315303 269214434 2686 808
-405616934 38669577 212 -258
163697587 929807065 1520 -878
-964910026 -230401677 1038 641
-321335547 -26537069 434 -980
916092483 -177163843 907 641
-405831966 606216445 2109 812
-620908610 894289798 1389 856
564553253 329843912 325 -68
-623558584 95349375 1135 -858
-64002346 180989878 1036 396
167751479 -22242350 2703 737
380658405 -483144723 2187 301
526428587 553685942 880 -670
-399757585 -907255745 2581 -142
-478152819 26014974 1229 -552
205855422 -573743162 822 335
-667989944 721331393 2044 379
159469796 747149344 576 -953
-863582961 373885709 2117 354
5565237 -107626498 2779 608
-659501415 -512733938 2499 -51
-59102732 -960054387 2641 231
-758761925 -839865168 2970 -373
98855466 840900080 2331 -232
-895966501 -970575903 883 825
-183223979 -977475259 983 853
-860001281 -251663878 1376 971
-715989438 -808374753 1700 392
-674002458 -881848727 684 456
-520828961 522799474 550 -99
-498107977 -801140948 141 843
461217741 945203420 1202 -794
173375775 -932247285 1306 335
-176791439 5029675 1095 -507
-672625582 131836612 2540 -991
-942638965 43134704 1219 279
-355916421 -736503047 816 -43
759724583 22986219 1869 673
768797717 534035556 1034 638
-105553064 -260495517 522 81
-485838089 869529795 1570 245
-859381210 -536979043 2656 -798
-954242535 -77254739 766 -84
-131500775 -375635831 479 587
-726358797 667234656 2849 513
-349736203 841564381 995 -743
600241997 949547179 682 -762
-231282987 5052497 2403 149
537720274 -40055280 2564 212
598168019 -300742656 682 -731
-970921471 -285028910 2337 484
603585799 214774787 2567 -816
-75278631 -845070630 1757 192
925006464 -751152071 2062 271
-218568013 723144836 82 612
-365242569 560005463 2451 800
-211949821 16512435 359 -45
100937092 -992097117 951 -312
-901900469 -641682164 2401 118
983978939 369872432 916 -527
17571764 943177312 1783 -899
-329318447 -792284858 2956 421
929266619 -820373612 921 -565
-534142388 965629601 2630 915
46373261 99322345 1797 482
365311259 268958948 513 -953
-852421414 -898479495 1873 -291
-977296004 -104461002 2788 -809
-865621848 667442590 875 -979
187030485 -491128852 1908 74
-906441229 -511437572 2669 552
487275892 182822761 2002 -649
-68797988 272686619 1873 234
984456099 989726583 370 -889
-612021248 -559556612 201 -488
507283364 213699313 2425 -356
883433541 862325159 989 -61
-953838372 -870209703 1112 -866
-330700630 865611371 1116 -815
911333118 677550641 2733 -299
745597957 107187254 375 249
-431758969 -913262822 357 639
606791999 473084137 1061 -24
-23295487 659947816 1389 -945
89308924 266677903 309 -715
589228009 905303676 2957 415
-598903655 -400304749 2466 -570
-176641200 -53098537 1616 794
554752795 -375311505 1446 167
55438593 -299826891 21 -581
-389507898 933404436 1526 -811
869906229 -736500797 120 -591
925259521 608315122 1800 -683
-180101527 475791597 433 -163
773698952 -41509087 709 854
-641397100 -212268714 183 -138
-211878268 228287031 2144 -560
634543492 -263808849 918 -248
-649204974 395765650 1252 461
-785087767 -879411928 2669 884
-269615257 -973436417 614 819
-550789022 376987034 235 696
-974973422 -30876174 147 599
463906128 -555120853 2118 -179
-902054565 -226439792 1813 -61
185236863 612175511 716 -594
-637013647 443121198 246 -40
-66684270 211638745 2575 -124
-113915154 993206306 239 -367
-489914796 403043181 1538 348
-216405523 763948160 2584 574
-189546678 -89251204 1896 -561
-257245662 395643064 588 -878
45496043 477222654 1422 581
-47725959 105768633 2967 -825
660341174 -3013592 1547 -439
558835378 313600685 336 -142
675558485 167969810 2473 896
-982189717 452872233 928 -938
-826062619 845485365 1824 942
25101239 386127122 2815 -429
-365477860 -57654185 2165 -956
245054880 738147149 2553 -494
200827436 540968269 227 435
149437613 189436302 36 -557
-15954758 -208296473 86 -600
601788351 -247300559 2568 179
527855559 27800023 2129 -754
-791085852 232405900 2581 935
-307301182 90072440 2100 -714
-280476681 843190540 1728 -820
-3653222 -724490238 2973 730
-768738739 -165679266 2884 -787
-127764843 263133025 1731 -775
980898289 -383961435 1467 -924
-404422064 277978022 377 123
-412827983 910333231 1845 802
488430473 -748341777 18 -747
295229157 669679524 1877 -276
-613399966 575831858 2349 -454
268085794 11492827 2101 88
823763768 112356140 1040 377
673164104 965094589 374 -710
-941831591 825772312 265 -676
105861597 -516845487 2472 -169
-465324982 -616470647 2160 802
608754682 -330703906 510 -353
-525547131 -351210974 1443 -915
-256469597 -566973638 1537 674
543608477 -424166489 1234 -233
484780286 -144335238 345 -228
-724136608 878308823 60 -772
65102597 -272105663 785 161
-963123857 -924832712 1732 610
372299351 589779035 1725 -789
844802664 -119778107 309 -645
-892374573 -800817250 2916 -222
-603737400 -196358473 2345 -310
-644001406 225276062 1289 -280
841220278 753494314 733 -131
-518841025 -956682796 2734 -681
-291079043 -310044471 139 957
730769719 652743519 2806 -997
267546934 444892035 1937 -350
208246688 -841258500 2816 297
677032509 -307506093 2421 777
723742490 552187552 2873 -957
954938786 728799540 170 495
-359308099 605133386 1001 -496
122450686 -520161222 1976 569
56602954 -326635497 2042 -289
-614903632 444036838 2024 -299
-990014236 606950629 502 493
942088870 14358790 2425 -465
518056264 722387669 1910 -684
-355549293 533773852 1137 646
-281847809 768285363 2035 -705
264679370 -956233521 1841 -325
45368441 607768729 932 900
744747984 684922001 2460 -961
272980641 589876412 1004 -939
465014498 555165058 519 -125
752027291 -167438317 1713 -724
-514720831 287617127 177 476
346007336 604170638 2681 -780
-433984080 445759230 2372 -210
-984151855 -843159132 2955 486
-426198493 90345549 2150 -641
-817457220 23713175 1049 -855
357303986 -954729650 1972 -508
323891035 380509582 1845 -810
-490390406 153757395 833 -751
-95509032 32877207 1251 -547
65987799 377468977 1034 445
-427544100 -457090749 991 -508
-149467662 -691823016 274 242
488405761 376224798 786 480
-29354190 -60106672 1468 -924
-625440199 546788054 208 492
333913179 167314065 924 955
-405191232 -691406280 2104 -734
-509423270 -315979262 2951 -948
789003920 -860257433 1588 297
105579482 262239865 1724 -646
-74269971 -666954682 2950 -178
294942221 346588581 262 706
721463469 342760495 1205 468
-881852741 574171548 137 -218
-925492511 428682302 287 970
48123788 370412118 2554 511
-723238453 420450048 650 343
275989879 188682668 2908 -586
910839355 -160895325 1813 937
149615134 769002028 943 272
121553690 -226505099 604 -736
-812596437 -494627891 1038 992
-807201455 624580631 2134 494
-180205456 -169211215 2704 23
644361410 -285070590 2919 168
-846934761 -73061293 1653 -438
-187457115 -485203639 1011 713
853230231 -759047320 1481 -834
-353017202 -956995421 2062 -187
835137817 -261432580 1916 348
-29178612 -541750001 371 480
-378361077 574483672 1563 -877
-462264949 997490524 2948 670
-335270907 545774967 1123 -228
-193385999 -115352618 1522 -919
813935577 -581671007 1340 285
976181044 -290999608 68 -501
514013041 -347233723 292 -322
315709837 765106791 16 44
-245701110 -827689086 1038 445
-974681340 -603978195 2813 481
-183491355 472101279 2094 -410
82156392 401657933 1152 599
886182423 152063677 932 -435
-341666395 -679434001 755 -624
-31909165 -501255479 2606 -357
-930963914 415632010 135 -392
-434279693 -100897221 1938 698
-697455747 27757222 33 964
-489858077 279305513 1020 -986
871376815 117969307 664 529
-546819100 -659673641 1071 94
-810171051 124412231 1217 404
253167068 -67227131 1413 -812
886702702 -185440358 510 439
-204425161 -925198184 977 615
127471993 933204950 2905 -620
762280797 904215557 1036 532
-331913753 539953712 2095 285
-191454604 -261321155 1354 308
774457403 -825574264 1269 791
-411105093 435370012 1222 -964
190967324 -250051535 1902 -881
20667543 -643139793 650 228
-522595215 906933057 1627 614
-696813802 108962365 914 -826
632591394 738519890 548 728
151214422 164588625 1169 -860
390027634 779845530 179 -145
-755200744 -128120205 212 861
591051388 128042067 860 844
-615797265 -43387645 57 -282
-743806458 -341980975 2932 -939
104955507 920996879 1278 -94
354556553 933372619 2919 -862
530550117 942475950 1828 438
-629313055 -352116732 403 538
-766705904 -965965836 850 989
-575098412 722467286 177 -328
904926088 645145141 1377 940
-955600068 38167305 16 -765
-824639036 70661974 652 941
823349318 960774193 759 -359
913231423 846916449 1215 161
-871104649 139351232 795 254
4846831 -667888412 1791 440
-957905039 -998631221 371 -139
-742092686 471156478 567 765
-227496304 565216890 2394 -506
34767541 -806853345 2385 285
-220544501 -153014773 347 -432
-477679785 -711575028 825 -915
472798182 660561389 723 457
-139106669 723905748 2200 -616
389746507 326303482 558 -53
-555870319 -807474615 1339 -791
348153659 -59092499 2910 -413
-418714769 794673413 2070 -98
236508627 -117849495 271 706
-525877039 691430152 1241 106
26333729 736652396 2634 -291
-855187328 503139199 445 -268
-243590594 -2567200 567 227
-770657347 -207134612 793 -878
-457689427 562015705 1261 753
-245032489 447411165 2729 831
235254017 -25701999 2550 610
571932217 432677630 2609 27
-132670696 -246123510 261 410
-526156444 -73470739 1404 37
177292599 -875157160 411 47
293225198 272860781 2276 -56
-146135747 -294153734 1868 -963
-27441593 177944091 1111 -688
-268438538 -133520156 1755 403
816655282 949483370 1947 -123
90644901 -532894596 974 227
-826522998 -51967194 2217 554
803552840 -889183454 382 -853
-473799717 8290865 2957 -726
59851254 595301276 2842 -538
-942605641 183813168 1632 950
-965864658 -901410456 2743 -314
62364794 -293018975 2905 -687
-269749654 757761601 1052 623
-291275793 -897977905 2822 -587
254088690 -706727622 294 454
-247241584 838602934 1728 182
921109072 -235026796 1743 -643
-927729253 799173789 538 -295
-357689637 238653325 18 -550
808247925 330610354 2227 545
-168080281 725085483 2975 -650
-384887069 479304864 197 -872
354343221 661483015 1354 336
916049375 628387290 2582 -154
-614234945 -538099525 587 169
-239251130 790203417 1670 852
580529385 783636728 1148 255
528630391 -616104881 2492 -754
295707606 755133176 741 -200
-481273544 -163961280 1297 -917
-204761987 217243107 265 -326
212115350 -511547069 430 311
690821988 737314380 1769 223
341193893 -373811114 2973 642
-946350464 885301503 1496 456
468049095 250440713 885 -443
807280666 632719039 1257 -424
-428781464 865511533 1562 670
44594406 -971737983 2101 -264
-147961171 51860754 696 434
987711071 -20418203 1342 720
237684564 -24814813 1001 -554
701547597 814706170 277 -192
38555818 849223331 2903 -497
-146239951 520111733 1507 759
-637863740 133195251 250 736
-631408681 -651932493 751 310
6128463 666172078 978 906
-694304530 926828982 2940 -881
604234104 -237417338 2229 894
-180388927 170055737 1364 -794
965230560 -592478454 2418 -858
-968394161 -219607636 2227 286
-621230949 -175170627 1784 621
109393017 -31019156 904 -893
390437890 -393314814 914 -617
600026890 -640100987 403 251
86673352 520694091 1943 584
645838698 -522276704 2427 -492
745152156 -532090604 460 -213
-528332365 148680790 1368 348
-994021561 -93106451 2220 -378
995275729 728596990 299 570
-365430933 -545856914 1012 -814
-253767339 -71830795 1693 403
643207429 -887829859 2275 189
-58466211 -383059348 2184 38
265427950 -376179012 1333 -206
-735377778 -951185532 718 -390
-375891510 -549531869 2365 663
193498863 -628124999 1414 650
-216255691 711211621 668 837
-472910454 794069405 2220 -930
-292438471 261786182 2093 993
-442352408 895017183 819 -587
-905892430 -125931329 2150 373
-665395860 912070913 749 -696
824920714 -163923733 1902 847
-696609922 350821382 2456 548
863755847 -747210070 2693 87
-716151736 791054785 556 -319
427814911 184913584 767 18
-461630451 -790179043 2299 -389
219821817 469273739 1392 -929
783736504 -741343918 1203 -453
245422434 -956888500 201 -94
661555563 109014242 344 996
112957492 859938435 1252 53
-805636564 -768794291 1280 692
246011525 -752950165 1089 -77
29057259 176556727 2021 76
-317456030 -214040384 2017 -50
-900065419 -51071062 2213 -411
11856510 859188565 577 -466
-5487874 -925691835 2299 94
968792275 -343974141 2220 -109
-570433287 979392022 1413 -307
928964711 324690270 788 666
384622231 575077480 2433 -477
589392431 446829007 2503 1
-874049649 -324745995 1810 -259
-20492871 90019366 2853 788
-710542574 966108390 1648 311
983101659 -710381948 2058 -293
-35168266 845969552 2291 -633
814265892 189446538 2170 216
40279838 -106461369 578 -602
860470398 523759306 2832 41
512729234 788298328 2496 -779
-935105395 23727657 1219 -363
239800785 -372910807 2373 -99
846577053 -641296817 2388 741
-509720243 -75412750 688 594
-188166382 355650052 2277 -605
328886415 945762740 1288 881
166520980 326233403 307 928
-798034425 -955929399 2140 121
20156825 -79965082 2703 491
299894018 56869553 853 133
-283850545 679085062 659 -898
75123110 721264808 2058 -20
-181994609 -288356574 1853 534
321571320 -222467862 739 734
80750221 953478724 1611 734
-295704830 -134836502 1996 509
-62016856 762388131 2971 210
836409124 260102343 2187 -924
-589368058 919331660 18 508
-906415928 -671464387 850 341
-506027200 846582103 1663 960
592834166 -145096332 147 164
929014475 545631626 2478 -141
-713038165 609210312 1603 593
-497507783 378812020 2822 945
361046627 -499988156 2345 -615
85739504 983004935 2919 250
-524570136 398671205 1876 -343
717015547 872588623 2826 874
180860045 695052659 2035 -898
-907884100 -660358357 1381 895
-60247480 824720438 802 -998
973821954 -997267545 833 -19
711193501 818031881 2305 253
-646077960 -569788865 664 -562
-331123193 225926181 2748 -256
263022112 395149130 2688 199
90136331 -877749430 20 -323
-757299577 -816992680 1925 776
-102615337 -927243272 2117 405
164457965 447577186 474 2
913164699 642477647 596 -376
403151278 910834371 1933 -241
35615323 917749350 1910 -171
-950869774 -400030998 588 288
830966700 677312382 247 -373
67375061 43658105 1839 -818
373090101 -188727644 797 -800
589416966 -335223406 2818 648
397501341 -552897240 892 884
-482044706 -749657205 2873 -460
8725116 572414649 1389 -167
939641101 142751604 1797 -756
-810020589 163815254 1650 652
715874367 2250080 1491 874
967364997 500036463 86 -669
111800280 -166664806 2190 -138
738514186 373487696 292 -266
-172579604 -373143765 802 -475
-190805288 -331892390 2996 -403
792167650 -928186772 2030 -129
-396053356 110604941 2004 -1000
631076428 -355218114 2590 -128
-956547527 13879762 2560 963
-927080433 -790899796 1247 892
-40394112 737425087 466 -77
-549994714 282612165 1654 738
-224849496 -436659077 2574 -601
149145489 -70064245 974 329
-11753033 -115435185 1047 539
-364580339 -230859294 154 307
488190060 178597131 1706 -610
-371182265 -307728841 2560 -428
888700423 -277670666 1252 973
542385385 -50413712 1916 -616
32733039 859882544 1478 279
-522823268 46365335 2083 -497
245165661 443506690 2507 -723
363828307 244117982 2920 -623
-824272603 765737655 654 -140
-195888573 -503242224 2822 -628
78027741 -758645455 2043 377
537118704 135431969 983 460
-771073884 -938559450 2191 496
973238463 76502554 808 918
-466287149 578104791 441 -736
683395364 257684317 321 813
-656349249 356487352 650 819
189538832 -408077301 1213 283
-170727480 -848652858 1487 125
-221868662 469348275 2513 -350
543158085 267373645 1689 -371
-225827430 236196531 1425 -911
-680260338 618859514 2094 348
747538197 236283251 2937 -41
247528230 503438569 1731 888
469525689 -377950259 1651 472
-310337487 -932088186 2659 875
932927937 613207795 2643 782
709172383 228387053 190 457
904137017 -134922193 1368 -810
-716467313 354236303 723 604
483644063 93913354 70 469
-67401055 154957705 2169 736
-37408476 -564961844 2250 -917
-536538345 991786527 1858 223
617165654 179664786 765 359
-721114365 167829401 1817 759
-945576110 -683358526 1302 110
189841998 -244756211 883 919
-378969010 -309519804 160 394
-116213462 72149440 641 -109
-940598458 -544486464 2035 -421
532811939 730484159 1363 306
-948241016 -514968697 2752 -473
335965608 -471880207 1177 373
-581521258 -367816 445 -575
-976139861 -283758482 1805 10
871108828 670609289 1894 491
-759736234 796316225 20 -519
120458261 921706989 1372 837
647335669 -605029491 2030 -710
-560968904 548879139 2898 319
-229053737 135686580 2743 -19
102621519 51182779 584 477
-111074220 -155203988 230 172
464270780 -813669639 2902 -16
187192577 -329729231 2371 173
-704872297 709478122 2780 -459
-125914081 -924879216 2134 198
275099277 -377269369 267 799
-342138628 -416246217 1034 847
-40767602 302418569 1215 -598
-902270672 53422285 797 911
-365467359 -803684742 2278 173
785785503 -511019720 1476 -751
83533400 271547682 1839 -961
-20594313 -726202156 293 414
78071548 -193081709 385 92
-750407089 -373569803 2238 -430
-265560752 889138967 154 -885
688300424 214336984 399 -306
-40639147 -676108077 1537 293
154083049 979842304 1848 320
534062567 -104741931 882 -217
263245076 941901457 617 -202
863768739 -530974155 164 206
-759642868 339650230 650 773
-372052914 -549672882 867 295
-759199011 584722891 409 305
-716357430 469973028 111 26
-670226490 -749483705 2796 -497
878280708 957453853 1810 -720
156212793 -909575301 546 326
-125512187 708589651 1318 -996
69906672 -605229068 1100 146
9620917 -146335206 162 -525
524740140 -852865933 261 309
-180596029 -29489369 1034 774
-696080556 984904361 1989 -156
-555120258 -415942018 2000 -610
621011968 -361978029 1865 153
-424561318 -651672390 2035 -255
-423260382 -455730155 2667 764
114928715 -137496361 663 -354
693329769 287331652 1239 -553
599011172 849667344 1943 458
-608239751 868797542 2418 606
424935346 509736025 1944 110
-264687008 -4443548 867 561
-466057649 466226648 2145 -810
828997537 586097951 1468 -262
96026986 -272859555 1732 997
253696215 775289369 1083 -127
330296652 -272149022 1702 -644
-553908835 -489741410 2166 255
883474425 -466270627 873 -660
617194670 -516010639 656 584
-808663797 374967381 428 -597
912650408 675667945 2129 479
22101537 -157165367 825 594
155146122 107840574 2879 -254
-98357324 953802945 342 -97
-253770841 341060593 1099 64
-839987213 -506157385 1896 -788
-936030515 557939708 1095 -142
-506925127 836260077 2130 -459
999920675 -592487020 540 246
-749033315 487889154 1484 865
-230070263 -478308398 1976 391
205452906 40364493 1765 -856
-54212867 403115205 2804 911
526198287 297253334 656 -459
355688625 539934358 2722 541
-459516882 348360192 2144 417
963269000 -723219960 2725 -642
-52893204 -753672438 2663 -924
634434758 774408814 261 -289
-667551712 -422778538 2853 683
-939060539 -339859697 2846 717
820108903 -488446306 1019 172
370299728 610313592 1620 -373
450320874 -694167646 2176 -943
-441153228 418711850 1256 708
-518869504 849667239 378 719
749338991 246895984 951 -126
364376145 895019722 567 46
754256987 -748133693 2205 284
32651858 674692706 681 440
507277088 -37930547 895 -757
-847099619 978272509 1165 -88
993263430 905582730 2223 -131
-190288189 270815677 984 -320
-288385889 540931975 521 -109
685904558 -879102141 965 161
-664493930 -876024111 2513 969
-773444271 -740894605 2932 321
704329997 -361361641 2101 -727
405625369 -688568895 867 -889
671656302 170700613 1347 -524
-433697837 579499823 1151 98
-467657912 700927559 1242 39
-63296740 578923248 1139 169
153589734 -354458874 1084 -86
-131141250 -687081191 948 572
-393429116 38640637 1260 92
37715150 -399066112 580 -4
-492715352 -77461171 578 916
-308891499 903953895 756 -60
-726249872 66040785 938 716
-485461188 434597376 1824 966
469382873 -492333597 1137 648
-925814541 -663797250 2101 324
-783580689 -610012148 1763 99
983961861 -733997473 692 -638
897400951 365558730 115 -284
245996898 60724633 430 -732
161556746 -880730753 2017 617
-766384386 -388251513 2804 539
920890911 881379617 320 -578
1584269 -674727316 67 497
208362625 350563094 1308 -112
-559821001 248056468 2303 -850
-426040941 424586389 994 538
-53432653 338053006 1484 752
450475824 102199162 2751 -296
353295583 -642484031 2916 155
-640629507 -905701008 2106 435
-144553156 503049810 1366 636
-471319347 -234117803 1799 -6
436272564 271239296 570 -751
375074800 861559523 915 227
-834499478 -263413951 2193 812
-682054492 -777426270 2437 458
-166971759 -917099681 567 776
-264758392 225981533 371 559
295423991 264960455 916 734
-631409193 -805323171 1848 724
-923177913 -774019678 819 468
839943155 220821069 2058 391
-712030905 -240015067 2285 70
-521016085 -244515817 2793 -321
-196885762 -614727253 2841 196
988743083 -883823693 1918 45
462920794 -958801791 1949 -137
680472831 -922976698 675 946
-192434709 -966333619 578 -593
768488738 854043351 2970 -111
-113965584 -205917376 2773 -67
763057515 -637889517 807 -32
-542768617 463292849 2530 172
987758292 60729663 55 -63
366016706 -184523038 2228 756
931406953 -958871917 2121 -174
416143256 333204550 1516 -707
-216711192 811983450 337 -767
269234020 -939547039 445 -391
-882629983 408494983 981 -722
886615952 -752766034 1965 283
-433891489 865154844 2363 161
158935076 -126321975 2871 325
-735860414 604303105 145 875
780577896 931248473 347 781
442802297 410513864 2134 -221
576353508 -777400069 1243 -522
-352859721 -648989600 441 878
482665454 379318693 39 -723
155492171 66664839 2799 883
140981931 918816641 510 -24
260485556 734712199 2002 234
477970470 -283964091 2402 55
-678211205 155353075 833 -210
142204939 -307328424 2498 283
422901446 -269554955 1379 -495
880577302 917746585 1886 217
-849574051 -955143628 2534 934
-606345279 889601214 85 -321
8378127 400031267 2871 4
-593620659 -795723005 2345 -599
-567115210 638895094 1352 -66
-683680182 -108853842 2586 -980
-700888656 750960130 1577 -285
-871096066 851942009 1878 -790
-392379363 -334980143 1913 -855
-226773218 928573519 2932 127
-811643807 621632667 2939 -505
815838254 -950495555 1191 420
-36460788 114546748 794 -594
-353323441 -234919540 480 239
231168194 932379050 2744 761
-655600974 541410832 709 -743
-886707771 -465846760 1563 501
-990143143 -725761998 2773 -101
485230119 724128980 1579 455
-897673353 157443938 647 176
81040115 47570803 2588 -351
472692405 758530382 2406 -430
-379971915 -763392023 2398 -419
-24990276 795934683 816 -349
944433252 871690803 1690 148
436891996 -152101567 1038 708
285087650 -334834867 2117 -58
635914167 800911235 1639 -51
-511052864 629649221 2691 -719
-76746009 -781302978 545 -625
-866894197 -402393572 767 725
-673010036 200474027 295 -602
-857636019 180481958 373 -177
712751718 719407299 293 849
936008742 -368465515 1563 -468
249626836 -171914537 795 414
-478157482 682874065 1887 -476
-368388809 9731722 1040 -125
742548621 75383046 409 466
-909671628 -98266415 201 280
592144796 -553952052 1368 -772
994442326 546553092 1465 273
288162111 -960761332 2859 638
-966132052 917443520 1964 -629
-511926072 -659498542 2008 -507
598492769 -239737536 2477 225
-33777094 755405745 2621 -397
682188860 -570712215 370 979
122886223 -102728508 1347 270
-410867324 -245561822 546 979
-447054268 -135972361 288 32
306602424 672117384 2906 -61
980205611 270550960 1943 -979
89476782 -84550967 685 853
-7464932 -587558407 555 -250
-256316488 406359519 1885 -153
-273602978 -641828717 261 -498
-84072897 938233844 878 -255
-794645521 -584045288 2277 -838
-631710314 -280844241 2811 -297
131052308 867100683 1304 365
747924547 -14668177 1446 930
-460221647 168656993 2538 -950
202862992 83156447 1038 972
-470688280 -236440990 907 628
-915361537 -611236891 2409 -679
260648625 -61664648 1810 -924
443594041 -928772563 1872 234
-509380980 -82744701 786 465
-442916475 -891327625 716 486
437705580 -239662351 2658 -120
-611476862 494581803 1118 -890
345978743 -238963481 1111 858
722540398 -631261027 1431 -237
-300014886 -335298231 789 479
-171531885 634745522 2193 -403
938128467 -158470559 328 726
-193574066 514994622 2348 850
-691534885 -167734171 867 791
-697198625 367415203 2150 -378
325495788 534879497 993 -745
134099416 416123701 880 -259
-95498641 866522093 1231 -449
-116771579 -925241167 105 -378
-510565242 -93004552 1159 37
383164616 -123698550 1750 225
543812290 580849181 2707 -294
-945462139 549029997 2972 771
602524609 -294061605 1113 579
708138435 -294981799 1627 -830
586883941 -751691332 2671 -487
24866984 -50370722 2972 -813
226872712 37687058 2098 232
325428017 792421352 1154 -568
997970011 615790049 1529 -580
63280806 -372136046 2974 -286
799794545 976473654 1566 -278
-854685961 7721959 1320 -362
-777197454 -982923675 2907 400
-670428111 979148321 771 291
-850621100 538837149 753 -140
-316670400 -889124401 2703 745
-413605912 -886806472 1271 -403
721813170 -269370652 1864 15
364485351 636579446 1900 418
186910341 610829022 103 774
-500965980 491186053 439 610
-880440817 -702407168 327 397
-604859597 -497855058 575 633
-126364091 972558908 2491 245
-487008547 -983492844 2126 60
-300565195 -301700545 2101 -637
216599453 808471349 676 737
742141914 881380497 1363 -429
-634818106 157985485 2795 700
-13999333 368847592 1198 -999
-28911995 -97624497 1040 -500
-65317304 393999325 2205 365
-461964109 -233446197 2114 637
758013011 931293195 1236 -68
-497576211 -44490760 786 -848
-86602577 691801318 1984 908
-121174985 3045175 2077 -763
-844176044 -682306913 1182 787
241243062 -894587606 2667 -721
191553524 719696254 238 183
693378034 19250679 1005 -238
872940215 -779682637 2665 974
-282975322 -634896452 2940 -31
-3666044 242423677 2353 605
385663291 -365881623 1292 874
738070834 37187327 599 -728
-332178512 198490693 1935 -217
338352449 -415753131 1212 -559
267107997 -733993367 452 -87
819322375 559416390 1555 -2
923953161 -249896786 1868 -126
607560523 478713586 1289 78
-487381984 -391521939 887 -140
-308882879 164574676 1829 -199
361409118 880311233 2560 127
-945086989 -642853279 1246 6
365618662 -947756423 1690 -776
-454309970 92298994 1994 46
391234299 920751662 883 60
284298838 -223045382 1762 67
-973674009 79526143 2798 -267
-815507376 -979973950 2807 -953
-895053389 343167219 589 -516
-237199684 707142105 765 -766
-943620590 398340670 709 -120
10588093 532503782 2741 75
232634721 -731716145 1363 214
-437115095 688389109 641 567
-801292022 402923717 2008 649
442830159 -255218754 128 739
-646044696 -890125914 479 -326
766395039 254217004 1580 758
333314997 -115724779 2803 -174
-91570320 848279877 1142 -346
172008757 994367480 1522 -221
243373863 -391631295 1465 -298
-701155837 -991629421 36 72
457068314 -80592960 582 233
593966323 990155642 1167 242
772390834 577959991 1116 -40
-388569998 -452723972 1098 -809
-346491975 -553959638 2035 -299
707170185 148670664 963 353
153573653 -761249374 1903 83
-298936270 635250099 907 663
-979880370 -814078151 66 -761
-14047129 -506085371 1779 942
-329193612 75709032 2871 457
933736065 126741264 2534 214
-267702922 652602414 2429 733
794342438 782673430 2761 246
-314567206 356286741 2532 465
-171943158 533806500 692 -234
-403131983 -773244344 2732 -749
-79737982 410334712 430 92
-824626181 251766873 115 -287
-737504597 202640308 1355 -655
101553846 1373951 456 -81
-19332380 768453061 704 -167
-754787306 -667565491 1693 925
132983321 778392302 208 629
866546077 -447959100 964 -36
-371452657 141538939 366 -134
-888012579 -272752707 1824 -89
-11510252 -505826428 1299 150
-777180117 -236058665 2856 960
-365033683 227872986 1510 475
-216521202 -785993730 1458 30
184931817 -600206471 1174 524
-870262218 62222669 1762 257
-886938369 -889026310 336 -352
310283361 911315059 1776 -753
411470500 518333059 278 -839
847142426 -130772929 2937 104
-721662642 -858717060 2106 341
-998256242 372228035 467 374
-683187618 -886092405 587 269
923787004 -872655075 2062 532
-13129375 975976765 650 480
-998438988 526281556 1393 -900
-441168529 657870126 396 -894
-665749968 566336633 2073 -573
-90535134 -772545234 1046 895
361297655 -798917451 2098 -581
75522259 126417935 833 726
181444595 863544233 2235 -28
-911542572 660090288 2574 745
903626333 300102489 794 -318
-83940974 -354904424 2603 -100
-170680406 831503430 2251 626
838456602 971874110 1946 692
-408625819 97294507 1872 -61
547790706 702187483 1304 695
381571852 406222076 295 -550
664304567 -250095055 2302 -644
683571513 91601256 2402 963
-447921939 621733490 1301 403
-763473662 -203812398 2106 947
-678595541 -605966155 2333 696
-961908294 794469327 2091 -479
-292874595 -378077307 2424 -75
118165952 -419944418 2129 -883
-583229579 -992380990 2277 238
-616086029 290380452 1565 -99
-677786806 -218897733 978 -388
607329368 -430362248 1084 -217
-153724949 581679073 416 915
-77752048 -137210212 1105 353
-983691684 -838446109 2353 -859
542458742 -399955793 73 123
-609132106 -891602211 2948 -881
868070031 550937184 2058 73
-199741987 -398101737 2954 951
-676776681 -356304607 2227 -756
242536697 -849950522 1301 131
-76630285 776874094 2958 838
910083140 976422796 322 776
-454803246 675336141 268 734
83320497 -264010108 2560 911
570816089 -806072813 2236 848
-324468486 -532340995 271 605
764190115 -474719346 1052 -507
628853847 232508759 1348 -619
-583611599 -490505603 1605 -604
-215032334 212452626 2287 -564
-775016570 829125937 2966 135
-400224964 755054240 901 69
98724931 784728355 1912 -250
-394108097 75217260 1074 815
-433255447 -685391209 2549 -59
-847749496 -176596870 934 -135
-335659844 -747241030 588 -279
-576108916 116399776 646 405
-584322547 198852559 2468 904
-822623728 -710837571 2277 -348
-660566653 -519949406 189 -633
23460404 933270146 2072 37
496910582 -107843977 2763 -425
-746994705 -265300822 2520 -380
79597971 -46121937 1989 -981
-726622582 -838493027 2197 -817
116528168 -906161880 1870 -988
415235821 639964878 647 -893
619925728 -947252768 2235 -349
-625819533 -554799128 2542 -285
-825183371 312639714 756 587
-654692524 730804836 702 -843
-693647910 -1492089 1237 467
-984936246 -628601991 853 -995
-352913201 -741978535 2984 -263
729839893 208734514 661 -204
-380842204 -606460221 2217 -435
-692904559 770269818 473 908
-273274445 -254975525 2411 883
-585512197 -292346078 16 771
-552811210 418506909 1203 -347
396552754 -766408940 2173 473
-907943494 384882281 2596 502
866823933 411023011 484 577
-816557186 697424535 2365 -701
-105954276 597725774 1071 -27
128880541 -333492197 664 464
701225185 -21564314 316 -822
552762379 -283986035 1603 666
-521215080 -957311264 2767 -53
-849337911 93923071 2954 1000
-687560797 147385069 2058 477
-121932274 -768822261 2929 905
-785482982 -594611037 20 -885
-49673810 904501200 953 312
494020142 -427870767 195 -328
801433656 -422803746 1998 366
-325459377 307256735 2900 -139
82715085 122119644 2732 -586
709702683 704222084 1750 -171
-262643980 356473616 1739 192
664742094 -716439462 2701 726
996142859 -454442784 905 -762
-448132758 -258243883 995 -154
-690717228 487486570 2473 644
958796904 117736275 575 803
6991939 -68079875 2007 906
-854606775 -66669755 82 78
-210317563 -504483352 2701 -424
-182809942 6641662 2946 -788
-218510251 -151881569 1411 546
-100403697 238833468 189 59
627990347 -889386901 2991 96
-208454325 951764327 64 -932
-864760268 -641924497 1515 -663
-820446884 -220200153 2118 -903
-346037028 753141292 2988 602
960631571 -479797281 1436 533
-779732756 -641940404 699 155
556950108 -319668602 1203 423
-842128515 -227913169 2765 826
160564473 662170089 1740 155
-591810312 -74488545 1769 -635
540221884 -56218123 1545 323
-47500319 -127663826 2480 618
184499132 -175591152 1933 170
546099653 -566643529 2503 73
-434172979 510920966 996 604
825271319 -826779939 2772 969
-875269313 106021947 2808 -903
8334973 -783847603 1825 851
-123027460 -77194881 2232 -69
307157089 -775899241 1604 241
136145344 -698242191 2465 997
-525188417 302860299 1101 -378
-816361904 -882719170 2066 -590
-766393078 -875588411 2505 -37
338232083 -165750755 2486 -620
-82250278 -287349965 1468 -320
-555632236 -931089497 2276 283
-650767828 -848010811 2183 -948
893041584 -982685345 681 530
151414295 526034122 746 -359
-313846061 -575963608 2286 -409
710545689 -740674122 1943 -795
582879613 298814300 1230 881
50719308 286164809 1814 -407
841008285 985405461 147 470
699201632 763300788 2149 -510
-945565066 312251773 396 173
-862882459 -545962144 1513 -414
-233858429 906548513 426 -502
675902327 -90059962 1431 352
938154416 526505674 160 785
349710697 -963475816 376 -982
-833119915 568356728 2951 -399
864084660 -297850558 510 239
875344865 -891532952 1610 -757
-70792163 -598316297 1878 128
-513007678 -548648806 932 359
-765878800 -134620752 2899 -521
526732355 -322084357 1188 -940
426482055 442810621 531 638
894597559 -397244000 547 154
-974945748 703409435 2346 -462
-708834022 -818283522 2229 -570
661374286 315204424 1104 -207
350822958 557062626 1424 -245
756534089 -935062724 720 -718
274057345 -464082527 2380 -556
910220019 923521621 1280 692
-732419143 -172038296 13 -504
847287633 320299137 2227 -9
-873788363 988161251 1071 -269
751306046 864477375 2975 801
-210898778 -901815759 1888 713
-672386114 -10924520 1104 -1
17030323 -160120224 1347 143
-920905736 -261887346 2098 594
-716799181 474494994 1333 -454
430680275 -466529473 2829 -438
-871949704 -751814000 1218 -705
-305755160 951888637 1377 649
-110440739 516871680 1866 322
678130310 -580981680 1146 950
-34371902 -954842057 2642 -339
754299375 936999762 1123 -57
-280294849 -958778409 1788 -870
-970461998 872769322 2098 -229
-755538651 381522290 769 651
495333454 -854776735 1783 -674
-689039711 -854137662 39 -161
191117511 753703114 2914 -792
-896300671 -536240427 2238 792
-777399624 -714520777 2346 513
-965912686 -696497182 1240 -226
770283359 -613249896 2463 342
148156470 -312448746 1784 -911
-298843211 237225249 1844 -762
-484566590 -843589675 2581 -144
-682069887 -184324904 2081 -657
606336616 873914012 659 256
-593710777 -485047146 2937 103
-49454346 -536181784 2358 -466
127362225 26491848 217 -972
41360030 -751560925 1036 -649
714680357 828481191 2570 -750
532581964 314659478 2511 -168
-518836397 -793644518 1514 937
-868521749 221890455 2165 -674
-384597499 248779778 1376 -991
989688286 614030016 601 -866
-275499471 -835827964 890 88
167258025 -461861405 558 -314
198501906 -729383604 1734 587
-926033047 -767503469 48 -842
-181111965 745440114 956 -655
-377097013 -59070449 2701 398
585701663 -293906523 1943 -260
-558950770 342975585 271 -978
-383639780 -127087146 1910 18
-954186551 -9672213 2821 148
-621842178 942723208 2302 742
-533547794 -224872795 1515 -94
-636982457 779439320 2144 90
-62442424 216237105 1468 17
33662712 362647084 1622 -873
-461083896 724611463 2796 582
-876525849 721408033 2405 368
60073695 -219552176 2017 216
128822815 -393626435 1731 191
-606759065 782581413 650 83
230107454 444612317 1824 -993
-226241796 259113527 1377 -8
-667091938 -26466848 2433 -463
75426110 68513022 1229 -421
-454076019 846869948 2177 594
-357750309 989459534 1537 660
-32045393 -317558100 2185 776
130095129 725270419 2070 -629
-884933290 872620373 2750 694
732015747 -684535217 2183 -126
647350681 -725829698 1778 -874
818445232 -33523533 676 935
912658722 -483054477 1432 -796
83132397 386177891 2425 929
-888911231 -838787352 1231 826
-702408572 -49669768 2027 203
-568397754 901937762 2512 64
-277497578 -234243224 2575 13
982476103 348403987 1524 -392
7322954 556063306 1664 828
592996544 118076108 1254 710
155288883 -247134798 1969 -254
-636342095 -218663190 658 990
-150348015 261759473 385 -555
-346870363 304025625 325 -65
-311457497 -303483803 1566 -646
644382671 80312946 640 -233
313587651 40867069 1247 -796
-739412727 190560376 2799 -726
-413047889 868057202 278 209
11973914 -916041933 611 -82
-107007537 -591568323 1706 46
-699980422 833633038 190 161
547177572 62978 2432 -601
-813136718 -92937217 2936 865
-334758537 -760633379 1711 767
-364757015 -775860659 1812 -669
-842963085 -835306431 285 -332
512489576 948346503 2402 -242
-70720901 -811003947 1795 -980
538378723 435934049 96 851
-833917488 637465196 1047 -730
-72214346 -669915753 2906 18
-117792775 -652282510 1711 900
574845347 388868968 2572 -165
315401637 -991977932 867 770
367987993 -120409447 617 -436
-795900380 336398956 810 -253
346802342 -639596041 2921 -378
-820055203 -295204009 831 287
261045861 479733889 1490 -197
-715989741 155394714 1109 712
361009677 534073692 1900 -382
760150273 808493675 128 961
-801694880 501174651 600 548
-475504657 -749792982 793 -935
-67175216 -809140246 373 -832
-586026077 -629716630 1163 -375
248760902 415501420 942 -321
123250147 -76876341 385 -938
-15533594 -235321835 2049 354
161001027 713567865 1555 -956
-666981329 637939671 445 329
-432389824 -461085868 1471 -804
452720055 276467654 833 -530
-959586684 -961040095 2106 -233
-913629932 -582738233 377 316
-964105225 557482090 137 424
338459296 -926297997 1513 478
185402351 13975449 1834 480
89492768 -519333895 2819 -984
385679579 -627493812 2809 -530
-987371944 103715742 1301 -175
-993192389 -800369258 547 111
722487290 -754417560 1387 433
913578120 24435121 745 615
-65359321 -420251154 479 -943
-572113432 -372364373 2451 -296
873594874 -791140841 2117 -555
-311754358 796556163 1609 -804
413745238 -9751989 158 -634
231696799 359391904 1383 -629
-570698899 116016302 2203 673
182298773 -720602777 2114 -583
602835591 840790470 1362 -564
634224848 47955038 2117 -363
-459355762 268987390 2095 937
-598462539 595225334 2402 -937
-402152066 -682202006 928 371
803315737 89771045 1802 -879
-565470295 -843098624 2607 358
864908231 317328706 2666 -87
-587032662 379152769 2209 -12
730583622 738679689 2394 931
466875513 -106033853 2650 504
-911788383 112128657 1027 811
-547794291 89250156 1269 -696
605659322 -957148151 2152 63
-553237534 582756362 433 -16
124605950 -773155207 2382 393
604406798 975062846 1278 -920
-270832493 -546959362 1533 548
104023524 641734298 1203 -471
411440503 -993044775 8 873
227125606 725139961 2833 402
223365136 391373156 281 625
-275045528 -330532014 2984 398
657492423 929357703 2588 -912
33890474 450765880 872 921
-469710607 -252325077 2769 -748
-112374153 -213811569 1111 -387
347271716 -35567013 1485 26
666970751 27208084 2623 -979
695648818 718291292 1118 -627
-588243345 -945532881 1296 17
-636080783 -415368578 815 992
-416742451 622052298 2011 380
-4892664 138285778 1165 796
848235307 270415953 2316 19
822992395 -812159569 2725 -71
90617515 -851642836 790 603
393971104 73567330 483 823
342646312 -337556795 1034 171
-939696753 -571909090 1005 -446
99669487 -667881706 640 808
562946919 739761712 2860 -110
13290075 -333286682 1755 540
-247706761 653388201 1411 -113
296684844 -858005541 583 -872
-679180712 -889728273 486 407
-372873375 368142955 1042 -163
-385627020 -33864622 1126 809
446064473 -17620012 2027 -951
953748645 212052479 2752 987
-149511984 -597420647 434 667
81593838 558379607 1875 -543
227992550 -284664468 2046 997
145387866 -735586346 353 -993
86120027 852167223 2987 -848
915416521 -836750094 1392 -12
466105336 633629488 2087 983
-686959332 841476311 1757 -666
619251175 -437361916 1111 -455
-83971062 -582134749 1873 -195
293420022 844580207 2592 -824
-935670973 -495392927 2359 -413
86615841 -543296342 2019 291
-414342547 -35809564 2292 764
-124592893 -826626426 1109 990
302811112 -273818181 1048 218
648284873 -623411315 1389 404
436368828 -794161293 1601 -312
649451106 643087154 1016 -184
-323351623 831581511 278 -867
48757712 691573875 349 -346
-722348514 319537667 2526 107
760837264 -327081320 18 -700
212511021 599189396 956 94
16852581 -496165931 48 909
-608099047 -360086566 1035 -847
-470796662 -26668920 1676 107
643531171 -354713787 2077 -597
-729662090 826602908 615 -550
-544680659 80429487 1157 -671
-501901617 647193921 2286 192
870226403 -43888478 2809 -718
-406021053 -108913857 2520 -400
569432558 -876948843 2637 956
501404318 -138480262 1432 209
33747318 864476720 2451 384
-502185582 113378882 1244 -665
-319874381 172878284 1631 592
226526209 -115960809 1693 329
-276630649 146963124 1240 259
472966479 668231342 294 -447
-364392652 -447479042 48 -915
659807752 37280284 660 261
-304498496 967011234 847 362
253242704 -105756413 70 -38
-250663393 635764414 794 -807
-373190010 163464648 1016 930
322779017 859930698 1941 -34
-818350242 -186163051 2187 628
380635550 983096948 508 143
-664955658 634454361 2321 -80
516964197 324874655 433 -731
388894339 -748006445 743 120
-793328289 615107023 2788 252
-140223411 640616128 2566 317
-781858010 645016566 953 -524
-291394600 -374337131 5 510
457152635 -346803136 533 -363
-265034207 921559092 254 -84
-258832872 759522787 2592 -429
-13023996 316978931 2552 518
896591707 -248115315 2104 2
686231677 767459251 1387 811
163272826 -986434847 139 712
371109502 953069169 1203 -5
-80726415 981074337 2346 903
-395601418 466202117 2465 912
824412202 222661686 1650 335
-294592259 -839689942 2292 -329
-792605842 214168978 1871 -407
717956458 700129260 1456 -205
384276440 165719459 2149 299
824296686 344918166 860 -664
103325075 256090833 494 171
-709067910 578750196 1846 -499
-694195321 -489525287 1196 -797
-455513314 307811293 1449 994
786088279 639484684 2529 859
826696695 -148641248 2576 -339
798244919 230058216 815 708
174243501 -405010202 956 276
-814204044 -619723449 299 329
403508881 110997774 2644 439
145862946 517841557 396 -446
303653030 -274804104 1131 -330
807890704 190968676 114 472
510412921 202984458 913 496
507445251 -715503581 640 839
-823491415 663629595 1619 168
-75439690 -525331060 162 76
95203057 -567702830 666 -115
-20415585 -51650869 2452 -19
286998685 409720549 956 -64
-616104955 -502882719 195 437
-929887169 562653840 2095 751
-857750463 483775011 756 465
-364651125 967912585 767 74
365957426 111017080 825 -279
-481301794 -2465545 836 947
-582693629 -713287856 141 539
-108956326 135618917 2411 -737
-67928730 222160782 261 277
-105907433 10656575 96 138
953103137 845978413 2031 662
-812148695 657718577 1407 722
-976065378 -984635428 1656 -274
898748966 -634739358 1774 806
291043213 -243511130 2176 -456
17967160 -683089259 2497 -297
62820490 130245724 1664 963
669146698 -777092478 2168 242
587656615 -844743550 1620 -176
785648453 639841014 1812 666
497262254 -191916044 2973 -833
127043378 -916501762 1666 -382
568174655 38816561 663 -633
-297276991 -862134307 2111 961
194756415 -858559689 1567 557
447324862 -965223297 43 -293
570577020 452912832 1930 143
656599273 763687151 1902 50
651131641 829698846 688 -388
-128551815 -899623822 2342 -140
394162205 -644732512 2226 81
556922149 -818223264 2150 -402
883105119 918130088 2117 514
844934824 -948422556 2956 680
-365942536 -329692319 2652 624
354525603 210340343 2451 793
363746098 -66981748 2347 660
-219255986 876028760 2274 712
-166514784 747113991 2008 641
555964130 741185852 2193 117
-11331088 -173184419 1331 543
840695172 201808605 1407 661
-770912173 -782221872 944 -480
-854591639 724355268 2825 -303
-695596112 141523672 2150 -504
-921240132 923919527 1402 -361
-961744809 658282883 784 -705
-300981290 -431786889 2363 -585
-269866099 802687671 2898 -897
-970388861 -495422695 2932 -224
234984476 181066673 2183 970
999799726 -278033725 2320 -240
-24721683 -737688450 541 78
941881461 -802020466 114 412
-229814510 886185928 938 -902
-385395951 491676657 633 14
-59721905 -692864938 1998 961
365326355 340494293 2306 455
324778541 -124131743 1407 -857
-192012555 -684915736 2718 917
-639491628 700411638 2190 -88
-320967698 413494384 2575 140
460474580 -153335295 2744 751
160172482 -337699458 1019 -716
-454094749 467701726 2819 670
262119623 -811371446 2412 609
418712511 496714597 38 -821
88763092 -479935255 1788 942
-441173671 565733073 349 -817
-741371652 802450761 2049 -556
-577226807 174172753 925 864
197008432 528994348 2094 616
-603534129 529433454 1751 25
-333811067 -909282467 2575 -299
77783817 -142127860 1762 -237
860662827 -124705361 1613 815
597460803 -72606904 607 -596
502505996 -924674558 943 805
143951082 76567702 1716 -255
943481511 581484661 1378 5
577687471 -587987555 1656 -381
930109955 -484758006 631 581
-596186277 826273377 1786 -7
-5145821 -4300194 703 -471
-787791733 -625109436 1278 -503
211978957 974661194 148 -982
-152175995 -77830316 2801 326
-166018595 -169568411 2452 70
621935690 -757920076 207 -913
-739266601 740091109 1428 167
325469384 132437933 2187 -163
644125338 -691925636 286 -630
878717171 478052373 784 -981
-286324868 -283706217 2517 -265
-664717243 888979049 61 364
-292468799 -117250141 2608 -198
548921329 135391692 1603 398
310031313 -656344053 467 -745
-210053876 -201314130 1804 899
-563470174 -247284044 2807 438
448828106 277725790 1111 -862
693592055 763239372 1424 -245
510675608 625410161 1910 -182
-603703674 -23419560 1148 651
964222558 885287095 2755 -623
439319401 371974679 39 19
180276750 -752082081 498 -870
-836905304 136110242 1446 -868
-383070448 -830596522 2184 -77
682282903 790551876 1660 0
84217192 48683878 1732 634
129622430 545321638 1305 26
304298416 -854613322 2938 595
-126832750 -972097361 2431 -349
-349943172 -129829462 884 802
-465973997 -455619110 768 932
784339318 -372900925 2233 813
-621336046 -386126058 902 551
700562856 -832833511 2462 250
86039611 120962436 366 55
732850185 -491585540 265 -338
-496531859 798477458 1544 228
-482614364 -900970959 2117 6
960183188 819750231 2117 -905
-96842968 110529710 905 -6
704074818 -943931758 2714 -280
-821689641 471070266 1767 10
-163419320 846053494 847 269
-162825176 214631746 2302 935
-725229403 -161340090 407 110
-263500297 841883114 362 404
-822502408 439849520 1795 539
-391941308 462493007 2978 253
65493825 922396023 983 -349
-612988616 578383990 925 440
561099413 761464214 126 690
-805086654 295910257 2552 -672
810724344 -331039131 231 -835
571925242 -930840925 2984 -487
419203257 198013601 396 -357
-305679586 438238829 2954 -929
-555993701 -64978894 7 595
178673365 297872380 2067 203
254374169 90216495 926 -957
-652630872 403847426 431 818
293963235 -134654706 2737 475
306797242 304763573 1194 -999
-293614471 -894800510 37 60
-764356519 -137593823 409 -674
251189636 -611057051 2981 397
593755488 -126170957 1269 -321
-559611339 537421504 1361 -642
187860701 658104854 1186 -17
291721625 527097471 439 -134
85783215 -770314048 2345 310
-168281365 -242570027 1871 -685
-810274858 204604612 261 -40
-65759034 -337637675 1008 -18
-339589539 -493601709 905 -126
-631246355 -162198474 2787 199
-194116795 89233456 0 -903
370712502 -551372057 1407 319
-242993569 256056999 361 317
-322094338 624002537 2183 220
-315775060 123734064 2929 790
583204899 -591797359 718 901
134396102 -745691197 873 -715
386307710 -96927597 602 -844
-362211347 934046746 1552 -974
334717270 238046301 2309 912
-543498996 508584762 1404 557
758962464 658829946 2663 237
1602443 -961646663 2756 -520
882987351 -644466994 654 -948
79005182 273928260 2367 -92
61260527 567219864 1132 165
50934209 183346127 1419 -628
780873564 -420637497 2566 331
936095744 160244326 2906 -172
126634165 -873843066 2303 -905
346731463 76872657 2979 737
-728669182 55083050 1209 12
-708053818 292992903 2134 -174
-829230523 86046523 2991 -575
902445682 258614064 1792 -732
788980583 -268138187 2693 273
463711044 -654907904 1998 -267
-627552087 -299022496 56 -945
-924538029 56633751 674 362
695309247 -388891833 2429 102
-506997489 640446832 433 443
202174652 469823473 1467 633
531794625 27968777 2229 703
-557662253 -930519826 1722 359
-741563276 -897871358 58 887
-530576820 -60041937 2942 -6
-147838533 -695773319 987 686
-245040527 399575801 844 914
819581810 602904948 1527 -1
848582346 228533826 2303 -560
369996670 884485735 70 389
-9643720 -584609317 35 -15
641022829 -984293567 784 306
75198528 -716609915 497 35
-376684186 661195306 2973 -541
402648034 -354876906 2634 -596
593435221 -5279364 2835 880
-157556536 -817552797 239 -729
777009480 -336260048 647 964
835633758 -834311346 1321 763
-5170595 189714923 953 191
881711135 42013817 1941 395
232010405 675860175 2773 -549
841218657 535547204 1217 -769
335880479 836911250 1077 -507
-346542411 954374567 229 399
-651024596 641167128 744 -191
-486232509 -893638239 2889 150
-328903967 -946087921 711 -289
528034186 -543321680 594 -318
-13416827 62770697 2222 -204
437568190 367293288 2187 -998
-217691046 870053108 359 -315
-349719171 924905506 2570 70
612322918 48893854 1744 -972
-303176628 231950261 67 462
463543592 616796954 638 -538
-61710840 976666902 1467 680
-740549316 530714597 1545 -391
-222376654 -435762180 2959 291
-665318024 178672012 1046 -249
900720444 80148256 1415 583
-742064372 -637724026 2264 106
707485075 16534769 2253 625
709786701 803182061 949 -898
-686885731 760028640 171 444
-760414664 -883770208 59 421
657251246 -954464277 1878 979
533594821 459629905 2643 293
77216264 377793696 1851 -218
-527487042 799047850 2937 189
116413134 947478955 2187 -526
505502709 603952950 2447 -795
35176739 679797566 1989 -2
-914823674 -377531790 786 246
780851550 -309588288 216 -573
-514621848 -689620851 1522 50
650079212 -133021432 2601 -493
69160032 801682161 985 639
131524645 848830445 567 -96
-268069973 901683551 2634 173
-99668128 474898919 2463 122
-589977596 -662058169 2353 -256
-831305798 899848904 2506 -684
-353902208 736508547 1565 -977
563157510 -456468053 160 757
-864207299 478930399 675 432
-723819647 280098694 1219 -289
-526345232 -516122496 2970 47
-685911346 332573253 675 -763
673065346 86999063 1498 414
-984592350 -917998062 840 -22
-255704544 457986981 1733 708
-213286140 701815166 1496 884
353120332 313801944 2101 -693
-946924661 458890293 883 -310
460901867 63833721 1709 -798
829556696 910800491 1780 -964
737991961 804141727 2358 -280
421938452 -562827874 1090 245
12129723 27422725 2195 615
-623362093 -548227883 2407 -124
-773892571 -534516882 1942 559
-620449515 -264261667 1234 -105
-72105569 986179906 2641 991
269210766 891236170 342 314
-109305229 -971653872 1301 -721
913615276 -739589893 1218 764
484225305 -506325240 2641 -147
-727511933 -542784174 2347 -379
81326301 58325844 1383 80
384113376 -565549117 1231 -230
13506421 -284106499 2220 -179
-974347514 -827935741 1724 -993
813230718 -959707667 83 985
607480451 302133985 617 944
122425659 -555886698 2786 -904
-884943300 860940840 2466 264
-117985197 821442009 2280 -400
275170492 -560603134 195 506
997950974 -832857616 1734 -591
-540604774 144360480 2106 -862
-395917472 -255847255 2816 121
-19225827 787824478 1090 680
-194174609 817430621 1449 729
-981963834 -795811976 2390 -369
-376735356 432594293 826 958
-690079518 -541999121 17 -650
-295866758 -133258409 1011 -162
129888632 227423807 2216 270
125080454 344255193 1011 -804
794998948 63396517 1296 782
112955180 -962649119 1793 -968
-70888138 967716927 72 -88
645611204 -291882807 769 839
-277220353 742143332 2834 -95
-633776229 -370193836 235 141
606146794 -437204033 2639 -619
68790759 596945773 2240 -31
-299589452 -122893921 1372 319
640680044 399622349 2659 180
339993551 884054117 1191 512
-365746715 26856528 1605 288
789134603 987525360 341 -69
-525070587 664160323 1076 193
482784786 -455364279 641 -927
498919173 281876861 2305 -26
364920833 762382550 1548 865
680923294 118199643 2592 -365
-263777505 -883950813 2150 239
871274473 701492657 872 -901
760791305 338832654 562 982
-110607564 977401589 2772 -124
630052963 -562604303 1651 61
84019938 571819943 85 -584
553609935 93037097 682 -124
-839180973 -585118534 1922 131
521877405 631747440 945 -847
-547945331 -805443568 634 748
-979609294 36635943 1922 -744
-926374816 -570608440 1250 -262
-103442420 545141499 2187 872
408809889 804495114 2109 -32
-343859984 -926863151 2560 -730
866405116 -698027257 1151 -679
330073977 193050882 498 -86
-368008264 -109385707 2634 85
897895004 -132385677 1876 677
672695551 -572739331 2111 37
-732378356 81291398 909 -327
491537765 -401539803 2753 -497
520564827 596813585 1631 78
-558161686 500047666 1994 -48
-961921219 905600383 387 -57
766829067 320416181 1642 -157
-135453016 864273241 1446 -759
-552690617 521493856 48 924
273313533 -949870206 2132 199
87303637 477190567 261 -924
339326569 -814110206 2845 1000
979158624 281722742 2704 -796
77026206 496170173 2800 605
817637637 -757559543 2390 -585
840368338 -74935948 1604 562
476976938 290396392 377 90
-56087093 -809169459 1230 135
233493008 62046542 2685 568
-264507925 13452477 1620 -921
716103474 642830321 2702 -64
-627360802 477507295 1522 978
65622907 400640592 1112 -397
-983498240 -462996966 1095 307
-175958182 663671906 2929 849
993445452 -89086606 2277 -725
-258040367 751917137 1839 347
-786101100 -155233455 649 -892
-17443792 737893163 2789 -343
-690506629 739387446 193 221
602845960 -280210441 284 -638
375809964 -965459434 2149 964
925245323 -610692836 2441 -225
-577951564 -106828648 2905 612
858819130 -455025424 995 -313
-66823671 -894765400 2040 485
-699036441 801269704 1849 359
724526489 200807906 1562 -536
-628550568 -259525910 1708 -263
-387613140 -605620261 2237 624
903256294 357244343 1128 -141
-534005357 595430023 1942 196
592953035 -240107112 1906 189
871471430 -793854586 2331 -287
-522171105 11231146 1853 517
620436170 -689714922 1957 176
-155236907 808489110 8 708
476782569 -383304183 2622 490
565311332 229754073 837 -985
11421310 -165962769 2083 -412
-197881906 -325044140 1871 320
392323884 639845136 1673 760
873957826 -219019917 88 688
429601616 493952905 2590 54
-279095214 -750643724 952 83
629870424 -661873026 1069 975
693466231 -357514285 948 568
954678262 372224174 561 451
71131083 612363079 2924 22
-48205372 609925668 1567 -539
712981011 -418382559 1159 512
830588875 -293321536 2439 993
535422439 398596231 396 -376
978578067 -892173237 247 774
-420290446 -866550499 399 -645
56811231 138806617 1886 -700
756653502 -285346506 804 552
-197758312 978946519 474 781
949746906 953755875 2763 639
48377900 229258127 2637 -465
751972462 -266622615 2499 397
895766402 -523161069 1158 -751
339127992 420089537 1423 -369
953261661 -489630773 2554 -866
235879142 -944498309 1159 -156
579116646 200635794 2602 -207
-524358315 426502760 2126 -208
-444556936 901511346 765 -632
-148096882 793049163 85 -595
684706034 -927558368 2213 544
160485638 -821853496 1652 -439
-119105379 -424216726 2970 439
-460699403 -640401188 1034 -364
-210405077 -409281841 2407 498
627922657 -208701198 1530 -252
92806589 708522373 830 982
80386957 699425506 1446 454
577342217 -963260104 1314 589
740226828 43694642 2718 215
-135763291 -101144866 2932 -737
103537001 90370194 1254 -845
-2427113 -33087142 1012 132
59060147 -726977952 1015 396
-360837181 -368670936 1853 -135
958203397 -722099766 2501 -797
482356904 776366670 2101 39
539207405 -5115461 373 -836
944439570 -583966280 1651 46
439969142 238659350 1269 -574
932637238 -978412627 2255 -97
-206428793 10111888 2093 -935
730119869 521974457 1912 798
-925351956 -457537571 1860 388
319613760 542057717 2251 887
-284321386 756656791 1355 810
965907155 -123770437 982 -949
547727757 770549769 2560 497
-94227807 -568328922 1878 655
-836084644 319649700 675 -539
467345980 371476774 1074 861
-922664327 191061310 81 -224
204792361 -396913826 1445 4
-656645029 833028426 1020 -589
949479390 -546679744 2062 -738
863831916 444772467 2674 474
785768499 854017122 2074 513
-894060757 946534473 2756 732
94655203 952622645 2827 287
-468291983 -365145200 1546 -483
495257093 -610249624 1907 -970
627053413 -397864306 2035 -792
-915396863 -959552077 2847 -128
-416780300 55692228 66 -548
518255571 -740285367 325 57
-510705598 -430844332 614 -25
141762274 719504703 1488 -463
-527680865 -849495774 2227 -460
-338803279 767354866 833 -355
998298420 795279115 1619 475
-575906686 4225320 1566 -485
532589815 575164229 976 681
-587602289 959493687 154 -594
-96653141 855642972 1902 -878
862215026 -494527329 2011 -942
-370596900 909397214 607 -301
852463090 79371979 640 -471
939882510 -451187951 332 625
-841565819 -497422741 2765 -290
-241792562 353160645 1024 -83
-286166007 -821012438 1465 -459
17945899 -97560291 1279 -511
-121071431 -481273668 1651 214
-605512281 -470055032 948 842
-632336760 -31009806 1896 -870
830140101 -859093366 1356 -791
524300597 -221641255 638 -208
-288783881 -621125019 735 647
-352086563 -387319631 347 -26
289971343 114700196 1467 701
62876740 951522963 700 893
228607207 -697997489 176 835
758604016 -687142 2717 -192
-516157709 -303847707 2841 595
-617285565 -419201799 2629 658
-257682117 822171819 1377 -628
418230653 -226104558 1571 884
-528072881 403321609 2094 -247
-544211940 590988575 451 -393
-273319298 -533081979 1245 -79
-200705469 -626871736 115 -579
-283378209 20196074 1376 268
-363234279 -511349102 2324 -762
-894871974 323835600 698 -719
-843866004 -288587450 1524 -164
-579048741 642033538 1908 929
-182567782 -745330719 343 -54
598272970 98149437 943 -66
629378448 409640341 887 375
-168478609 -371321422 1998 925
13745815 -998518589 784 692
-920552227 -58480952 2339 -33
-858642314 -30265868 787 155
-237551978 64471189 1974 -913
-407801761 370181990 1885 999
71685949 -927457811 2386 466
239682904 248889252 2071 -972
844007293 -492991309 649 -687
-188762183 531299787 2552 -191
352242722 -997002905 758 -39
-213598832 969552734 2910 427
380977322 167033777 2887 999
595901793 663860705 492 -642
61978259 -13230855 15 47
-957224161 177480530 640 636
-615273276 888770434 2197 35
799645860 -483674579 953 914
439652121 -234766991 2205 619
752301525 703859472 1910 -981
791831918 -155051578 1304 -531
-337706744 178689062 2967 -485
796807006 -153466323 2351 -631
287435437 123864991 647 375
-688048226 -784912300 2954 -635
408821211 712114448 2429 973
771991134 -899727440 2498 794
432287250 922270095 2899 130
-200739349 -318446593 1588 539
-172105405 686311308 1704 -729
-984517523 683937830 428 638
328951944 572650308 2579 576
579069513 -390185255 2638 999
-251524208 -188880013 1527 -801
30909584 952239194 463 417
755787505 913478419 2707 -816
983477197 -139044539 2641 -58
-820613113 492333071 2756 87
530071377 -257040007 650 24
668515849 36272739 1376 412
-645237176 -387248092 2597 580
756445196 513944610 1896 791
2329806 -794978145 647 -214
105342062 69605194 2472 857
904209039 -633610479 1903 98
-573042633 -973607874 2932 925
190250198 -826853246 1279 854
-972222593 -908484419 1366 -953
-249398798 436413491 2529 686
144392883 747648358 1082 -838
-195093934 -78340308 654 -406
114213947 -497328875 2117 941
622894254 -427004787 2785 -527
58495974 483688616 2721 -211
-117010016 -486048875 1212 -749
-970210343 403585251 1912 -878
-65738677 -966972010 714 -181
-754189273 -765958372 948 -130
731992713 53822170 801 -987
850489772 244075048 901 158
970736676 62308726 1795 -171
627785668 441578414 1873 154
684853143 951534214 2584 877
543627638 -57622556 2984 -715
-896698966 684458126 2389 -176
-875509073 28610895 1595 373
-841803087 -900234929 1239 -307
-571270155 89527822 1877 -817
307617621 17234111 1810 -12
389612788 137018985 1287 -877
255730064 -550281362 1458 884
801684867 411785977 1450 -650
-342832383 -859065452 1100 -718
356033661 829481319 1773 -379
-144605885 497324445 2451 -600
-56909554 -536591840 830 222
-658337924 -942880063 2070 630
-758245429 -850942830 1749 927
611870532 164975955 682 399
-288215603 80843962 2080 -175
-511011872 536813166 1045 733
419611904 -262851158 1900 989
-23212453 553508537 486 -636
203635810 -380727768 2534 -615
321437689 -396076061 909 -123
113908487 747183914 1377 995
904419039 12557018 2961 -973
-559221767 406626042 1549 -361
822851447 31130461 2209 -842
-694831125 526909326 2690 813
-468440929 101905679 1922 586
556569961 -838598024 1167 -695
976539472 -666763898 2513 -136
659613850 -328850662 1427 632
460790279 -35413510 72 -854
-960100514 -767257846 602 -982
67681647 -206464403 374 -272
-475550092 845385492 1717 156
-104127324 790273923 2645 824
857511090 -284888311 2055 -227
-175605937 646909130 1915 -432
-464025320 129508972 2117 -755
-763298351 47022105 2510 998
13778129 100776928 2229 -85
250741759 -421390818 1289 -121
-25870545 -742699760 617 -151
717582491 632039597 1034 885
618999466 -51020525 239 -265
674929227 -538169138 212 644
-909220249 443856867 1061 497
-317359144 555911977 1971 -861
-532697538 951341461 1031 -539
579683798 657703478 55 151
302356896 -322914162 1952 13
-98859789 -378402157 2763 -721
-273197588 909821062 1724 -854
-595508519 922439309 1851 -97
-964182898 -104028190 72 -220
-329216127 358928262 1396 -895
-353937873 959449941 900 127
-606267216 932027300 668 44
245588248 -386500101 1044 238
-664614784 -873071184 1744 -705
798656296 505743602 659 61
-647734733 814745199 688 550
-244249177 823690064 161 -665
-767836645 681998601 2609 960
177260229 855183425 2063 766
854445111 -457741922 1960 633
223546539 172358004 2651 -548
-596929153 -419515146 2616 -935
274677636 -997567437 1151 899
187643567 600576113 362 -377
-366814884 -35890587 188 -550
-238285953 941682185 1973 -846
248390561 -939978804 228 14
-531745444 645604508 2729 -589
9042170 -75655444 1860 -794
708892804 -511675646 1881 970
-683057640 -615844584 2677 452
-650100120 -933345167 1037 611
676712403 928779389 1456 238
-412302433 669610416 2672 -468
891081076 577614724 1260 -415
649078801 -357855604 672 -527
347714472 492301895 1290 -775
-658462679 -392894100 1885 -675
-895466898 -569960442 1885 -630
-718301683 27889821 2289 -392
132224181 -222541534 2134 -30
-907727731 -62017876 2716 -585
772673137 551531908 2560 -466
41546829 911573007 1046 -937
564561161 -313558650 2498 -978
-811133862 210456384 1994 519
81496273 167598002 1648 -503
-513519496 -460152146 386 -109
779149795 -949802248 1270 -731
650640369 811652908 1773 -400
119774346 -535825218 2411 403
-131749911 -250697316 2117 -973
617448518 -525827033 1325 470
-202454780 -313491210 474 -139
-939736477 487587111 1658 159
-577946043 -721931630 2073 336
593603902 -142482883 460 -57
549179484 913352085 2928 475
-455093456 161831071 1933 -389
986149672 -628618139 2191 226
-775631524 882329404 1237 -860
-934416909 -273542210 2623 828
-787639119 -371058821 1706 -918
780781207 32329117 599 808
998614632 -971036912 2938 956
497407031 502827676 1711 -548
-783241494 -533684125 2825 71
-585232871 565631889 2937 309
-425002380 -314119263 2009 115
675691318 289668164 399 957
-265683016 242022131 1658 914
-202422257 -947110665 1802 805
850462395 825700506 2824 -624
-660321836 169498099 1373 449
574664047 927123476 907 -903
941621243 -217492714 2666 718
814032482 899391998 794 -775
112136133 395972099 2623 -337
901238084 -789603449 2799 391
456907579 -770852647 1095 106
61642440 593614971 2021 769
869776328 756562024 1975 318
371827148 94242827 1376 227
528706055 133913312 2956 476
-888535538 982607163 445 -344
657178711 400420620 1835 416
-986264136 -616562013 468 -862
167122859 -862490940 1769 428
427940413 -679034823 2597 -861
-676176446 321026152 2510 195
-295248498 294752579 160 -942
-266593166 -108614030 2914 -646
672845590 -525515815 2507 258
-430640215 699492080 594 -78
522913823 41930440 2275 280
-529721589 -385102780 890 -66
-358948860 934202131 2398 711
-190698303 -394984947 507 94
-267824340 753893316 956 -542
951854094 -750215114 1016 314
-429121711 -335689796 1574 637
-442499262 -967379391 732 596
-432914641 -923110870 2021 -650
-537341328 -205804390 1545 899
605332181 576785809 1304 -469
-958342483 -535213453 1075 607
465554116 -483436066 2091 -622
-428480571 -272347755 758 -289
197177231 -987480606 406 399
-652095554 8808391 1812 66
-819878794 -495225128 1885 797
-614293549 170449015 2063 -741
-196730557 575749851 2418 505
-840048406 8350353 2967 -943
127330443 297119858 946 -852
-144047787 276850288 2596 -184
-894455461 -992644404 2229 -916
-475085618 -497989174 1111 -335
901339772 663742890 1147 -911
584198682 282465308 2432 -151
-380545865 -251619176 2181 -484
119313564 223347009 2187 291
-454258102 942217447 347 -456
-507323213 588824167 1051 401
372597711 515751457 2995 890
-917691254 -189317157 1644 -865
388879850 -942188760 180 260
999947139 338803375 2816 -899
-737505455 -698539231 1496 -796
689652375 915962082 1757 -399
665155442 -844416559 1778 816
-335568958 -329442394 177 535
634622355 699940036 1762 -507
344080395 381076096 2414 557
-758845876 -35021013 114 -40
-989661544 450609369 744 -494
-313528193 540682583 899 303
-237661731 102422654 1095 -167
197558809 369783073 1872 -177
-460965410 -448097848 2091 8
438910699 261501255 2095 208
-852517900 -474086226 2328 59
-947016048 601113057 1043 894
-105062112 -781862228 2251 802
-69716116 712750961 49 -817
-673445681 941025936 1607 216
-936842949 -732429064 1052 542
485717999 -91382988 1604 755
777990398 -993153864 1159 90
-591437334 683448230 2018 -773
757386702 -617851278 982 106
-756046192 -954587571 2825 145
328212786 -136207868 82 170
68634459 -598319705 2472 -595
-776805896 -869139834 2070 645
-435648876 571661540 2452 -137
-999055102 797161938 654 645
-689813626 -994566230 2373 335
183345178 -286871531 1679 361
72557474 260259460 2117 701
411310977 -674800995 2646 -138
122489975 -686858536 2003 -693
947813034 131839140 167 390
-923104833 909481128 149 548
101777405 855720438 299 3
952273110 -871533763 1942 776
725469351 -936224771 559 -21
279468513 409060975 909 713
639147550 -875016506 850 184
-850048780 322547777 1419 518
-389740535 -909758694 895 -500
168662002 -291314163 1078 190
45462285 -178566884 2043 408
-83435372 59505744 2773 593
-479041185 -597361069 1095 551
-666298252 249678154 1074 879
-643150923 32150164 453 -814
-676783298 523817599 286 -971
-259624386 -664821383 1824 333
525784268 -192659368 953 65
-530973544 -472207619 2894 906
261344079 925300194 1132 742
-378890410 -29932472 768 -663
992739554 -630919875 1159 973
-852434212 283547119 875 290
217285065 -276336756 1534 812
638204823 420937454 1010 307
-734355690 -148317993 654 337
-674142367 614580280 2152 354
435999400 -140301572 1755 -76
737749114 -251198367 430 461
888123451 99653458 2177 -531
-24666912 42866636 789 585
-448319733 -229741538 294 -63
-823252649 -563102859 666 760
-823342675 419288403 2743 822
735750030 -89622003 703 -6
-346491170 300294869 1575 -446
811889229 787323400 1265 777
426070682 -955971976 345 918
-277273963 -977722765 1376 -397
-238563560 551150275 1538 -546
65041155 332428252 1684 -711
531996836 -154778330 2884 -70
-25967709 163710928 664 -905
680352846 907482538 477 -681
826212524 -167839650 2769 930
831625419 871726647 166 -430
854233431 -653050220 498 -897
-866357575 344991390 2671 -54
102566177 811652075 2152 64
789745272 200394727 282 31
-635689354 -69134421 2508 -217
-558686307 229207852 875 647
-713151085 711454796 1997 636
187055790 -428512042 1630 699
-103365097 205108165 2546 380
-885648863 861671090 473 -494
361739739 -864983031 160 -333
364618926 -933724654 1940 -314
324426742 -867956795 122 -686
-866957529 -790442418 1212 -835
459157364 276924206 1719 -749
-596581906 831080306 1810 -646
-631224524 317923274 1309 -210
920304584 108853314 2370 -682
-671273659 -175034327 147 358
-807583344 424053545 895 906
-760546635 -369849314 190 -258
-286834672 823659699 2714 823
-692321791 19835172 1007 547
-231359009 -877100471 2472 820
625264027 -225997334 436 -545
-829611891 -930294186 2056 497
440407945 -547972964 2450 -317
-797115869 -193554630 833 -470
-341083001 777624152 1908 120
-564856487 -974115435 1948 595
849506407 709425943 2592 -192
529254615 899166271 416 -454
118043469 206114207 362 -897
24952920 979545021 2538 430
-981908133 -300237125 1744 -442
-140722222 868087905 1495 -652
-919090551 288011033 1340 -659
80058263 -176321824 1611 62
92936977 -139335419 2684 -685
8803624 187532380 36 637
918400589 624128395 597 -451
494457403 -985598085 1083 862
-751278128 988506788 2686 35
642336665 707673687 1797 372
241534412 999664647 1838 580
52486479 304543708 2432 825
465097771 677473480 2339 -586
-917359803 -8936277 1118 467
-337244623 209951811 1693 958
761632304 310781047 1038 441
-278969931 -490367556 2634 955
233537774 -160325865 1803 -236
147659607 -795771604 1522 899
558210858 -323720686 1675 -123
657482708 -817963706 2795 -977
-476672539 -806373986 218 868
87254290 -881011928 2277 -303
123910086 -311644086 1399 98
-218281924 749131611 587 -466
838918907 -988412715 1186 645
-690067640 -678569590 2277 296
-130414898 -720767370 2939 251
-155173564 7640356 2576 817
-303535488 986806852 1943 -84
-782287750 -239277315 222 463
841282295 923864929 1477 -589
-826115752 488624965 1845 50
-160185949 945710864 1382 -139
-432040313 -450921217 1236 -731
-192254928 836791110 2970 201
29920228 438133858 344 492
-660134973 -124940918 1046 148
-231714011 -26929322 2776 -77
457073112 545976372 2608 241
152908139 563135990 1202 -873
-376447049 176987695 2040 114
630507867 -500177161 691 149
786240717 670667072 2111 463
409118848 -170894257 83 -166
164716673 -297459210 750 -919
297219972 -416655548 2819 -774
-150579712 948907851 589 -684
-764149799 -183527282 433 777
-9490870 262243011 501 586
520218817 -172095417 1518 61
-967561806 -457030358 860 -103
-671260392 866027596 2776 217
-567917174 -601552977 840 -930
-331755467 -750707182 1052 -771
731781171 122283036 1711 -651
836258392 758521060 34 316
-410400315 -42675020 1467 740
-9431782 -438900364 782 -985
-1809456 341054568 2139 -649
-316986836 -922178559 169 -164
-653022784 -570674368 2002 332
470818021 923673019 1265 929
-875974319 538759672 1658 13
-789097885 682912901 668 351
298071823 -425076889 1684 -353
260043562 372666878 1834 -206
97734027 -473620058 1778 -845
555382302 604372619 2756 966
-881958454 410380445 1402 710
781271843 -778516186 1148 526
-708948603 -867816432 634 203
302994151 708989975 770 554
391598762 -163173583 20 984
773230811 805175475 1386 -496
946177874 313915660 2334 272
357940084 662273863 2551 -275
814393709 961049182 241 -848
-981447297 -791612365 2450 321
832048692 681162146 647 -351
235412271 -98003551 632 398
77650835 -237759021 2375 303
-846232972 -286644241 2804 -515
-602716683 -827667400 154 934
-362090543 -343158950 941 -177
-77496610 568276017 664 729
693039767 80930352 1873 271
992690053 -568559628 340 720
716024713 223848379 572 -107
961604435 608956147 86 -127
-96633202 -619648147 1813 -848
548793407 -196813401 541 -319
-350539253 -721900959 2606 -130
982135616 -607456822 2034 340
916960938 146674969 658 219
-947647499 523876160 698 658
-114605054 920598330 316 936
542739162 -910073312 2974 243
28025859 -337868565 82 196
158450493 -702118839 2077 -752
-719090536 -390421337 261 -672
67192900 -559582539 250 392
246811686 -806284517 2437 915
-127060415 761021227 2938 540
-75072749 257828329 1809 -377
810361072 859525541 13 161
-613002500 -132838637 2147 930
572489755 338489386 949 88
292700273 -422017770 1421 93
493445769 53878243 2858 92
-124723583 -487464629 2592 598
316970843 -858528207 541 -733
-88885693 -339462381 1907 732
902250722 218051325 68 676
389891542 -367892892 2695 -383
-210536792 -59330975 1727 630
250831452 436905348 231 825
2 507
1 2115 -702
2 148
1 2629 -95
1 546 953
2 637
2 104
2 1595
2 1581
1 1711 163
2 1175
1 1805 -775
1 2933 -178
2 738
2 671
1 86 981
1 783 498
2 2537
1 2615 -135
2 128
2 2974
1 555 -912
2 2195
1 315 -13
2 398
2 1963
2 2356
2 1926
1 2856 -13
2 1460
2 64
2 686
2 960
1 1276 888
1 342 -679
1 2839 151
2 1748
1 2266 -286
1 2562 854
1 2331 272
2 1449
1 2091 189
2 1811
2 1627
2 2203
1 1521 -98
2 871
1 2655 -652
2 526
1 676 -483
2 526
2 2619
2 2277
1 215 -646
1 912 -419
2 2103
1 525 895
1 139 -492
1 1761 727
2 635
1 2935 632
1 2035 974
2 2970
2 1266
1 383 823
2 2301
2 620
1 2257 78
1 1585 180
2 489
1 2234 481
1 1808 244
2 771
1 756 -265
2 2081
1 156 -381
2 1257
1 1119 -81
2 512
1 705 -285
1 2371 788
1 2878 977
1 910 34
2 879
1 2945 -165
2 1374
1 2347 138
2 1232
1 350 -974
1 1642 761
2 1502
2 2659
1 331 105
1 1902 -400
2 667
1 1545 282
2 1521
2 905
1 1155 1000
2 786
2 2132
2 509
2 2470
2 1921
1 1133 -579
1 2964 663
2 1040
2 1817
2 1296
1 987 -190
2 2791
2 1332
1 779 -630
2 2021
1 1907 807
2 129
1 1853 -669
1 2245 3
2 214
2 1851
1 2621 -907
2 1657
1 2095 -704
2 1939
2 1433
1 2324 -766
1 165 -523
1 1943 199
2 199
2 1613
2 1295
1 1798 -84
1 1526 368
1 699 -36
2 1595
2 613
2 1686
2 1072
1 1204 -463
2 1495
1 2320 353
2 1926
2 505
1 1605 -592
1 1373 -333
2 1429
1 1581 -152
1 1768 -536
1 2704 -945
1 961 -49
2 2942
1 1470 -640
2 1963
2 193
1 99 491
2 2950
1 1297 424
2 2446
1 738 -99
2 1518
1 288 696
1 2390 510
2 1005
2 2290
2 466
2 1570
2 2926
1 2034 -31
1 768 935
2 1458
2 238
2 1728
2 1880
2 2500
2 475
1 2162 438
1 731 -536
1 2079 281
2 186
1 2496 566
1 1555 61
1 2768 -219
1 1435 857
2 2561
1 796 -615
1 2933 669
1 2413 921
1 1894 -533
1 2526 55
1 70 -266
2 1050
1 954 202
1 277 -709
1 1050 -981
2 640
1 215 -335
2 1713
1 1064 -244
2 1391
2 1249
1 1664 84
1 1192 -554
2 1495
1 2754 575
2 1694
2 2990
2 135
2 126
2 2389
1 2950 947
2 2025
2 1300
2 2890
2 2945
1 249 492
2 1573
2 27
1 2485 -521
2 2297
1 1604 -150
1 1364 191
2 1178
1 1696 -71
1 23 -987
2 2414
1 1440 -123
1 2256 -759
1 1447 -62
1 2045 -359
1 919 -548
2 2995
2 750
2 2919
2 1538
1 114 -225
1 1330 -901
2 2463
2 1971
1 1491 -179
1 1665 -735
2 2786
2 2857
1 1502 346
1 2494 881
2 101
2 1295
2 1662
2 1304
2 2010
1 162 -512
1 1866 -846
1 2662 238
1 2496 -39
2 532
1 947 478
1 2262 636
1 1177 -716
1 1391 653
2 999
1 1236 -472
2 1391
2 359
2 1938
1 2301 -74
1 1770 -780
2 2406
1 704 -514
2 246
2 1608
1 2279 582
2 258
2 2337
1 1238 794
1 1535 -867
1 630 117
1 2927 -126
2 623
2 2450
1 435 -375
2 506
1 2100 792
2 901
1 1897 782
1 54 -399
2 270
2 1791
2 1173
2 2880
2 94
2 456
1 535 171
2 2085
1 1844 -709
1 612 -38
1 646 644
2 2474
2 2885
2 949
2 568
1 2394 755
1 84 880
1 1879 822
2 280
2 457
2 948
1 1602 -384
1 1555 -283
2 1375
1 382 440
2 2364
1 403 514
2 2277
1 2915 983
1 1643 818
1 834 192
2 2842
2 1055
2 2694
2 370
2 785
1 361 -336
1 1717 -704
1 629 947
2 1377
1 165 748
2 236
2 2458
2 2559
2 394
2 2514
2 2760
2 523
2 781
1 1898 687
2 608
1 2839 8
1 807 -223
2 947
2 1422
1 1555 745
2 965
1 1480 -313
2 1530
1 1051 942
2 911
1 2260 -927
1 2500 -487
1 2155 -477
2 2576
2 1417
2 1689
1 2199 268
2 712
1 1703 991
2 1761
2 2640
2 8
2 1004
1 2688 -555
1 2563 -976
2 2379
2 408
2 2268
2 2035
1 1328 -16
1 2952 -563
2 2395
2 2848
1 1295 -431
1 2187 -784
2 2961
2 1545
2 1711
2 731
2 1271
1 704 -993
1 1830 210
1 2471 -350
1 765 595
2 2460
2 1350
2 739
2 546
2 1774
2 66
2 1654
1 1275 -529
2 2488
1 947 -256
2 1194
1 2182 832
2 93
2 22
2 510
1 2440 309
1 1724 96
1 817 281
2 695
1 1803 425
1 269 -429
1 1522 666
2 2854
1 340 -900
1 2553 832
2 221
2 1612
2 1075
1 1830 935
1 2271 -211
2 1532
2 2056
2 1987
2 527
1 1243 -628
1 5 453
1 2616 785
1 2923 -638
2 2814
2 2424
1 1377 775
2 1744
1 251 871
1 2350 -234
1 2198 -595
2 1071
2 2273
2 906
2 2358
2 2932
1 424 -877
1 978 143
1 2505 -814
1 1568 -368
1 1856 76
2 1155
1 41 -40
2 2306
1 730 869
2 585
1 2153 -285
2 2153
1 1452 -407
2 1514
1 132 498
1 1171 340
1 1207 143
2 1542
1 2702 363
1 1209 -905
2 2857
2 418
2 2970
1 2627 -788
1 347 -673
1 2341 927
1 2147 -355
1 2842 -390
1 2838 -670
2 1117
1 144 -422
1 1426 411
2 1507
1 2352 669
2 744
2 2129
1 2079 91
1 2816 636
2 2253
1 1337 639
2 2888
1 953 -434
2 104
1 1997 955
2 2062
2 484
1 445 -75
2 175
2 2780
1 302 118
2 2972
1 2037 -675
2 2731
1 1167 700
2 2226
2 1181
1 266 234
2 1314
1 1123 853
2 2812
1 2999 -823
2 2115
1 95 -136
1 894 -918
1 1422 847
1 1146 970
2 2298
1 1575 349
2 2407
1 2369 -883
1 64 -670
1 2366 -763
2 430
2 2678
2 2862
2 640
1 1798 -580
1 1545 638
2 2466
2 1069
2 472
1 567 285
1 1329 387
1 315 367
2 1068
2 2329
2 2211
2 2613
2 959
2 2614
2 1921
2 1261
2 2228
1 1905 -731
2 2710
1 1394 450
2 973
1 1391 783
1 251 16
1 982 581
2 953
2 1929
1 1592 -876
2 190
1 1448 675
2 1400
1 20 -533
2 1217
2 79
2 2863
1 1502 609
1 444 -802
2 1769
1 937 612
2 2575
1 833 692
1 228 -252
1 1031 -363
1 1890 681
2 2830
2 2344
2 752
1 561 -101
1 294 493
2 1297
2 2183
2 2886
1 605 -454
2 240
1 1477 52
2 1752
1 2156 397
1 2840 976
2 1607
1 2197 567
1 2656 625
1 2710 -839
1 904 -530
2 2262
1 396 939
1 2768 -739
2 1075
2 300
2 2516
1 558 837
1 1357 -41
1 1265 -59
2 681
2 1002
1 2172 -110
2 1129
2 2915
1 1348 -62
1 5 548
1 1931 -245
1 2150 -524
2 801
1 1001 -487
2 1249
2 1811
1 372 307
1 2968 -776
2 1644
1 1084 -789
2 41
1 1514 457
1 2587 197
1 1607 480
2 351
2 874
1 2531 273
1 2588 656
1 176 -615
2 1769
1 482 937
2 2911
1 1585 336
2 2924
2 2017
1 1562 326
1 430 -120
1 1380 -342
2 1086
2 1227
1 1800 238
1 1231 -268
2 572
1 2942 958
1 469 -868
2 1052
1 2382 -932
2 1636
2 1473
1 465 607
2 1863
2 1982
2 2687
1 1603 984
1 1531 -640
2 2781
2 1362
2 398
1 2800 394
2 1079
1 2699 -264
2 2657
1 1432 -859
1 1149 523
2 1564
2 846
1 2989 34
2 2510
2 1177
2 2851
1 2437 604
1 1359 230
2 2271
1 733 695
1 1741 46
2 1151
1 910 576
2 1297
2 183
1 1911 521
1 1053 101
2 1662
2 2442
1 625 420
2 2752
2 227
2 1474
1 2369 82
1 1538 -958
1 1496 -533
1 1130 -433
1 350 920
2 766
1 2510 973
2 1529
2 1120
2 2011
1 928 901
2 248
1 2656 -207
2 961
1 758 808
1 2597 674
1 1456 966
2 445
1 643 251
2 581
2 2963
2 627
2 1586
2 1121
1 29 262
2 840
2 2698
2 2531
2 1729
2 1700
2 276
1 691 -92
1 2079 100
1 771 -240
2 193
2 839
2 2141
2 1938
2 962
1 2890 -386
2 2120
1 2598 844
2 3
1 1778 800
2 746
2 588
2 91
1 1618 -806
1 2590 902
2 587
2 1319
1 2487 -498
1 687 -110
1 2774 -132
2 2018
2 2867
1 1877 102
1 2469 627
1 1753 -718
1 394 -91
2 1890
1 2048 193
2 2230
2 2032
1 2215 487
1 2775 -870
2 2022
1 1835 -67
1 2039 -382
1 2273 -940
2 1772
1 1656 -918
1 2517 880
2 890
2 1352
1 484 404
2 2433
1 1062 -772
2 1725
2 1543
2 2163
1 80 785
1 1513 -646
2 456
2 2519
2 1849
2 2851
1 2968 -588
2 374
2 690
2 1198
2 180
1 965 453
1 166 -290
2 1241
2 1542
1 669 188
2 2677
2 2126
2 489
2 1871
2 451
1 2136 911
2 2930
1 376 -385
2 1764
2 61
1 2879 454
1 2977 140
1 878 -871
1 2002 777
2 2050
1 886 619
2 1774
2 2705
2 728
2 893
1 1329 -532
2 1718
1 1068 -857
2 1685
2 1980
1 2024 -933
2 2202
2 111
1 1421 -452
2 1594
2 620
1 697 126
2 1943
1 914 230
2 1404
2 1513
1 1549 -671
2 1879
1 2207 -546
2 1552
1 2796 -692
2 2653
2 531
2 1522
2 1963
1 2370 295
2 864
1 2892 -27
1 2657 -928
2 2297
1 2520 -182
1 2191 673
1 776 -249
2 1530
2 2909
1 1769 -445
2 2627
2 855
1 1109 268
2 530
1 456 -273
2 1567
1 1454 594
1 2710 474
1 865 -546
2 1154
1 2706 305
2 2855
1 399 -966
1 2358 754
1 1408 188
1 70 251
1 1799 -83
2 2810
1 2503 -307
2 1662
2 473
2 2747
1 493 420
1 2030 -504
1 1867 -123
2 1652
1 2325 -387
2 2003
2 54
2 21
2 2567
2 2481
1 430 281
2 2400
1 2477 725
1 2556 694
1 1076 -438
1 460 826
1 498 -365
1 1720 -713
1 1581 724
2 2034
1 1918 -705
2 2026
1 892 -475
2 1220
2 1018
1 1970 279
2 2857
2 1075
2 1034
1 1927 -886
1 1220 -663
1 562 849
1 2232 911
1 1836 795
2 2596
2 2851
1 2792 826
2 50
1 601 -514
2 2315
1 2075 996
2 952
1 704 418
2 1433
1 1962 323
1 2692 -892
1 2053 736
2 1735
2 2233
2 2173
1 2180 15
2 2461
2 1547
2 2212
1 2919 -484
1 1936 -671
1 2599 -118
2 2525
1 1680 -563
1 2677 -21
1 1103 915
2 1155
1 2051 908
2 2639
2 2422
2 1339
2 659
2 1743
1 103 -981
2 2889
2 334
2 256
1 1256 -865
2 529
1 2700 701
1 335 876
1 3 -567
1 2344 -835
1 967 303
1 1430 -735
1 1996 -759
1 550 -340
2 1076
1 2866 -774
1 1962 957
2 2473
1 2188 472
2 1085
2 1864
1 414 -51
1 2188 -247
1 1518 70
2 1842
2 1725
1 192 194
2 212
2 2801
1 1478 347
2 77
1 2170 -651
1 990 415
2 2375
2 2329
2 1437
1 554 383
2 2743
2 2792
2 1185
1 1764 484
2 2445
1 1300 58
1 225 389
1 1287 700
1 793 898
1 2063 356
2 12
1 1005 -712
1 1964 -685
2 2847
2 1859
1 408 -393
1 264 -675
1 548 872
2 2734
2 1398
1 2156 -553
2 1277
2 1968
1 2421 818
2 2700
1 2443 773
2 181
2 2607
1 909 952
1 1026 -606
1 2294 -940
1 520 86
1 1835 -302
1 459 -10
1 2779 -745
1 14 471
2 1066
2 1949
1 2997 -671
2 340
2 562
1 1433 858
1 2659 873
2 1688
1 545 359
2 17
1 1090 5
2 702
1 1886 -982
2 1932
1 2207 278
1 22 -882
1 1295 -68
2 1995
1 2700 -787
1 1805 902
2 898
2 785
1 2410 -672
1 1334 199
