3000 1000
-396230739 -91422121 1942 -922
33600126 503073362 2987 495
658445871 -525267294 1876 -64
587172590 -583920497 1087 940
460320251 526581622 2536 812
900542015 -785655405 347 -835
-167282803 -129102077 778 -742
-827865844 793750361 691 544
970241540 -458799082 2057 625
398289541 793462238 2555 -964
362847595 489809777 2203 467
-804541551 535542408 40 -477
569240708 -614364013 824 -863
799468754 905194966 2412 602
-442744467 -454403165 1580 -702
-430531774 926375457 2430 871
-556709973 923329587 856 484
-853282367 679510892 2127 -534
55280123 507251551 2454 -299
-303798707 744817446 933 -194
710524750 848899712 1341 659
-11462959 7385771 1011 -491
-955261823 965520119 1417 290
888843268 -933888356 2228 -890
812024020 -245621932 1181 137
818318077 837884739 69 275
-57098487 632938607 1545 785
-262031642 -638682054 2354 -941
179902882 -56347997 28 728
178828243 243950075 2340 122
780686282 -833321375 1222 769
-835085366 -682616192 209 633
156188997 226085851 2412 -967
-272020639 451316681 2866 -254
347924003 -828117294 2603 538
-93380753 902031894 924 -216
571174662 -218942415 2254 692
194591119 -790498574 2757 603
-491927868 292999722 2513 524
153921056 515143109 2407 109
-966061248 -103302234 2291 54
643320518 632653745 661 852
-688769341 691564587 1547 -889
356151101 -177114712 2482 421
364988466 402966188 1378 -480
-720511113 -620674714 2795 180
-47948226 -437235039 2454 771
509622169 -475028273 1710 -400
527656117 301306608 912 245
-975986990 932590920 2458 691
-146020868 -385595389 446 -47
-259490780 -931448104 2798 289
36258771 -844926284 937 -128
-920597169 -524294238 904 -332
609786730 802408695 424 588
-84972917 989347754 226 -158
354407439 -835108443 1018 829
-38978664 -368167931 1070 -857
-631235387 -260609053 41 -860
-418662997 122763241 761 -661
778687620 913961963 1538 -720
-704254067 -963112764 599 889
507064542 -276225156 811 367
745948715 848715564 1278 -869
437096380 -510368439 2440 -683
360430201 664088398 1647 -71
-866716515 -418302082 1143 -70
-192589811 197732553 1444 -874
-288422653 -612738574 1422 -67
-438039604 -75414914 1565 -693
996926061 281417222 205 -960
235189815 -22748830 323 -854
273726558 193096870 1604 778
-49426943 982919761 745 -878
178535774 -726391815 811 631
-770200542 -143026540 1339 -925
-706629427 -59676123 1995 -1000
-373991388 507003648 1117 -238
-501243329 -271869999 455 -973
131551430 -69674702 2060 317
-695060146 522546422 3000 769
863357596 488988461 2298 -827
641837315 530197603 59 -275
-342993529 -239394168 2330 529
-893428512 -824694075 2979 -598
-363373390 -985127724 881 -308
-455539101 402235818 1456 -772
725371411 -292753769 2221 -415
-183831 917958678 1535 -608
-285223665 133281666 1342 -902
652427428 -677406102 520 757
805355645 200213130 147 928
-390906037 -451904380 700 -151
-402153549 -643293816 347 -764
497226720 -669683138 795 348
205440787 -220983995 2168 -446
422546823 -442466003 1416 515
65494929 147598557 448 869
-195192186 -508614229 2393 885
744314909 607860984 60 -746
-368986568 -92347689 1081 129
298993866 -727751472 2753 -55
207446101 -596920448 767 -964
938633966 -849546558 1122 -288
-487533 -777131987 2372 -187
710084315 393626216 519 904
3827816 -171952914 1159 -491
429047947 765482117 374 -594
469150191 -728595903 2878 276
123002002 12479008 360 -714
120273931 491813955 693 -772
-482800500 -721647606 1920 -915
611424693 332684340 804 -737
803512834 -183802095 1393 -438
-319912171 -822141218 2933 -460
443997838 32859318 399 -85
-134071897 89102034 1407 115
539472362 209848118 928 -506
-785661675 -453388891 1163 -522
-865729455 -590779236 1671 776
-771016295 -675641227 2816 -857
-505980366 437551291 195 -943
-781079005 452083188 586 574
-640721676 -404998727 1280 -60
981187863 762207925 2926 386
-636712896 384807750 2559 -121
886079912 -95383737 2685 668
260685086 202055590 1453 -544
352490243 630577450 2856 -233
-623986353 -661275634 984 -747
-294148565 433268777 2659 216
-562307750 -662995961 923 374
-535188106 342789698 1847 218
940966538 -855637094 508 558
504259257 -424501975 729 -322
27774355 131676165 1381 741
840865693 -423950692 2959 -599
420204861 -369850351 2124 441
971275566 -607012442 2477 -895
679285027 710183811 2091 134
468261071 689149261 2875 -774
177621383 -779084784 1738 909
206063245 -395731870 2896 126
-229180783 983564047 2072 -759
158316987 -776782883 2305 -464
300996142 204884103 195 726
-188548321 -623459800 1133 440
-76327336 928545242 1434 174
194282677 -997994797 1201 310
717219878 539497824 1679 654
-533261512 748781867 682 -111
-398638588 -811117432 151 -505
-705164572 591783340 2300 -176
102955807 404375393 455 -727
274850184 -809922840 2836 -847
-356752516 407372365 877 -249
635944122 518099832 1278 188
202064498 -192881639 2067 407
-822397622 764851697 2857 930
334926105 684842148 425 227
378297648 -5158517 1987 -229
-476758197 -295700329 1271 881
677086245 -591380782 172 -842
651983709 322462259 1155 -485
-783482748 -172203582 2144 411
-810177241 541847106 1322 -715
270392972 -364627310 1132 598
-367298396 159192426 2338 -677
-693806895 -905823500 1126 248
-474968407 87449563 1690 985
-909286809 366840913 259 -612
-789433951 -744631914 988 -503
-543947404 -742117173 1417 -217
365696263 -200051976 2386 107
418131038 -455196795 1476 -600
-920797519 860131432 2835 219
572804034 -851387133 619 -124
-109342045 987248206 2702 871
887226687 -618053909 1491 -325
42424557 918421411 2948 -780
272565015 536820752 1796 -979
-490278210 251631521 1054 -971
-658142214 345919754 2128 -785
247073030 277760068 2824 964
314834087 247787387 313 6
731674251 695508450 682 -401
972100928 183240976 1162 712
-423874693 -966961417 2012 -792
659543435 919162939 2767 374
467707375 -356828616 2223 -757
-735200148 -498239249 928 -559
-552724437 -471911940 2935 648
699282452 -19582761 1143 -826
899122818 906119898 705 514
536969011 898236453 2128 673
251459951 -362273727 52 -334
-863359665 521602047 2854 879
-99685332 -793311148 897 -979
190563682 -468703087 1852 778
-275768632 -626877136 978 -576
-339166577 579909893 742 -118
-60840719 430870219 1360 53
810463894 -763914632 1866 -664
451026010 -394697351 1176 892
-454251386 -727536503 2409 -92
645472599 993944283 2416 545
754572542 -265615388 2286 -37
530084881 105184418 382 -359
573929660 509331064 35 -534
-869203183 496140095 470 -557
656336921 -976581542 2230 827
-950297983 -914539119 1870 514
-850390110 632065113 80 -282
908041978 460440151 1704 -391
137271995 262125120 2026 69
263628194 -202492136 2533 -426
-816829626 102365866 1900 104
532845276 -125867447 23 13
-582400516 -267594288 1013 -267
324553289 668034268 709 788
-260306305 985400524 647 -384
-79867718 846560218 934 918
284254212 -850885734 1529 -617
-291120760 -975158742 1782 -714
-238670659 -880590935 1233 -272
844287275 -909331401 935 222
562342879 -105705908 624 222
-700379844 -776769785 598 56
-820908783 62018284 2648 -685
933328444 929941338 1427 -13
96893194 -547044402 1823 453
-671193831 -824622110 1764 -585
622315437 -301689069 2702 -62
-191152333 844439458 1450 149
929799710 846057159 228 146
-427267173 -208918248 2356 780
437260370 -705805289 2226 -679
-251745558 -658829364 569 456
-198640622 615615729 2572 -844
-519612102 148994644 2639 -281
-399665672 134556837 2557 272
-291120860 683848601 2886 -441
-909631259 257610663 2795 524
338087325 -611225110 1728 537
80154743 823627599 909 83
-687967194 242094532 826 692
-276398439 76325385 685 -63
304926926 -764985871 2675 -987
562605933 121656473 1616 378
839942563 599795331 988 -906
542204019 -398516399 2919 720
680346502 -815633667 2789 952
92972225 -850203439 2288 -914
200405384 -441319316 1382 937
-759389991 557183422 1451 184
327780421 312589068 1441 -965
-206160027 744173 1807 -497
-158702991 336044502 2301 963
-603029997 -883274765 528 -978
803521893 -70061867 226 -617
-391575857 -981021845 1409 -565
681781933 519397650 2737 106
932841626 192507466 928 -572
621928153 -91062031 2230 359
-858646119 -992624826 129 -626
75605320 861180706 2717 -404
-354084405 723753234 2515 -800
-351254908 369878632 1862 -183
-584244658 532162592 2564 906
47000491 112310206 481 634
-148988341 98982015 2997 768
-751666059 895959494 284 -281
-129119030 -912946110 1580 -200
-509439064 940177059 2502 362
92599424 -939218869 2702 494
994930712 -767570151 37 -440
501682668 -750972716 1227 227
-238667498 112903085 2651 -855
-919401979 360618304 2362 -523
921936465 16442479 321 966
-600356287 -661513071 2663 -662
-325938048 403507331 1929 372
-241487180 -51996012 226 730
-212148903 -5241066 1545 -983
-97281661 -200111997 1027 -925
184035200 -352334406 2031 837
564453769 156704440 1410 -190
349878601 144007547 1149 44
979018925 437815295 1297 -373
-272694658 -685528409 1271 646
580758032 -120203896 1335 922
315809396 -633102400 714 -349
407645481 -831959865 2005 -723
727632368 926016146 25 -814
376818152 -342090058 2638 -820
998619890 -749457081 1270 292
772797453 -743670906 1492 -326
-428540384 370024081 1623 491
-852663093 168601553 935 941
622075953 -562969038 1065 69
-147162524 -133899758 1457 373
778288031 -755217672 1297 -35
-707981723 -370210989 1993 -523
30937112 395067634 19 -15
409718586 -790105379 588 -75
62962184 -8394809 151 -614
860315061 -464880334 1509 -612
755825283 922284648 2325 -505
448685929 660046224 2450 -79
331501966 959637355 1786 -423
-285137788 427264310 2054 480
-639061952 -568762914 753 124
-651029021 -312754518 2005 -701
-390937770 -577560892 2209 988
554338829 -99869750 2986 -48
124318347 -392602169 1225 673
217032662 736851923 2382 753
-390335161 868013159 2773 281
-469007408 455231107 2743 -433
-16851461 841118249 808 672
-894380409 -712137798 2130 630
538754294 -566932606 798 -184
-812589528 -244161443 363 -639
-896295512 688691145 2295 -472
-65916371 -284866803 947 -524
-758515610 -621581145 1234 668
-908559802 -431898966 2442 826
12926710 589898662 2184 -575
792278002 6249275 78 -348
-138941475 998771124 2025 -962
544093287 -264417281 2497 615
-950870349 -488600658 873 -9
741471023 -388147648 2898 668
606301161 282034453 2019 871
-538115374 -7253972 271 -532
777689494 490796769 954 910
581592907 85243469 1463 -550
754345650 -932088465 831 665
-827417703 109053649 1511 -36
-82318375 118007440 1453 -75
-737969152 -945797207 2369 983
977491317 -18665272 436 766
-902718075 -60537514 2327 6
-830854949 873915394 2623 885
-40215332 -712788267 2169 203
-33032728 -799042642 598 96
815167817 -498208610 2348 -157
-667280772 -844978261 965 -685
-882358849 371935085 2722 138
947887239 -136833445 2520 -511
-191707577 -299403006 1063 246
800390232 553919227 2081 399
-183953611 -432414775 2921 541
493990221 -815063589 2996 -751
637429001 158047905 2084 173
-497161165 799475686 2583 133
803735524 -225681581 694 -815
116136334 -744964409 1159 51
-845770184 760516291 481 -850
-817246875 -833768473 621 -271
-959707065 -96029100 2554 -558
379177062 129096492 2137 388
807819297 -218293683 778 745
200212883 229950864 2499 -899
-637565693 816672206 1114 -991
-529539249 -755207091 243 159
290834149 302638330 2651 309
143783345 866362722 682 -370
719889778 -353990270 2459 377
-13669400 -419219875 1421 -447
405569806 -729209204 1239 732
-978376255 777794626 152 825
16266514 -669100926 2515 781
-141231221 -883004984 367 697
-768723613 936860843 2311 348
-559702963 354755290 918 -835
364308339 147733383 533 -472
978225760 -433641126 34 -401
-367069770 -303488155 2977 -924
530963468 915788988 2473 767
-954040375 964985892 1974 838
952121147 -213066387 1443 -354
-472590232 815125864 195 -595
204484838 -824290507 2515 108
976324833 -343346579 1304 -799
-238304780 163648806 86 -643
-495558473 -955098550 2409 597
-140395579 719177074 2182 -864
-836990124 683243842 2335 -823
-894901352 -990609734 128 -665
319918073 489250463 853 -141
-266953376 554805812 623 -931
422981077 -97717425 655 -250
-869768236 694381071 2207 295
75015133 88315692 1383 232
840253198 -740943651 481 146
796708986 943465867 1062 835
381007704 -880396635 1173 194
166350825 -602856672 151 230
558262197 166201129 2545 -978
391366838 -790956999 200 -610
655012056 -568540212 292 886
-90520617 575710996 1419 263
111206392 265244916 2878 26
47418409 -644505802 1853 -737
-76751922 -422530596 2141 -281
-75039628 717214551 2128 749
199722698 385102000 861 -342
917969851 800103934 1269 -683
210562078 -340048722 1941 -148
92104370 -699967729 2778 96
864342466 -595185738 875 196
825966311 -496617940 1067 260
-91851147 -437798640 1532 193
-848463983 313375153 372 732
234124436 501217542 2317 645
-921012115 -892840665 1269 -91
456547961 954093009 1552 -451
259877640 836755906 422 472
-756977926 -468605457 1149 -965
-198432156 -637444566 731 -883
742393303 726293559 866 -686
872398314 413218864 61 -921
-688525272 -279596053 1271 -746
-999003061 817610638 2570 -874
684750276 -23987817 1751 -598
-93800416 559944274 2760 -704
162183105 52142897 1745 -325
705329844 462758560 862 821
-334493156 603792001 2407 -843
-60128414 -877378294 1085 -229
292189525 -469497637 277 519
-473477438 -230715890 2776 -938
-199323613 -101417084 2776 -81
75896565 -310528003 726 93
-609077321 177278110 752 208
355908811 565276311 163 -334
-602309134 -83328801 358 1000
973711576 -151148975 333 -112
911023497 -986932857 299 -190
-473522120 -165938266 648 72
-749156229 -545249292 587 258
247165933 896833711 1648 697
-541737491 -429274936 2005 -529
977221175 -9262002 362 184
741049066 734254038 40 -529
878378319 -8445492 1185 -437
-573911833 -632984207 2049 597
715098962 871212197 2842 384
-837136790 210023374 2107 -5
-46992914 -137419498 1707 385
487594434 966746295 1934 972
629874191 378621131 1671 -732
954206605 622468178 2117 -229
-482348832 724090882 1149 534
234237735 340424242 2253 781
-73709255 -383312888 2336 -446
956702070 282866062 2795 -89
-269792389 -307310066 2952 465
914654903 -110865566 1512 -537
-477581548 857844909 1341 112
-687871696 -611801965 1894 -468
402247536 -26724076 1514 -758
-641574571 -836813225 2477 739
-677112487 864282852 1506 -387
-779181111 979702463 1974 -766
-873814060 766634344 2652 -210
-873614856 53988954 2294 384
-264220233 895903210 2831 676
-253728614 8958335 2767 873
933109953 501225884 2057 401
344063662 156182910 2651 -591
809461052 -676140241 819 443
918635115 -445335771 2409 -639
-363741517 911407134 944 -9
-431287120 -877802352 2133 -876
600105771 -727747107 819 559
-837318286 -991994426 66 278
395907858 989710306 1903 -665
-109999466 85485992 1488 853
179542035 238535988 2408 329
-800718783 684399222 987 -727
356039592 302493162 287 846
-219564687 786778108 423 -965
395017738 596207003 814 -237
-202882661 445406949 2902 -91
-315404471 510639051 618 366
-556866520 140283150 449 -583
542174179 251201518 1543 90
146388457 -236245863 875 863
140625176 -879308679 1274 -221
-857489585 878896135 840 470
-612587046 357792182 1345 213
-728718559 989440552 2060 816
-860089891 -741409306 27 -27
237753472 -350711426 2832 -950
-264716628 -515777734 1291 167
-873185825 113837176 1179 -837
457662983 -918000423 2404 628
69384610 41292370 200 -221
-691142313 -593495270 991 194
69965806 18291202 275 285
-82621568 -223256378 2285 684
-428914052 -114702849 1656 -754
-836529488 251368614 1876 -486
910782701 303824190 1988 -670
527671545 710585530 817 582
-871813821 -750171351 288 -146
611026316 723842468 422 -953
593645402 501741981 2900 -820
-279255095 -570884966 2407 -480
940562945 -865517788 2991 -805
-116620170 308854520 1264 -292
721150344 744487095 495 -493
112343122 146611940 2290 114
494910582 -849842119 2632 -774
-468953923 560556901 313 -989
-490842082 210850999 1466 5
156923967 742231535 1864 -488
-966707824 138696750 741 552
-691091070 -321155555 1786 10
-504761283 944318194 1335 -926
267225170 -93664874 955 494
854254990 -886378553 1583 -977
69073170 801553656 2032 -52
181472438 152855387 2412 -866
778433973 -923708899 1804 -99
-662301414 730592724 1965 -930
700020232 -421599900 1605 -849
821856456 -451052649 794 -940
-52488140 -409193576 1253 -706
-985521027 -838631005 511 -791
368650056 -582810801 2374 -847
822178733 -531821319 2798 468
485718285 -59188901 1244 736
-100375679 -633707439 1214 -530
-411584702 -631849522 49 706
-667529100 -261849380 2854 829
-704121643 -2426780 2223 477
870207678 -279227290 869 -23
-772770848 -434631266 944 883
391982635 169407350 755 -553
-919803321 -760547375 1293 -981
-83822971 664157902 2944 -470
46449581 -59319028 949 631
-285665812 -404885836 682 715
-48578988 343399123 1168 711
-949799763 109980287 23 889
629994146 524402623 1218 971
207356492 -479572583 1605 595
-389193367 -903173810 621 -792
-852827793 637940313 1122 -674
391654109 -968241040 346 -904
354989698 -729551878 1832 -760
826059926 376593467 1575 694
170890565 14868790 1560 168
-562530446 -411877087 1376 -73
-329213422 -934515548 1700 592
55854220 -288318612 540 -177
-893815258 -421071372 1697 802
-913053092 -23555441 2268 -863
-245349856 -280662655 2223 920
-406227083 493595864 1154 304
-610674402 43637270 56 -36
-777477485 54475845 818 -584
-255512445 -933605060 1339 441
-952866212 -376035547 1527 152
-160723199 249438869 729 -682
-633561750 501761905 1173 -98
892909730 -346000442 2050 -929
267589597 -85873692 1350 -347
-920486871 -425324651 1176 -555
-473685963 -954407632 1196 -933
-262144597 -895478331 355 435
58654887 814207631 1447 310
-947436112 -333428402 512 841
429076819 -620512880 539 496
-579646015 -259809083 684 -243
-563294158 -599523601 2128 983
-691064879 803344655 500 856
329500806 -941462302 2639 966
-433985451 364050152 2986 -732
770188124 623557009 1958 -1
-291897116 468978131 1460 88
-302402891 -18823541 1264 -245
-749505558 -970696267 991 960
-716764501 -43605516 2097 -948
-314622823 505948379 80 165
593796231 -665160727 2940 603
314644169 -469481533 1635 -518
374241766 -120368386 378 -571
-956994419 923758069 2737 956
-769889722 562546611 2505 973
67656382 -965611788 1954 722
958746918 567913157 655 -290
247274273 102635443 2117 150
986970603 182993323 1375 78
58807501 -95380778 2515 706
-488534884 949869670 1907 -286
-692949139 356830743 2603 151
133143255 315774853 2994 -335
-983316140 373619400 1776 -857
-581302826 -735646152 377 974
189712514 -50717951 2050 707
-404603717 808982049 928 411
-912659599 -898350032 2717 -162
-876852241 861935579 397 -380
-952893849 -148106636 819 -151
27923659 -192381072 2254 927
-404179899 964576844 2570 441
-435336770 173078969 808 196
203310229 177153781 1450 -434
69163679 -574175999 2483 827
-636277234 -252879407 682 322
-686129239 492911922 1253 -519
-958152463 -314643004 886 872
929399739 469863903 578 -833
102832203 330287114 2067 -850
-281101861 42241593 621 196
293964147 571705794 1033 -991
607984327 650925435 792 -284
449401152 -910423526 384 -844
-511106117 -916769578 1814 626
-909550433 797052836 436 -599
-272574393 786761967 3000 -356
652485727 -141059993 2599 -851
-856217873 464144370 5 193
974499804 -538091966 145 -244
-740431314 748508362 2989 750
-698916936 810018253 271 730
516045905 954600535 1922 -331
-456039152 -72701050 203 848
-816312389 76320311 1453 72
139942973 871913600 1070 -713
-829847472 -739587534 1019 -56
869121168 -555878030 2737 641
-87547049 493984758 533 281
767243565 -318197805 513 -482
549182387 -452016620 838 -77
752446405 -643780776 2836 973
-362525556 985510977 1754 529
362235493 179729783 1022 895
335969053 -420182808 2761 -54
84096451 -976238611 1732 431
334641557 -576639429 1846 775
-456088452 -907495911 2884 -68
559227520 646274050 2056 709
112775223 642759206 2484 -433
-147626323 -534159060 1590 -682
329398942 536632336 1354 792
-783901443 308718462 1892 685
836023241 854019425 1676 571
-156716902 845968332 201 -976
399133566 694519632 1915 -104
-977372273 115310842 2033 769
-580319363 352870180 548 187
-440431606 260500267 2503 431
608985310 -401306205 777 640
258617302 636794030 434 -437
-566878772 18491803 1141 713
-338489124 -959980274 287 -102
651085766 157355209 2411 -765
-9019060 215414421 1113 -104
-991043277 23476612 1491 42
-712125714 556550364 2809 686
693607455 70313076 433 -938
943873568 -315211006 287 631
-227646049 317350135 125 376
-339241471 -98033848 1275 -595
-686354477 -898750355 2557 973
740488826 896861969 2081 -92
-361223680 131446376 2803 485
-758724298 -491663155 978 513
-557107391 -659351080 1571 -706
-58704693 -31676629 2997 729
-282013011 658145960 2092 -400
-73872434 -732941886 2816 454
966124365 -720501969 56 849
-168620146 176720128 550 -116
749954026 -36221694 1569 -653
-922955655 -92976415 2361 -31
480335275 555940743 2795 559
-336740138 6769316 2761 -414
-230404285 701016138 513 740
-35547746 -427787424 1342 -704
303833794 758722793 1601 667
-282583731 -942786936 2672 696
408045415 -270969362 2732 935
659600106 616373945 2033 -747
3962149 460038751 2776 -843
90010009 -549188567 2788 942
-70575992 977720947 2218 -893
699070175 86366451 1127 803
437260582 620996505 2437 -426
-42261489 -203104143 2687 -256
336207516 -390113625 1442 645
304256764 723511840 2388 992
-587396059 976584102 1795 -259
661953580 79938207 562 -769
-698153828 682303887 346 367
149063433 -247184548 46 718
280766306 -522875967 2698 -715
555286818 562733597 2877 758
819684258 -233516329 245 37
213531800 777618973 597 632
417636017 -925626912 1375 42
-357949740 -2162624 2286 812
-18248196 143068398 1708 -932
474884288 -588726756 2745 121
-799056092 -991473507 1753 622
887371477 -780050544 550 -212
531371733 -77919571 1271 -203
595658183 -554699704 1520 -39
682209250 2742117 1949 -33
515825379 -809162775 2986 -405
198756301 70581210 2164 -744
-125187745 -988869692 1119 -6
932877093 -714275021 2788 589
254840587 -349383506 475 804
78457422 634795172 952 668
942700648 217083447 256 -46
523184676 600376865 1162 336
248319846 -375013361 2651 -506
-403183493 549884123 691 990
-667921866 428889693 2244 -49
-267851912 -131329886 2407 711
-931510654 -969741425 823 280
164107368 241928769 1378 -310
392251528 65718989 1253 565
189377269 873243630 2031 -285
343254201 873283592 2737 -776
364553999 -232282671 2089 -260
808527805 -415142734 1143 96
647534371 979658906 2685 -101
381238023 118388434 2409 -795
-255511020 -915211537 69 -687
464002588 -100157226 2482 -240
527159307 -903851459 51 208
930225557 863816560 1028 -636
885522794 966397506 31 666
259415044 -299442201 1244 118
674881488 773635188 2648 969
-469861937 910421286 716 -98
297209119 896612136 790 696
632770100 596983587 2167 83
300383039 613769114 1832 734
-33444474 315364219 1321 -977
-541549564 -115817675 2852 547
-952803602 552996506 2685 -600
758009715 345162006 248 -823
537068717 848955246 1993 108
-149936138 225588186 461 736
849855354 -137113893 1269 285
589996041 -316307444 1377 -748
745426949 -21613212 1560 624
-725107185 882049868 1567 777
-99693298 -929306316 1018 438
-910870796 -748046175 2737 -532
127731477 -986004476 2129 279
682645210 -587002080 837 -529
858141224 858770244 61 814
-255433556 -153551554 1872 -487
-258202521 -583671181 522 -78
-87079820 -472404277 454 -17
-995034377 -56943520 910 -809
-850087250 967429743 1398 174
-783079144 -678447508 2930 -806
-759463387 -624509130 1417 694
642851575 763523585 2988 288
953706465 -765052525 2150 339
-553581760 117452411 1390 258
-26316978 113887664 1772 556
-979781175 -285391747 2838 -560
877070675 883593829 78 -604
561097080 689005861 770 979
583309181 75117362 2452 332
-3224665 958470053 1135 -148
-936659889 -482474044 912 -726
-788644981 447333938 1066 -108
89829110 -222000475 362 -176
-169619488 -374577440 2111 -3
-448785164 -375472443 2988 196
-212320400 22426210 2955 -966
434466503 -487492428 2702 -319
4803910 858820930 1046 -300
195482737 928824462 7 -971
760592722 567593325 2977 16
855107365 766218370 748 621
602788520 853837821 720 -15
267541100 -679987250 1971 -931
359196459 866315303 1761 -649
-87141029 -448517601 1643 166
812680695 489365089 2433 -439
-83479247 151027148 2616 -753
-182930757 503274570 2910 -164
-671209094 -409986730 390 -624
-499026060 269289049 1215 560
-813307124 -689160434 1974 -67
-765335600 958370661 1354 -708
-926013109 -676820225 1378 617
530335445 -206620257 2061 67
443797524 955092891 599 806
-897604011 16570054 2525 457
64376076 195402023 1318 -876
106660305 357569639 182 624
825062745 714762738 2072 471
275766846 161603667 1791 996
-661292094 485234653 978 733
791313755 -665842610 2086 -171
-302437264 -660000057 2029 234
-445352953 836833002 2515 -47
669877971 855623145 2724 158
-166385384 74408493 934 564
-250584551 -569882295 1341 842
-41068477 791326658 1479 -683
357894302 799189846 2471 467
911657761 132091227 2933 -740
337993950 -735389336 2477 88
-707209570 -555670210 623 -443
-994092672 -6045784 704 452
602365856 815410492 525 -411
466792984 -708613906 70 -752
155968399 -557056787 2987 4
955985437 573688862 2702 702
931344942 -709825453 2215 213
-415293432 431356807 2892 -75
-65143431 -345078121 2778 468
787764885 -695154608 2133 467
767401769 79355416 583 760
808228442 986049436 2586 922
978823434 467750898 112 878
68375920 495162082 1390 932
19546589 -946661713 1912 -861
-910294843 200205848 671 440
-756088985 -333949046 2748 454
969750905 965037466 168 -224
-721320435 -208782532 2411 37
130483455 255656670 1442 456
852360527 974196486 1891 308
644429768 96888044 2916 659
-640011171 -654279518 969 831
361422086 268422212 870 -90
775702958 873458671 1004 -218
-522810763 745342523 2906 -64
-561139459 -643829317 48 -630
-997835131 -568293639 1549 279
746830862 986270429 2207 21
-719465104 334561617 2852 844
422338835 -251812879 734 473
161322663 778584861 319 569
425790709 -333590546 434 -252
787435781 -638792455 1650 173
274966309 -743291317 2825 229
797200753 -868279500 780 -624
-519511906 231521432 2558 346
493469660 -814548782 909 -604
854249733 -909501514 2506 988
745476573 370170770 2959 345
413513678 -835845426 81 407
229792261 -730544086 1794 -655
957597657 -190838888 2356 -962
-468480585 -857670933 2694 -277
-330926811 220851437 479 -288
822737017 553170811 665 -29
186747017 208369691 882 754
-174109263 399307841 346 761
-679036583 -757557178 2361 825
-80480273 11343631 1559 -714
75767755 -333774621 1335 -943
194249503 -980376701 2509 683
-523827908 71891011 940 447
54830787 454510359 1213 -650
261845867 127428410 2991 675
-29507192 -342245533 2461 -945
415587694 -86984799 1664 876
-162886696 314011643 398 -485
976111509 -864654875 1958 781
-129850768 -657416256 399 -866
71262173 203007593 1441 -69
505662035 -554903594 200 -952
-903006817 -509637262 1117 -365
472041273 898060347 1239 -7
123079468 -356404386 112 123
131872218 867465923 1378 164
-301721597 -691476093 256 221
-973778883 -115480048 1633 61
112043107 -878864081 512 -987
175297968 -136880508 288 -402
-107180023 590895267 2767 920
522782210 -322462997 527 -671
383060844 442911595 468 363
-337994846 -7697324 2111 -621
452327335 -633632564 2261 -360
-556107610 736673361 1102 478
-994931661 234584343 1023 -994
737599942 782860822 65 -129
-338358285 239962726 434 -866
-61951780 328767849 208 279
284063839 260671907 468 -655
661925375 -182792955 1650 -971
459791792 -228428760 1334 342
-277326539 46243715 192 205
498125712 -507250511 706 743
460835055 -259398213 2985 -293
-255492960 343239 683 505
825907939 -803497330 2739 -108
-511367807 -46450152 672 618
-73286200 -209189023 2989 -778
842013687 -732396929 1573 667
680890487 -206074414 1599 -732
209407579 -830849738 774 908
-265028769 -981111589 935 -697
32870137 618696863 1957 -285
-406093134 91557002 450 -621
-442133902 365700268 2256 840
407960301 310358442 133 661
3080216 -233126971 2750 -215
318314787 225417670 1103 546
442241692 -550903429 1907 989
108815901 -464108513 918 -79
368191799 555802778 2439 480
-114093356 752711087 1256 -998
879148423 -651958915 2776 431
-282450903 -173011953 1824 -909
560038140 979824590 2525 947
-33641271 560466982 151 430
69313367 720131257 1994 -494
554944638 -853368116 819 485
-574720150 435448399 2470 293
394266667 346898858 2440 -476
985468277 -574130638 1297 922
-12198318 129164100 1497 54
608631064 52057920 355 -373
-654209159 -300935566 1239 981
238255666 -411998964 2948 -972
-928612193 717516110 1497 -934
860686496 214408294 2288 -916
-728077362 -497987707 2239 103
511693393 -732415589 978 -66
619143976 -457368342 1573 -659
-517728597 404510967 1042 -309
-69420485 -142502981 41 -733
-968915019 184045766 2948 -164
-551986560 790289307 808 -534
-686104685 167648032 45 -778
833470978 -831764080 2702 318
789650736 789130438 1077 636
979164633 -641481989 2892 549
95363730 -586507667 2342 300
788266230 160754956 1429 253
98690574 -932866492 2283 -424
-650885859 835830185 1573 373
-823155958 403465408 1471 -205
-313884041 532077691 1735 -498
277494704 -956204782 326 333
995695429 572795567 2192 -12
411873982 -138785778 2392 -935
-939101720 413860067 1841 -127
3678237 -623259490 1037 272
73811 -352149137 1626 714
476997505 473157477 894 -255
932817246 -693919654 1614 -736
-515269066 352385416 461 72
-276900607 -561457928 502 478
-849361190 -823501027 2060 -610
66991898 143536442 1429 598
-382609870 37977912 2307 583
31900074 481456345 2601 -197
915386623 895079643 1872 -48
580404088 -639305908 2087 574
142764980 834909804 1126 508
-399981587 453972318 1360 -389
-3703352 -759779964 2790 397
922628089 244331982 2080 160
-253509653 718951218 1129 285
-942044911 -172765471 896 -317
-162152302 487964147 505 207
-586148444 992371596 2407 -127
-340221257 769867915 963 381
957708701 259581490 1559 268
-854703836 33139606 1551 -11
-757251064 982277468 2360 -555
-647061950 -728622972 67 -461
963185402 -548649583 2409 -673
795200749 -98815976 2582 -105
-833269533 61844201 728 -180
-210175243 -4564874 2874 -143
714786703 141262353 1486 693
109287049 377242333 1672 114
-634949370 -368342419 887 558
390661045 -309503604 1129 -414
626174991 -408966847 1999 749
-330399258 -481248054 1247 216
890686805 -787984153 1422 -101
-845179905 349142596 1398 -192
-841167421 -42843952 1602 -85
-620464303 -585797456 151 -541
-744317328 833330560 1033 487
-870691208 -276220031 2793 -201
303648829 828922024 2602 60
-72444117 -841802080 1160 477
-352772468 -713962496 2042 633
386854054 143495301 1878 665
-370357867 371624537 1279 885
67888419 -215922938 2425 -667
-238861344 -417354763 1697 -568
682845533 -953583092 1189 -886
-929543449 749406943 2781 -831
-308479453 837502786 461 -170
734534800 243027372 1781 -28
-311436816 12460973 1331 109
-259802925 285835521 2421 -739
-482994017 -906021806 2948 694
65894340 505473231 1604 690
-242803031 176566384 910 -751
805636617 359236468 1409 668
919674749 653190018 1237 841
-764921609 -334662193 1963 -485
-719115488 -763315114 422 -814
-579821969 114479275 2685 890
-944943069 -261228986 758 -473
-279895144 348404827 2515 -828
-242178180 131017961 1665 218
908494990 -966326212 1567 -571
-46802263 125407122 1643 961
-515720749 -635650412 2333 96
716166 611784292 500 -420
-253064824 479172437 1804 684
-741173392 334704525 2713 764
659362196 -314478124 1900 419
-375193383 -694343680 2994 732
463792894 765912966 2703 -492
-677923049 -690649358 2798 -587
914048045 -790412141 1671 122
463086030 555809971 2634 583
597863777 919023405 2702 -180
790437432 -673057691 1441 499
-474188696 614809698 2852 -33
-86210078 252228361 2107 727
-400677830 -105342918 461 -261
16730785 -947165438 593 -988
533641279 386213068 83 111
-546233642 -958163579 868 -329
401763356 312522911 1417 834
268735693 -917619031 226 -505
-462253530 -275804622 1678 -687
-600092156 261903070 289 90
-188660016 -358226262 2079 185
-434615892 -168676575 2769 -385
-761808444 -803656489 14 395
838791688 -735312301 671 -111
-913919792 146038980 1750 -983
-617175570 234529883 1915 -810
407743712 996787617 1227 -710
960747258 -859334658 206 361
139077391 124245139 2657 877
-158997542 -692391481 384 376
-668209645 -69831145 1208 -388
-271754307 -424572021 1731 570
97607398 614491327 261 775
96935055 708337490 1440 -62
-346031037 -230691126 1629 949
706658788 854832515 1423 -35
-186732752 -921365963 2474 -731
-658750879 602258195 1509 279
-458764881 304584149 58 -719
-997509295 -608345983 1799 -395
-479319675 556806310 1345 -615
979878402 -428787008 208 739
278458739 -574906979 726 -206
-795294039 -738190061 436 588
308227691 412427658 2856 567
-501124048 -551924066 2687 -956
-657807424 73119991 2944 390
92252506 846132558 844 -707
640055699 278084102 2713 274
-468474429 786294167 2215 -183
386031278 -459714012 2749 -805
770955989 500467736 834 -937
-421769213 -114409677 365 -526
-950212002 -220292825 2002 417
-802522801 -294373996 1803 -277
161000317 552251750 558 -624
478358336 -879537871 2102 964
583229614 703096783 75 -305
62360037 -514891149 3000 -266
-91960278 -952537255 293 -350
-864740101 142260517 2909 -859
200864915 762240008 126 -467
-883817937 402122506 1331 -886
868214590 283430432 2802 634
124069987 -76957293 1051 10
924403509 705188638 1092 680
141011658 299626616 2382 140
784566738 -673564878 2911 239
765031439 -217269168 425 873
-639411261 -675259888 1328 297
-748171821 -104362268 2942 -303
887617977 733888543 34 22
-53378489 638551212 1545 -202
550997037 -145173366 2584 -747
-249968418 -476761103 1586 -453
-819983763 184416067 1671 899
-357405537 -496964543 2673 59
90356273 -323997231 2702 -864
-993732589 -578158506 2278 -17
-167600234 -12305646 2089 -811
876119553 109459990 1605 -270
638436644 -455713854 393 -64
234305037 -798952220 1600 -317
-352144754 611808253 639 -690
-915380514 -283133412 2437 429
193456064 -85897086 807 775
-391198021 501353303 808 -707
-186461695 -983708397 2339 924
-665808798 -11400853 2140 -848
638326689 -682288502 392 -299
794304903 -228045495 393 953
-647354687 402851658 2744 435
866933733 479786049 2759 637
197613390 836923590 2175 -35
-428797695 -33884584 2702 -714
321780702 420785344 1497 -995
383502914 -678618689 2842 -293
-957261776 537983291 1535 -121
718245647 483200450 1900 -504
-607693158 499331400 2979 413
-683191517 -592882272 1545 -200
-271623179 -998955818 1791 -725
55573455 -188910568 1573 282
448621823 -274986238 1290 975
-169834172 -666297277 752 531
230806703 984615156 2803 981
-701491624 -571310524 946 -985
818060852 -965073494 2333 837
-638596898 -359210399 1949 -54
183180177 -549733502 680 700
-849090693 -5648896 1771 -755
623896193 -713407551 1470 -536
148207768 -1091588 1442 768
-317048056 -181227714 2645 -60
-206166316 422484010 2652 920
-604884431 -539614828 1318 470
-48916509 -786778063 1409 -308
537153050 -869733284 1987 166
513440685 -950932621 177 906
668697810 44046136 362 -314
-826232369 -826601229 1128 -257
-211241071 802121473 758 -519
-207358903 -304876673 2944 -904
333067049 189732759 840 404
636624917 -448189472 2336 570
405490732 793344036 2715 -609
1771990 -640148632 1545 353
-491327935 -599033554 2393 16
69419635 940015343 778 576
628250005 -450802754 327 206
-792575675 -975722471 1441 -237
-462507899 231902836 1129 -176
304684920 828890674 521 -867
-382185508 -750681432 538 -113
809103672 -953957356 1868 94
831292075 565813144 368 -617
-124944035 347657058 2116 -488
-530340027 -346777401 23 597
158366275 -438747717 1804 -2
812859313 -79297013 421 400
835540833 429146782 2778 -528
-465209874 239683702 2026 -629
421911057 766806421 2982 -476
414016727 -173838754 1926 -864
-238088109 -936317413 840 -405
338636559 -104184820 991 -268
-240911504 -607380277 2214 171
-726462647 358335216 2996 -973
246938625 463009413 1004 -425
-89562888 -510441970 2190 -226
-883411019 -162357005 2333 374
-770804495 347197027 1551 -1
-280216876 442591668 597 27
848194366 460187392 2049 242
-37939961 230341388 2526 136
723305221 -867573340 2644 830
441129292 -786238551 1744 -269
-315976548 -251900535 1341 198
78640889 481915206 2514 -30
580613597 -702727799 1693 804
-506357339 -586798877 1527 -273
668429844 750336910 1909 3
196208720 174938013 355 -584
-969784419 440717120 1285 27
365281821 -285510171 1622 109
-916278358 434692357 2055 -798
969317841 -501152899 2690 942
126665259 -568790877 887 847
-790154161 549872461 1878 935
-574795720 350275483 2300 -152
-679345209 635812432 2582 -133
903714374 713209071 2952 577
-589062556 248490571 312 -575
145852478 910782292 2778 -551
298269269 800368482 500 674
341415052 356146247 1303 -523
363993083 -749935940 2829 688
996282004 -809128575 675 384
798772104 742361669 1813 797
-258718903 309986307 608 323
-221930354 157223290 1218 758
152923830 111772892 2280 -269
-117299558 -414582909 135 995
64160878 -818998943 2803 314
-5537530 -110202071 1247 -862
-5414260 -841719859 2107 -629
11966495 201841134 2674 30
149058687 264605809 1637 -600
-132182001 -982982428 2639 -622
-886158642 883996836 732 -596
896983357 -18712818 2304 75
-124295885 -764172308 1471 -76
-780285309 -406315496 2745 -803
-126197817 573398323 448 821
641881355 60805757 2690 -5
745203181 -29375412 1106 759
38828579 208620878 326 850
545312985 -361710010 2240 -76
48103860 -707606579 1859 336
586676384 -137476710 2137 795
-352988732 593451678 740 -5
-419771745 972214889 2421 -279
514988390 -166628794 421 449
14868278 544429707 207 -370
-268699054 594213718 1304 711
96923955 -804549339 1771 -183
187977364 955370677 758 -381
-835219452 773230261 1900 522
-624637617 852004269 1105 -68
-134511633 650372013 912 103
561306045 -759192942 610 -642
351394251 -17628101 2348 564
-258978273 369348875 807 -345
-999613601 -870218584 1469 -639
-367911723 -402566550 2508 -56
919549609 399261931 1318 768
-875266506 53553008 2852 804
-78813623 369482031 592 797
697925715 66087831 1660 935
-208053509 547267719 209 -196
-263355864 -37921719 46 -415
396008107 -224970809 1677 -277
168074422 111216986 2208 -49
-471136753 -532033816 248 -135
-878236435 422789072 2839 165
701606206 476620438 59 660
-327204984 -792101926 2305 -381
887388088 612262495 1188 712
-863706917 584629761 623 677
813553793 -135181738 1667 906
263665385 928449601 2948 459
-747005435 169663339 1007 -939
48934074 912631764 1424 921
-981667852 -25145476 1079 -69
-694779164 939623282 2405 -344
894669526 950075040 1335 36
833775422 149158509 1070 709
-805656817 -118818018 2651 -588
705675555 -488037313 768 -937
252372657 -336636117 49 945
294956220 324447680 201 390
520172018 -94910878 1392 -25
-703522603 -428361331 843 105
-36278503 385750174 1551 963
302545749 297796359 2266 -929
-77180156 -787018374 1364 769
952213806 -775697086 1393 -2
200903132 -718603042 12 -705
885046504 -77196478 49 -42
-915353190 -536003760 1852 419
677299383 240085677 2288 592
780697271 833687085 636 -769
-193061966 -130977373 619 629
-134342915 575136561 2673 77
-284559874 -54045452 1310 -102
70649488 -259303576 1321 -822
-533812460 25880057 2767 -270
961490317 -574634840 78 -497
-427190887 852190350 2570 818
-827156869 37074159 2365 -848
-629128431 -992163924 1959 -314
-25639660 766788878 458 228
-118151607 430788470 1974 860
70621889 -492568193 2263 -873
-414689328 394395700 479 -118
-416916221 894053452 952 920
651731343 195089260 2272 866
731767672 315824554 2785 247
-411523117 638772002 384 917
-152416810 -641909943 2193 435
-680453880 240765230 598 681
526200342 528010445 816 -30
93884364 -94423279 885 561
643661915 -788524317 596 707
-20723028 54372359 2000 -654
551721798 766302118 2354 -319
678350827 -403147096 2045 370
561643488 481250912 509 511
-867581186 -996152553 2637 -761
-775201118 -813015502 2256 -999
-855791518 696043197 256 299
424981097 445335554 779 618
-876523688 729320096 1782 709
-695066202 207017364 1239 -477
-339198370 -525729040 966 913
-978984282 803424038 338 786
-182636850 412791156 2566 -878
-221832052 454839409 2074 515
-810778274 -530943496 2758 -500
-660031341 -116452272 1877 315
-44478014 59652898 2964 -233
737869421 -648831758 1022 477
-31639780 916879274 1993 419
-20048521 607313573 2603 274
-200858808 656858771 1422 -746
-854504073 81394491 384 660
562781171 -353458816 2526 209
871766855 435205167 436 -191
29633503 355876639 1130 45
329084654 226338802 2127 412
341849246 -769159059 513 -754
-338436637 191729832 2178 719
37326721 409191099 512 136
-872753761 -803217272 1965 984
366925461 123976149 542 -9
650473134 -600775752 2140 -809
-266323038 -460897196 1657 -633
620186604 -674516977 1234 -527
651131078 994377340 2696 414
-126076065 336412351 2474 921
135805701 -868544893 2051 -96
64904014 -758206229 2912 -557
178157941 697649305 1211 -680
-274490964 -888961951 611 -759
635087975 648978225 935 468
-971103013 878769748 864 584
591474995 572549815 2144 -846
494804886 184375802 2333 503
-755657243 319280054 1824 -90
979072765 -296753476 1201 23
900807109 -323551916 2423 -44
633332058 216700498 2587 319
865507469 304844137 1223 431
-383401945 160031645 2397 -965
55403583 -762196512 1774 944
-892611976 806159583 834 -665
-418753622 936733228 2201 -937
624639845 109242711 1161 524
246333796 346835761 201 -106
775259421 737775343 2081 626
-801276912 -3885769 930 -5
-803451850 -600614788 570 -216
-577326683 329128457 1674 189
339940694 875921173 2205 -519
349875049 -171985118 1843 -88
667658611 630577313 1726 -854
-248936706 979919216 1129 941
865553613 -599160946 2564 604
189917908 -567640658 200 -540
256848768 -644038002 1963 326
607081666 18222028 2895 690
355830669 -32177159 1011 -311
-799829770 896539759 2332 116
-200130160 610059362 2321 -360
285476816 663884220 2469 385
-409492088 -146221468 247 -913
346059806 211781198 2494 -919
-472009807 -89458598 636 100
690988193 959723120 2861 -568
-298386133 -667429280 570 -320
-272109979 -410464958 866 -101
122103193 -222516807 2885 -758
303193849 -456606907 1051 292
604353679 -418649596 1436 127
-765530703 -41223619 1742 -988
134556276 586033782 2809 357
837631 494521474 1866 -15
-743340878 -774998757 1512 465
-816286445 770456731 2067 -756
265181570 606955276 1201 -699
-619078496 267844179 2733 242
-63022384 411211327 2240 814
-347917577 -768490632 455 638
802879148 -532550176 1016 -45
-854687235 -717328090 2321 -919
805837793 10099607 726 -731
453537145 701909857 2421 872
424391547 399133990 165 -650
781863379 -746770851 201 -133
-813256293 -312923440 693 957
743012801 -944503294 684 -203
420407008 -820325051 1855 380
-330201086 22290892 2046 868
-998116393 -36715786 1481 -162
-250086415 449565422 1584 -449
-807438433 663134815 2617 240
326805753 4374567 1940 850
177938262 -983450963 2762 -370
300022180 184281943 1888 -808
112416991 -179220330 2752 855
968572409 843785627 2699 -564
-357524221 -765139903 2407 192
-974219767 -183537032 2648 460
-842951454 -847532572 1878 558
196512395 610493836 937 459
923485210 354021494 198 92
-980240463 614778187 2941 -985
104347076 828960098 2791 -903
429604193 880312130 2583 -117
-579586890 849557729 2223 944
799147362 -377221447 471 781
-303223163 -26026955 991 46
-719655491 152949137 1532 -785
344783269 -146940534 952 684
836779618 -206711837 1654 -974
-322033662 -290540674 1551 668
863421230 -747718755 272 -652
934905991 -194202216 2611 -766
-110896279 893168742 2412 -346
294727544 -3711559 1735 959
-456092455 861181982 2294 -555
-442711843 -906813113 598 214
537250498 78914201 1982 8
812113995 -383986748 558 814
-619689476 107426086 1964 -731
672849734 -825478644 118 501
-839301776 -250926117 2452 -404
-303434963 -628028501 1628 68
815344112 357141326 513 374
-236222317 627297125 946 348
942937930 963856820 950 10
480876526 -899297612 1868 -443
-715618620 -34138792 1971 -264
205246084 291569102 1129 -211
-855797461 -336664134 808 -573
-164367837 -750711530 123 -74
895674700 -372453939 2440 -148
213522291 365755101 812 -963
-903462849 140355991 1929 -500
309925161 441201769 2256 -545
-610972201 -179413690 1007 -414
265819703 -10910551 1417 650
-151277554 -715152795 1442 -139
-868334773 -179953081 2081 82
248364409 958329682 1247 -630
593609114 -869055819 1149 587
-844874336 -493039155 2894 -422
-615717967 242306564 1221 -152
-932697744 615228503 2745 -343
-66261218 -721408148 1421 -672
812803460 -545261282 2665 888
207068748 -194586682 2201 -374
-422654044 -462398869 2959 773
1079175 905807481 223 -97
966087544 739409565 1782 446
677772880 88554436 268 -291
-159383286 -620635649 2578 -148
-419997457 -466098747 1367 100
669657846 176329058 1934 -80
313583546 513054069 2533 -194
602256728 414074815 1062 455
-418245872 561192007 923 -955
-693850606 -528992413 585 455
-622622701 -683117296 2929 908
-44215808 461947737 693 1000
982223223 878041214 1342 -191
-55374762 803554268 866 452
-292650310 -322469235 1741 -16
-72067168 -376935875 619 365
750963417 280936964 2119 401
550216857 -50523136 1047 -141
947068432 -276984319 598 -301
-102465325 -85309402 2469 -743
845688565 -811419621 570 -725
-661894321 -253241084 1441 512
910869031 665358873 2179 -41
988492759 -412054925 2025 -366
-994217562 -624902621 868 826
-433903828 622397005 2579 966
134779052 713740276 312 -662
-771595680 985676600 959 853
-734150705 -132021041 978 823
777846647 59215716 674 -746
-691642151 388732170 2193 740
-238219553 218249416 1999 254
865123825 895012473 553 245
-955817595 -516389767 1070 -621
-640030224 -999312680 1671 705
-90757059 354101185 54 -614
383990133 9070478 2081 -31
900215978 185675222 1522 -846
227161038 96307468 1020 388
-872507149 27067069 195 -742
679394482 -428067780 356 -767
512051136 -759051318 2863 357
-304619315 -713018725 1027 21
896894631 265837475 1853 975
787678164 820293376 1441 796
325259385 -690825849 1319 -968
-117855682 677186560 2831 -690
900531651 571813782 698 324
304867448 292058227 1030 590
-429670231 557059099 1376 -645
926082686 177734945 1885 290
-376952074 -593890417 1904 -310
528878370 708606118 2182 854
-275768028 -722669618 2847 -895
-878314242 -744748379 978 567
882517892 109574456 1003 -553
472393423 -182327884 1816 850
-910782594 -640935930 1943 367
439996432 -827015447 2158 14
603415549 39075288 1291 133
605422689 -22129496 2524 327
-905422164 -213839300 1573 -546
-868372102 -74105087 449 774
-564987023 -409770106 558 511
-775833508 -199919718 1216 -563
-439709144 705384492 2896 -419
-543443887 -335824391 2559 -611
-373296864 755606359 1024 370
716376513 907555900 436 315
-36340126 319605757 2939 837
956748309 -759363041 2079 -976
-648464784 677001009 2029 753
-383279014 -186098250 2375 -389
313622807 314207097 847 -62
544831771 383184421 1103 618
-506107477 570437574 2309 883
-996108908 -685403297 1441 -23
-723178187 -503443720 2456 709
-435546207 91951340 2125 -513
-137385916 -255290987 959 -74
-818195217 500244645 874 -50
-258729818 -85676064 1604 398
182579347 -838689860 2171 646
373592153 886286093 287 -865
518501006 581957251 392 -288
-329899577 526691845 370 -863
839278679 -125327453 245 812
952946213 92780482 1147 832
-368266852 899945752 2912 -88
982877413 245743587 2389 -429
687124010 520387142 1105 849
954019593 -425173599 2696 781
818423647 -301477441 838 -449
72260317 324453527 2108 -210
744590887 -289046594 2561 -120
-588422668 657398686 2745 -240
-118231443 38783214 265 -988
-821278772 -916886030 2409 -653
-614073685 75207407 2137 995
663783250 62224965 1269 -41
-129853640 -233520528 1116 431
967509746 -259229256 655 136
-392700473 640667435 2979 -902
469863986 -692549897 642 -361
913936492 151995632 2230 830
347371055 751320271 1381 -115
-840015668 -867402637 540 769
-501789216 670098791 1479 -200
223420108 957638089 1528 3
195546212 -730327672 2228 -248
201562761 861311840 169 -740
-287367030 839989812 1671 918
375828243 660193003 912 -222
-564619009 -333383228 1341 428
254163316 68491293 1196 265
25015302 -676135306 824 -955
-52395825 -65680908 130 -929
611476602 -340360573 684 -243
-450295487 625621497 66 -802
-578099328 492699830 1495 -523
-347452428 712057987 1053 267
517240598 -690716137 946 21
790360653 -184103209 1132 -535
320096996 891782097 133 -476
-537503549 -552468394 1837 -594
-387322466 730266316 1070 -340
-750563272 832324628 2638 -597
-16863064 213499999 229 -840
478261484 400816707 2235 -644
5547733 448348992 2905 -787
-427010654 272154649 606 874
-4799477 -118717679 1578 -944
909478846 -138583570 1545 760
-530956305 -276415746 1278 689
199955101 440581357 2755 -253
-659473569 333426706 2239 796
-21384965 -570505191 982 928
-432594702 -756935690 2776 -490
240414827 -286403250 1378 -518
662019476 818956208 763 242
-904086867 -311364507 2907 -640
-567086958 552436295 1620 -484
604331832 -761366642 2230 -188
-3739493 -820811417 2255 480
-465942455 829728858 2911 94
927083819 633199929 2375 165
639835677 752324516 918 -483
1952249 -434195110 2745 267
681151412 674919834 1216 413
91982252 -122065349 888 370
-159598307 342720776 1691 604
660516868 548598519 2880 980
614879300 -554643266 1390 -721
818759257 -305312096 2753 306
460415910 942458433 804 -67
-221686630 925322190 2223 -436
244611032 -228868348 71 180
604297545 720127110 1240 458
496968117 -187646435 1643 301
-244554706 -965204589 540 -729
621520247 -53400860 1573 -188
723943415 -110367695 1680 273
667753238 -779516136 315 -584
-63880456 213562919 381 -791
744379041 -299359696 1678 -990
-468634934 -225535547 2919 150
-11888666 418935976 2608 -632
547147755 859208385 1679 183
528998773 -387381801 1105 688
551959211 -289092916 1360 -414
-539723289 426530145 532 493
91653690 557735448 1965 774
704752232 602348511 2128 -671
-195020851 272120632 1714 888
444096810 -818805155 2031 790
-469048875 387556492 1287 -231
-815533552 550747133 2139 -439
-538345774 -912391560 21 -612
-458044916 -788890789 835 -87
-972620446 302005201 514 573
-206022371 826851319 1360 229
984654860 991211382 1898 520
670838075 -257177092 912 536
-350807241 313030300 2606 824
306366746 674801572 1457 794
-831899956 -760456834 1055 360
407520968 -954265281 1423 488
411639300 238725739 2977 -971
-989604862 471521188 1334 -570
-305958473 508563226 411 963
-235130121 -560343624 2139 -720
-782305756 -442543624 1465 -336
-940160877 791410887 1726 996
-1475908 634199631 2515 -984
-320732514 -62933151 1857 45
762231929 -544868215 1709 -871
-411001376 136960898 102 -379
817037388 -863513915 707 -701
762164534 -46788919 2991 -894
-95682974 764902504 2875 -756
-28059987 -919067860 981 87
512805457 -474829171 2804 850
-270355543 857819387 465 -749
920379479 -259228907 980 -543
-424265107 302961157 1903 -146
-741092119 -835528796 1354 351
-189047640 876216 2053 -84
-794446976 -293169937 1929 428
-630781939 691684224 1300 -7
-538084623 996055114 190 -781
-694992833 -941929866 1237 -889
49072599 -624947576 2469 -647
55267253 742729076 1408 854
836678387 709230748 1548 772
-860734996 -349856438 1559 875
-217456264 -887465908 28 964
911098410 35268976 501 -803
141324876 -187812614 411 419
312710485 -264290059 61 305
194228111 738991492 1303 822
-172553593 343237608 393 -175
324962413 32838056 1121 -142
-1593834 382744520 981 -320
-757729361 -759578350 2987 -864
-574825705 159978273 2307 381
852069026 -694266178 1735 601
-178575963 258291231 2400 564
-686327618 -952509470 2396 -401
-364157087 -718324253 1782 54
378527345 -613840871 1578 509
-977006629 -758091920 218 864
838099880 -869919516 950 -456
-88046656 287424950 1810 -16
959813437 115126283 586 -53
-112807153 -599164499 1455 259
-555329310 402572076 355 -557
-753367276 -15732751 824 335
313971839 335866538 2750 589
-268364613 28176584 655 72
640299190 -964452481 2033 -510
280815321 -217610985 1796 -397
559731382 -652038260 444 -308
-164890568 336457900 1129 -333
890511583 -731692827 514 908
263922452 -524300872 3 569
439489718 955102658 2214 -133
-29483925 -946694218 1071 -485
892097729 -950696817 2992 647
382801421 -831697549 2438 427
-182892411 461477289 1429 -596
-850815816 320603631 1188 177
-682578397 -652696575 592 -799
267929744 -684920197 1344 -570
-235851618 139141293 1068 27
-678134176 -230362897 2139 -535
180970212 -914544788 126 180
997656309 -703097779 408 993
-406673690 832004160 1417 -787
854561328 -826416771 64 632
127216715 -802523388 2912 340
851295330 157717707 3000 -271
351415340 -733073723 1089 -172
-171987410 270799832 1451 -777
99086108 -515934514 968 492
543753307 919222623 2664 -638
-991112874 519404443 2767 -847
-27267532 293712470 706 -62
-472053641 -730682410 697 873
190117530 694697115 352 250
-461427218 -972253255 1311 247
976004737 645477797 1334 414
-818812980 -208936058 2370 -522
574530258 -117466256 826 -993
784701151 -798550222 1600 562
-317705166 -573224340 588 689
-83750930 -929489579 1708 -888
-510200151 -340555301 1212 -392
-58388921 723086998 1831 562
-487194213 -218775646 2552 354
82143629 376127462 2948 616
864667270 612164649 1723 963
-596057212 25533406 2704 896
949331206 -748587372 1036 871
270946352 969132456 2309 590
470905246 569058805 129 614
509780877 -999759900 148 273
-503589365 -459604585 1601 -637
941643643 436007848 2354 220
-128056720 918262420 2262 -179
-532283318 -553514480 935 -169
-44649699 666379869 229 73
-436340656 -780593108 2662 472
965775871 -130258601 614 966
898768893 148308888 1280 326
206043073 842115354 2977 -306
-113232632 -499854351 683 401
-812754730 -802226607 1193 459
735106170 975106557 2906 -167
-300666198 -694504320 1043 -762
994532969 922091864 966 -923
-56088328 -658762845 1429 -200
-856375630 -911937033 2559 -344
263507918 858499145 926 -140
598801650 886798631 963 994
225109670 -739922713 2336 160
446675934 926565928 2684 947
957387737 62732932 1329 -323
968142250 -674690530 1054 156
741327907 203503234 35 -30
112597714 -622780492 1287 -919
-15859402 -428658491 421 101
-623761304 -671541948 1965 217
-67153395 -808600021 14 -841
-62902102 923472505 808 550
-351997293 -961677187 2062 -254
371323204 385257184 67 346
87721820 208882703 373 -195
-460406698 -688689626 2604 682
60287569 913339237 298 -817
457193979 -282169719 1908 210
-638156626 -56121119 1938 487
68065981 -455728186 866 -328
405394890 -937752621 605 810
735753837 639103563 180 -887
374722663 346430166 541 671
766720492 -381983247 950 -678
-228229479 448226127 342 205
803972479 -596803641 2666 389
-473867317 773939056 2699 39
-209773361 -614554977 2473 400
-743867512 760910499 2948 890
-777087952 230563816 1374 -39
751792058 427590945 546 728
-230865007 482975475 1716 784
956264777 191928178 1845 -670
-753884605 -418794928 2033 -221
544085466 710124182 2993 133
361735032 -71986961 2753 -187
-405691695 488722 909 -436
531495695 530669058 490 684
733609246 155273304 455 -811
235315096 446044011 1062 822
-222869930 29287109 1824 -230
708841123 909566602 726 438
69854541 235731725 2357 -135
-788019229 -994459879 1822 -869
904666241 230055725 27 788
728117105 -573876906 2412 277
628120922 -773169407 2604 -629
-450748660 211767298 611 -744
-623236742 -594667786 965 47
376545598 -635875653 2672 -541
-100810101 384920271 1076 714
680700627 965617256 2737 371
344317823 -757363048 926 483
-681911478 -745884393 165 -117
-704425586 330561700 1726 -55
724661611 -757701788 741 -886
-241960705 998076200 1943 -770
879192216 620106589 1230 543
-369210384 -296130684 1595 -825
127055247 -24673480 679 842
-197011987 -708566584 1256 7
-408288414 323307458 112 757
-176565745 6372929 1296 764
589708851 675739581 2821 491
601187532 -123251238 1562 -741
261793743 57998083 192 721
148325927 -456745875 2221 66
-394990423 682567760 1965 711
-141414871 954935385 559 -814
668041108 425951931 2737 643
-803851954 795756003 277 893
141392456 88062260 1574 520
612834388 261110189 2207 276
647779965 223385134 2137 -491
-811562885 -106641150 2550 92
-121888042 550650917 2644 786
-453746028 420990105 1961 -332
337892871 412111854 1392 766
457356042 27796463 1141 -928
-810379825 -854556722 1378 483
709413558 -844589136 551 865
364963922 530217371 1212 -812
-422049786 740512143 912 -859
-472497627 -109317900 2456 445
-411945130 388472919 2937 -492
779635361 636315381 1155 -466
-653704519 186237696 1024 379
-96330479 -94680903 449 -183
-522068886 470313284 2798 -33
60773770 394759521 2418 925
-381875108 935729786 2513 -812
244166554 916327493 2240 -101
941039806 -627821042 2364 705
-680704068 -219906161 1836 -110
910493777 895358518 2466 -822
-132319979 433522674 881 156
15130064 -973756447 1885 831
6512724 890997114 1216 67
915827515 -8313354 756 -177
-658811523 682366657 2761 -983
-379148908 -591571826 2272 -517
68684042 -241191942 1926 276
-49484708 798231236 582 -210
641708715 -601415491 1580 405
847277590 421171650 1358 159
796104771 44064740 2803 -770
247563908 -546240250 2954 137
667611250 463517648 1429 -790
442896642 -164961256 2564 -530
-554065211 524219050 2497 995
-219143995 13586910 1953 674
-579908717 563717020 860 964
116127585 175114541 1936 837
594171060 430480836 464 40
513341663 862810679 1295 -415
201163166 956249937 1567 -815
239353339 423953102 1657 856
-166264431 -783491619 360 46
498100832 248839476 2050 836
880215478 -453021742 1319 428
109166142 906893682 85 -821
-926027998 -21781940 1173 -348
-208745163 426613201 2825 -564
-329560094 -278812312 1784 -558
643370090 278778759 44 995
509332834 -989425223 1165 637
475740394 227702966 2937 674
601776872 26269316 278 916
-388592645 -549461499 1162 783
703819516 622651311 2073 750
-198113846 785843103 81 -968
434754879 164311365 2440 -573
-6500690 485550566 2680 315
88536561 -667582069 2584 -993
23611362 -104066102 298 -629
829020834 55200178 1131 -868
-233668044 -681562954 654 -788
-124004063 28914345 2679 475
-444260708 -160843843 1674 -868
822969550 -138025533 2875 -309
884298650 -169555636 909 337
92384 138866402 2199 -838
-779912425 -495711464 2754 976
591919235 800287097 2795 -285
372017304 -465518272 840 -417
-509987198 884327062 403 -374
-853896793 108819055 1643 840
602631560 662591761 499 207
238588208 -401732381 1879 -695
-685837343 4180874 293 21
-639284098 66408079 2365 -649
-744020756 213556087 2135 594
-740214959 -828026249 655 338
-756011097 -477473320 177 151
273428655 -244442995 1881 -699
-884337319 894724406 1463 -90
890833526 -414563839 979 -398
836452918 999227533 1335 856
-202444530 451040424 1322 -921
434888240 -937138809 809 -307
757377480 -896815687 834 -698
-932186258 460781144 1870 416
-28494308 115017804 7 253
-437585789 -526938845 346 -973
630117751 119880078 1601 893
-122519774 809663641 847 -52
404425230 -750057748 129 92
-411880276 316615923 1671 -225
623202698 -456887605 2172 -737
396238719 -402477666 1771 -195
-494351022 351977941 541 -259
-19607298 426485878 2228 327
-888120267 -206780611 1979 304
-371626644 5665127 1538 938
67797739 784356934 643 184
-699226735 -995654375 946 457
772711755 916988345 2047 -748
835043439 116772866 648 -26
945203634 318857217 636 -465
656739233 799746199 1698 -715
-307661462 258244229 384 -9
-656814044 -966449907 1151 -400
-276665930 -764068891 608 686
-603585437 -110355995 2536 974
499819248 767044457 2901 191
944661514 915961535 1657 180
249754099 -77047309 1453 -795
-441952999 -694208573 2607 -18
951266932 -776141786 1877 -316
248224449 951516635 1331 926
-261358105 303914305 2031 18
434275310 -519229888 1480 292
878855398 -128384073 2087 -295
-978175674 625205146 811 -395
-920785826 254115429 2550 5
-174967265 -349822 1159 -112
477091647 -186192881 2010 510
-200674591 499282587 2230 -609
444173751 -76060259 2545 721
-975251811 399097770 1852 -818
-888520567 330622394 1531 654
123664412 506135751 2107 -677
925792960 816229692 2278 -451
-109161429 976278565 945 252
-844609104 909116655 2236 468
-497296880 -197216643 2346 180
-393809121 -105709676 2399 584
59857025 553560564 1989 -465
-83770235 907596950 1741 599
-211374550 649578957 2990 -488
699067992 -822409669 1033 -294
-919030292 -223432674 952 -450
-386286191 57283586 1616 -221
333923246 -955520443 1408 -902
467092961 -774983617 712 750
-362219865 498617578 2892 -366
-24402003 200741565 799 337
770048260 508154610 768 -914
-910995486 128836921 189 -760
-383061372 -907525458 37 849
-333227949 -542151175 2534 347
-890496797 -293410603 1520 278
633370378 -201269740 1325 434
-540421367 -335859933 1420 949
-657293162 -901853938 820 -103
-173133983 201816125 1054 -364
-396123931 203416094 2526 -445
-588832135 785867734 2650 -505
-476210441 150443520 278 -630
484558027 704752330 174 -420
-586358544 519581459 2795 57
-228500655 605002934 393 656
814388376 -174121068 2005 552
812142896 -367332052 1172 -846
-888198568 -2339031 2277 799
-941430997 -324040250 2388 -284
-430686434 -274876700 1256 -381
507881673 -507123404 1809 773
-628187910 -488554991 1647 -359
-728885933 898090010 550 752
851416898 321054618 2866 -171
-435146710 -52116826 7 875
463077676 -849737905 1173 -595
796476540 199384874 1441 552
-682596535 -715938520 372 -235
-930755081 246031159 1799 399
-315224968 -498556009 1738 -981
602594477 768443700 284 197
939716515 434600815 1614 -904
-493421674 84830262 1700 919
-787439035 -301409539 2189 -345
598097208 -952904324 1304 484
-599323882 -227987384 866 1
560814958 550261728 2703 -36
994970848 -954193434 107 383
787245862 26930616 1868 387
-86786864 242281381 1256 714
-62051060 -847995855 1653 814
-316985008 597234883 2457 204
283418807 -498292171 528 -220
-961356707 746355753 2679 18
275437606 969134691 2632 -93
368515271 973712458 1814 -522
-659227968 605107982 2632 -680
523913386 741451387 48 -540
-478356166 452429031 436 357
-936878731 830888090 1013 -349
-688339361 -117468705 1012 -123
-715928843 255231071 2190 173
350135004 -646556748 2201 -653
-265186051 -347450359 598 -591
-683799675 -796390896 1009 884
-561438723 920688427 1535 431
710338500 -777819492 1342 -131
927062677 344498411 2612 -713
-150767988 -593140025 1539 -87
-878829048 774794707 617 -191
936024924 564780476 2389 -996
541254742 -787747368 2245 -658
332254814 -20577120 929 -630
-234232570 -361454781 25 456
-951496994 -264483316 2611 -47
-897176763 -571370705 2505 404
955564526 662445277 965 621
-443287060 -625235878 1313 -730
-737719020 -834077632 2714 485
718830188 -789611658 2217 176
-684881057 -548537 623 -358
-435212192 262532895 1588 661
276976163 140793990 283 366
-617296776 9887307 1071 150
832315848 845795244 398 -659
-307882492 813648887 2694 342
408437775 -640962100 2791 -929
-72720492 -525894126 2573 344
-815976355 -43778080 1234 -697
701239631 767826603 1196 -173
53963999 -627617933 758 -445
-155272631 -84169814 2423 566
566846470 -390306516 978 852
-863379694 -613853925 2097 -582
853912002 -297865526 2138 702
919047954 -472968523 6 174
-58992468 555214318 1604 -732
9948867 173218098 1022 -253
-715475 470426122 199 -49
581503138 13940690 455 -601
756122633 653175598 141 848
-476247780 -748415658 1076 -654
425301815 -849316572 1999 -359
-350665880 45813573 2206 514
-29679115 -722656287 1699 42
14663963 -672922701 1272 -935
49139023 957976195 600 45
-291493033 549385436 558 -974
-429606480 -830209988 1105 416
23354517 -759037919 611 -89
-270534073 178490162 564 -579
716821985 529612315 2223 -208
31077713 266363140 1605 78
-137924419 456899213 1022 -285
-808893832 293537313 1263 -629
478304862 -978316579 2632 690
-169850902 -966900312 1915 870
499524417 461246682 1551 366
342544127 289754259 484 994
836477057 -216453159 203 -759
85411571 767641016 2584 52
669585045 -92731018 2481 287
-603472367 591000192 1199 603
712266818 -470769604 1024 908
797046866 -654483790 213 739
55462036 10851553 1815 -881
480652910 813713649 1312 -584
388416916 48166727 682 -893
-768310774 47797629 719 910
-629410690 -58387266 718 756
19284330 -768609613 2621 -773
968221416 453927231 1143 209
45375337 -742784814 668 534
622573937 583228493 849 670
407215725 278395165 2079 -813
213965757 -422882617 648 905
-806646357 293081847 1217 137
92885515 129362023 1505 95
606275286 511321065 2413 392
876165256 -340769465 2035 331
-95495956 -502200488 2822 -842
-496518078 316698812 180 -804
960503145 -716514617 1076 800
772057387 562786244 1573 777
-75638122 113101564 552 -270
-453971468 794501536 2807 506
775825839 803494898 1318 -666
649953241 -532090456 922 -220
391016549 -456091237 1680 -578
671560693 -768963205 2702 -166
889968848 -93679396 1346 171
-607881461 -87670808 1935 181
222748095 -708376466 79 737
-361360176 398052526 2988 -71
-404331629 549323010 75 885
-438924114 -327805799 2356 798
657027987 -32505800 399 759
-40938069 317517431 746 -570
-53507716 -70857945 1247 -291
71223899 -942360094 551 715
574523114 -34437491 1185 13
-140804417 -967758188 556 -236
-935306871 676937329 2203 164
-652337865 44885696 851 480
-96142861 -395818163 1691 -340
176705515 -937952964 2295 -116
527262771 431879825 1877 -625
-428491812 -612466675 912 -122
970464880 -312347233 320 612
-42639579 -269045771 352 -246
143460811 813709028 1133 776
1828113 -824661634 2404 864
-376995853 -472294897 666 -594
-888903096 -626025268 725 22
-728832663 -270531523 226 1
110145876 338047443 2585 578
-612258533 85135614 1762 596
409825736 -835569770 920 -380
922472293 215394424 1188 652
942388036 -875900130 624 -265
-33110719 -197093960 174 142
-389298244 -834297887 3 873
-17996811 670672422 1414 -489
403817445 362972673 1335 344
-97119605 -609458323 1447 230
830924754 291259067 1495 182
-554778525 725891014 2182 946
-89712680 -99860640 1228 382
-218671755 -324835324 2690 555
563542966 -704153356 877 377
-490870872 -266869962 2196 -868
466152946 608200032 636 686
555671266 232288082 1428 -966
716738778 -685753306 1823 976
-749157949 70564008 873 -543
552260746 -874520107 1523 -936
826362586 951184669 549 -264
-641623070 340384161 2942 323
338644713 -76192675 2852 -140
-868454879 -465164760 2160 -383
682739269 488034950 392 681
-957259922 543379082 1737 604
-698780598 900916184 2820 377
472165104 257967398 2534 197
-198374572 573834277 1665 -992
584192561 200892106 1338 -946
-358371787 9556783 1544 -663
-798083013 320720108 2699 -307
809483211 -10751028 1949 -905
-601381822 -253787874 2309 -288
451795668 979433144 2814 789
-399457296 980956942 2313 372
-90911136 -135228241 35 -407
145865339 602551388 2603 579
-803247694 -349859218 1367 -89
-949650275 216037580 1785 -197
420241687 -222740996 2981 355
995662804 -355961142 2063 -494
-667683435 499569476 564 -554
-262172279 141840091 1054 374
-317650578 368807582 952 256
-711107007 -103709068 768 119
598575045 121834955 1548 -381
-493271979 440950805 346 495
-65912321 -451391355 1083 218
635309423 -722116909 2404 -340
-312217470 898511269 358 990
140054812 -737357309 1147 637
400546114 646009037 12 -694
251934905 425511008 2851 -355
612768159 271574621 2116 276
224153315 -503655720 2190 714
-598289353 -187756536 549 621
-158457442 157977837 2498 -718
-910780163 555003969 995 821
-746944187 -884668198 1791 -949
934721417 619639006 770 263
461758505 -326519398 866 -382
330967953 -644945261 1035 277
399603776 -441728243 1099 -157
860574516 -369386055 782 -746
641232554 223228956 1987 335
363884720 -250568718 228 -480
978279298 863150123 1633 321
-153374492 -858114100 79 498
-456598595 -155669646 621 80
792465838 -88307918 2933 22
-246920886 -754851778 2428 -318
-296928154 289367996 1964 763
305092859 842127543 1173 -776
734605928 261984743 2074 -357
412495692 -624553416 2712 583
200663118 591704273 2386 -20
-562109324 128033829 2795 -972
105726454 -846453272 2561 478
-13350647 -741634238 1593 -676
53396803 -987494029 2295 -7
-588001474 896207143 173 -844
568561220 -302317491 1573 535
-264065772 304743617 1721 856
763295138 483805188 2243 -487
-676561371 272535937 1291 -789
-134789723 115225581 367 637
-13711506 959860843 2477 -46
788228869 -345949161 1560 -864
-210809743 892648 2778 988
362318889 -970556696 1532 -79
-669399146 352545085 2212 -9
625629984 166059147 1144 399
588366306 689756053 2053 932
882196296 -248719171 1037 109
290666818 -156864628 438 628
-874477849 -725685848 1763 204
-375671733 175719234 1545 906
446717707 452357211 1494 -141
-573994955 782052328 2033 -760
-674508288 876181994 1221 -645
647641748 544689032 982 221
-455164328 146078300 2665 -52
699267575 -509310782 1292 -40
-264035611 980591661 1188 805
762884234 277584240 2714 -257
155216609 154058544 141 -629
977856939 -645034349 1810 -696
299195221 -538509535 1253 -476
-983442221 383480002 1999 187
538124637 -784740260 4 658
-405519491 609941801 1679 501
-350472434 384732146 624 439
329081197 775054557 1796 -320
333323352 -130747453 1212 -106
-109866425 669621569 2481 65
-584994688 -100080280 1818 118
-785568398 -825223051 1264 -910
937100265 -252597320 2256 -777
830184454 -785845419 611 0
85609811 -377343697 2625 -776
627002468 944246928 655 -119
489804451 -141574042 1504 887
6427123 190735879 382 -709
-414969306 287529949 75 455
-937319502 -526555676 2824 -966
603670099 902781724 24 410
858989567 715078520 341 345
-278174622 304602086 78 -394
-993049814 229273998 1057 -311
65847168 401505430 223 -998
238239478 311297057 394 536
-824191053 -468803126 1410 -110
535404082 529519110 1702 557
-592457018 -991502838 1134 -498
936055816 26282086 1242 305
-309435397 -392782469 604 656
-256035428 -210340841 1654 -709
-673286489 475113657 470 -368
698645312 83876471 2115 -796
721194005 844313245 1505 -640
549790934 805266784 450 624
895210018 728566509 174 958
643593069 -411675071 1548 -726
-867101854 91574804 432 149
-91599835 -894563506 1573 -985
930800138 237557844 136 -404
-580366025 -571774047 2286 -664
607626767 994335079 2885 -234
542236069 -847585537 277 -422
-913368662 424882926 424 115
890330650 -906173236 1700 393
-887383798 596162456 851 66
-121130294 -554392345 943 -593
536622911 327707429 2161 875
849266698 -472738842 2230 -908
873959942 -362319962 2742 -32
-116919101 -979841579 2596 -54
-615401788 -788122639 2906 615
-569660976 -350035744 2215 -157
-390131403 -336112792 1298 -291
-394824556 -407720276 2769 -558
-510825019 996642359 2682 154
-293495452 -789602606 2265 350
10084432 158467406 2429 929
-404976896 939483094 2455 600
17306830 833452197 2874 -999
-354422298 -990979911 46 3
-253009537 -982280916 1613 246
273240607 248417712 330 -911
925496285 56114059 2143 -15
-820615627 977615409 261 -674
424524608 -934371189 2048 688
-671671293 11177885 741 -164
918196176 -568823945 1624 -154
427759746 974199668 2733 101
549980420 479088495 145 570
-885067247 758388681 989 -346
-832612453 -189874212 944 -308
-579414123 -389350801 424 274
71633720 -583511471 1936 -958
724618215 -324887105 2373 348
-881859681 -507980065 1344 -333
-469296391 -541040350 1131 954
-526241324 102904958 2694 -140
674487106 890137196 671 -33
596968947 779738923 778 496
-791036426 -225900468 1234 125
-101084228 745176196 1484 -141
161797988 284322153 1679 295
-656714989 961026136 1429 798
368365663 -565096210 2447 -85
8136988 9364577 2405 -920
-863211120 -439100104 1335 827
780543785 504935158 1545 368
527132584 -357031544 1987 -875
497794282 412261895 1909 -322
-208226680 707759411 192 -183
981647654 617376633 1657 -958
292520360 -552353096 2032 -154
-362151310 62300354 40 -477
361168572 88171657 45 918
250750533 685219956 1410 -483
832972183 -933690511 2033 734
827869639 -387224459 349 -222
530542139 853220548 103 957
-112492123 -529661589 1843 948
-202831366 -764527317 1076 -433
-17715068 -556923627 75 557
495301057 765783351 518 -795
827596846 362503674 2144 926
-45146377 -825178583 598 894
621221753 -817646715 2825 402
-839194899 -947624483 2080 -993
809272949 421397609 2144 256
329953248 -422466550 1878 518
-642188220 -216131446 2265 -566
853245207 783635187 679 -520
654606861 625819849 978 -66
-292188265 676676744 203 -909
322623864 -786113843 2624 -464
-148244356 730804317 2237 -883
-269755791 -439601483 2392 -623
676471821 227323629 1234 -662
-64992525 -655082690 1357 -245
184945701 -852772275 672 -743
-94492723 -418923300 1984 -918
525311415 660859952 551 634
-119910348 -615843393 1173 -831
-648569668 263163243 2386 702
-180059960 488701585 1118 740
-625773307 -212403962 2285 -876
735280060 710084635 2215 -656
-127438809 -810676968 1141 141
70088901 492219406 289 171
-37979006 -623734012 2640 432
-714290319 664200477 2737 -432
467699720 121555106 1341 -15
-926491589 -294652870 1524 -922
580489467 -760437814 1716 -394
506223269 -417180917 2033 -955
713588073 -507005392 1818 -632
223986691 199990062 946 -423
-449680106 -627792274 992 -929
-438078178 794256679 821 -277
555374643 -665666863 1704 273
117879725 -432107184 2987 -430
783099089 681341521 1878 877
764261108 799955511 1596 -824
917157102 -229619848 69 477
830705170 640038319 969 -578
-93058131 -891831224 1094 68
-838804725 -354060158 1319 -688
-245101396 -82687851 1051 -77
-305206977 360862857 794 624
-432477971 -992065501 1558 -596
674139792 -475258354 2460 -956
955892118 250468122 2775 747
-79959432 -246601253 1264 650
-170556430 -896673679 2010 102
856849056 -881457602 2408 -912
-24481759 -951422347 1791 85
623959757 343483515 2365 -793
759316137 -998374025 2753 197
-33791441 -266430889 1322 -859
977104572 -928812632 1431 521
295249757 682095838 2954 999
624462267 286636325 2228 794
922756406 -681102003 1458 -685
4281033 -377072262 1638 236
193749511 613004028 2278 647
-957462775 -285627154 2569 90
-150221547 -16563568 1022 327
-219442308 129351405 1271 -187
602939930 -988507697 2906 -248
56107989 -983423552 2317 -642
743144809 605659406 756 954
-344670574 -631700648 2409 434
-379627306 -179752197 1196 525
-74723851 322468572 1279 -895
-586335096 75396876 619 857
-301254945 855514307 1925 -972
266692520 57178851 2807 44
-805320346 852899212 1970 -761
672357834 -503250559 2019 86
412455010 379825107 934 249
338692248 -704824942 363 401
817515376 845606420 779 133
-956165266 -847575770 920 530
-261551379 -202791247 1547 82
-742118262 -981590999 1823 -770
-855560043 797383472 1380 -527
-462611329 205813517 2948 -710
163430503 -224823301 1942 113
997234439 -656735116 2559 -907
-382192009 -82825832 2228 -51
722770042 755936259 1588 -803
-48307949 317000953 1410 -159
-274314643 -425683041 2933 -219
635519662 679007328 2431 968
-108217967 -297474299 245 -206
-339648860 10889632 2404 -418
706364097 -411580389 2629 -661
-129665764 -914675670 2737 -977
775477922 328930243 1390 977
626752694 -725879167 2226 70
245697981 191849572 588 460
703477935 499599120 2100 -87
477913873 -173972775 485 -281
197798974 227975279 2505 -225
794887097 -103557508 392 750
-465793617 -660880371 1661 -707
398762252 -693549734 2179 -947
-891840265 -821906709 592 -52
62529360 72470794 551 -901
-302275648 159254622 2648 -407
-923573826 -194843729 920 616
-421237413 9180387 749 26
-27524185 -678414997 1429 469
607728538 103995303 451 897
-143811640 49139036 1036 -549
-578106650 377797444 2794 -360
-277076343 -156022774 629 3
-185463248 610909334 706 -750
894914664 -779942013 349 421
-787923263 183794715 2128 483
780513324 -681196698 2277 -982
-728139487 -101371145 126 -768
942834926 463924517 1791 721
302096093 -682153673 935 -637
-518980901 551699594 482 -106
13607612 -602028213 399 -556
-766008800 -637883381 685 863
-520778505 -479362546 315 -907
50165160 528021336 2442 779
852879415 -982453358 2954 874
-507727949 804750395 1126 -779
166441193 809537330 233 520
219280346 -427195041 334 -326
-141004155 -258186476 1951 762
59053986 670009601 57 -446
788150441 -401150193 848 458
346242121 -824712302 2273 -439
703769146 802184474 2733 -947
762585509 900202792 2318 992
-750035456 -795871936 1012 464
986351358 621994146 2897 -229
861494600 -263171195 2640 553
626104385 -387553298 1212 251
417689959 528143381 1650 378
-22273072 -510312733 2050 -998
-737485199 876646174 511 504
-22761848 470226527 1319 -247
-673321528 765785300 1243 246
112208863 -72404603 2481 -742
812813255 -872011285 2921 -705
-965264629 -494839221 996 68
985350852 -97870798 1530 933
786860454 -487275947 1020 298
-345689701 673907826 2418 -270
-543558988 -164839481 1148 389
-232294101 669867078 636 323
514589089 242589185 2549 25
-197716498 682641811 559 -232
-864851658 616986965 1021 -410
107289747 567637479 1004 600
130952882 18508434 2572 900
413358053 -557581131 2407 -996
858486321 476462056 1114 393
306718802 -190757550 2407 -203
260367946 166585397 44 -530
-295292463 -589069254 1129 412
-680965697 -242218828 690 -48
81139631 520371425 2107 -601
732040706 41972855 46 -64
864901375 290629534 1408 -730
-941141309 -699229271 684 97
-803806402 532381715 1247 254
-644242677 -182494714 2753 -162
374352202 -138009098 1608 586
496133747 614682756 611 -204
269728038 -300684507 1698 -839
750440536 -415119131 203 216
-435418510 948827902 488 -275
-280355924 678847665 2447 204
490415236 -674190052 1132 314
632982427 -594628254 2865 233
-145815807 150911576 1237 989
956726115 45094196 2679 385
811724932 115400312 1961 187
-845659146 -58987231 2882 451
65297404 -111413068 2916 -737
439099731 -342811473 2094 349
276375328 -412202110 1901 889
-801714628 317344642 1574 -496
-459465459 126444152 2913 928
-225241921 -929751451 2333 -952
632357740 968494006 1963 -308
-324990451 -42857960 1629 606
535253372 715637856 540 -645
463304398 -434904731 2420 -100
933638829 177865312 2778 -174
153439092 507792481 2095 599
205054764 -932736985 2369 376
5120826 8085413 1488 581
-251818942 844210119 306 377
474888373 -126410346 358 410
-626236306 -961084352 1055 -355
468015360 224771824 731 -952
-525630828 -685948212 2084 120
465530538 389639027 2593 -328
-739933742 -46227254 1698 13
-407994208 97240532 562 370
184064661 -236627711 422 878
-264618671 -277363957 321 -183
-275312702 229383888 730 -104
679295198 -365852973 1313 223
-835209252 -257749249 1865 240
-631647749 34951962 1643 -789
-869363673 412799740 774 798
-22528187 396012515 2825 -541
-221270745 79961458 1786 -973
-252685851 524749229 490 60
979351607 264728009 2559 -410
549016865 756504740 1926 175
-678055949 606787675 963 298
106672496 334864529 685 -570
596848290 633645464 1764 -332
402171785 982251124 950 -386
243764869 270544939 2293 -44
-808054778 431137091 2555 -73
602568795 -354540969 2824 866
545944480 -109265119 792 30
-362461391 138205491 2286 -855
525493452 -353271125 130 478
402922168 304214511 2283 -610
-712507094 -347100999 2974 -289
-753268521 -36616000 778 433
185864093 999002668 445 75
-725044828 -925242750 1537 -123
357748631 551520795 2336 987
-478795933 684233109 2534 -954
858007932 -14898360 517 359
7844879 -398379274 1159 -444
-800227230 828528520 1303 -801
-570459003 -15824926 446 214
727482479 967015235 315 558
-264247977 90304958 1156 426
-6657625 950583905 1979 -104
-498022589 -260340675 2010 -100
-829119517 310399262 2930 434
320314100 389168105 2140 -547
442556367 143224435 927 902
-9563823 560510034 1378 919
126544511 26938979 1468 -885
931711281 40060902 2836 -335
155308806 -190698495 789 959
392219859 -976581190 2407 -600
-680095368 268492924 1573 229
602217660 547825323 1926 -414
558551524 219649394 1278 -715
852004599 308383532 2534 -923
-645868595 -148378777 2045 -764
-241460492 -44626583 1013 -953
-538730957 -968930068 2798 -249
-694446339 551457851 2758 141
97898426 823538296 550 865
542337663 264942310 2898 10
71023660 -751173885 932 961
223564111 -238192958 223 68
-977269411 687625513 1913 623
737299436 -375774442 2464 363
105763864 -289118379 2474 -913
-445254277 865648668 2332 146
55409746 572591045 1588 60
-374032994 805629813 1683 -925
588952779 -955298558 1657 -3
-924648841 710821332 2767 785
249795916 -767047641 2086 128
251844094 -820697459 1527 212
306498634 -848055017 2816 -211
-618054870 -309920236 521 542
718330035 496139775 1974 -643
-549100449 -222897400 2165 -650
-686021184 -578479765 1292 -648
887878891 612726580 2829 -458
537176341 -60544742 1335 -128
642911543 -51658976 1744 -930
883586615 -79401058 2388 353
-804026445 482583785 440 -948
258023563 -449585419 2458 -358
132758317 454471060 2748 -741
368577218 -422880500 1220 -662
437441166 -635223736 305 710
316032544 283778114 2906 139
6944319 840764504 1974 837
162957023 -914110374 1447 969
602152141 -765832699 1794 386
-958295210 662385229 1514 -415
427588365 -523614863 2443 -934
-177247928 -309939278 1672 -819
-650925141 532925906 750 633
762030178 772087707 1129 613
-735593297 346606082 19 -854
-111480458 -822006723 1832 992
141474622 -695006492 2237 -581
995482250 853385871 1602 630
873867056 378932691 2621 95
109687511 -113458103 118 -290
-765479493 282646299 2430 485
459421288 82940897 1920 51
-185853009 616794254 392 -830
748700207 -38929117 2912 -343
804055101 -66945215 2421 964
778185830 241067392 2579 -429
628326321 284286800 355 460
-397928929 557119636 326 -844
-842011566 715877168 992 479
689334014 -988492713 2192 933
252099558 -354210538 2938 -298
-954974407 -232761686 704 -960
-966062480 596671545 1896 524
85926730 783666838 209 42
-14620899 -321169829 1434 -708
-684936698 971217910 1147 -664
496713610 -708819578 1710 4
171455946 284137004 351 -257
-443778418 225777324 1870 -899
-214086240 15653539 2008 637
-658906217 -974277195 2940 466
884350361 67700571 1524 -565
-774985073 581524926 645 992
232210285 448275030 2367 323
-251954266 979443101 1129 -169
-592178659 204410834 1338 -518
-752739895 358779314 1389 214
582099489 -806628826 2100 -213
878938184 209568897 1599 -294
-2723845 -757395408 562 -289
330362373 -107185146 1614 -26
643267401 -223760186 2682 -483
-752414951 977877365 1196 945
-565253571 -715829564 369 -215
281049054 -301514796 2722 -113
-946213116 -444429087 2621 417
485877861 472105313 1994 19
-892079545 -121886474 2246 -109
857923090 362461150 728 -195
938318423 -378123345 1335 858
645649125 -383028900 92 929
681174861 121986562 461 -457
-376806054 587543887 1142 -59
945516239 -698247197 747 -69
915808731 892334121 2077 361
-925469172 -710836281 1609 675
897681286 333297019 1865 -610
83318617 710068751 912 -924
503298071 -23325537 1297 -51
-981397987 564515641 2437 -175
-4806850 -258767771 2664 629
-820381401 201730102 691 -321
-275423336 218708172 2613 495
-491510197 251537363 2207 -166
823829552 844570562 1777 -919
651364882 -858361338 766 906
611845432 838688601 735 -968
-755355860 753087494 1818 -600
-558047463 536551372 2926 -105
450451274 769751228 2411 -301
-102073516 210188537 1151 337
-200230877 -76691229 2657 402
507387232 1287483 2911 -91
378383327 -528302122 151 -786
-921550278 -788099146 2665 -467
904759671 516055400 2514 -958
413999891 -719989935 1738 805
-487225251 523750019 449 225
-208857916 -100733147 1188 -914
-405223744 -214378860 2998 765
457176138 881503106 74 837
699264790 344256023 2788 -797
97362025 -319485658 981 -104
803877224 989506396 981 439
602285120 -161774673 52 -900
220619849 -86639317 861 -854
940888349 248101719 2957 985
20335493 756189313 2789 426
-505215995 -3163499 1149 481
308273877 672627071 2942 -190
326119344 -377593976 1758 -98
-777453930 -493146689 1341 -114
-77493442 -977820017 2515 -497
-932575769 -435588392 2577 885
370053418 -913363108 745 -623
491298295 12089364 1622 -834
-96465297 -608066384 969 -843
743752704 899446264 2694 659
-664072467 -206816364 1159 -853
-403216953 214114747 1661 -721
921146916 636133010 2603 -611
-380256344 -777318908 2 -904
-365734488 14612943 53 934
-501698737 -376495300 1126 103
780587587 833549814 1804 -913
773770089 -528896544 2060 -340
-589541126 -783112111 684 -31
160102593 912775950 1024 -648
860252912 750396646 808 420
-524887252 339025011 707 400
226499709 423818234 1297 699
744263496 429229080 2217 -529
285236121 196685956 12 -744
-905144273 140076579 24 -743
-223368999 941879307 950 594
325207005 4062181 2733 481
-601489945 92830105 819 296
-151949905 705321317 2552 -784
262704765 896279377 868 979
640464594 860429791 2707 82
-94683127 2208019 2135 -502
648886148 -149201128 1602 -19
-304780576 -954751252 2265 301
456203568 587316517 2704 -860
556812696 -993278418 778 -443
-611156357 573904134 1679 -858
-272454911 460294411 2973 34
28889255 403010525 463 -406
-393842223 -898461245 2294 -925
-908753894 -658949561 114 352
-326659301 -289664795 1026 -481
-671420363 -737996509 1341 -866
282784488 59115259 1000 -470
37487253 -146945974 128 -401
100948289 916525230 786 -166
-977394034 833969739 326 -192
-318777833 552010778 2491 -860
-62562103 -910231389 1846 90
257855137 -105081541 2990 -812
528101074 -856409735 327 777
-741220978 32581290 558 -523
-156734968 687084625 904 -356
37225567 514895882 2646 -452
-502514041 235364435 1703 38
-871808563 -550024584 1578 204
-427284667 921434771 2116 51
193030553 -457186512 562 -728
-449359283 -715932625 2253 -321
-513482754 60781846 2461 277
552505934 -176944402 2412 -163
-107236203 -962821301 2137 997
-683459867 253524281 2694 358
871968503 -471292915 565 -866
-359276590 232035000 212 454
924977391 -38108681 562 809
-500833086 837552429 1381 -155
-594959700 -910877678 2962 -832
995204459 726378814 2756 405
-895244722 -185485806 866 203
696874884 679684395 349 715
-461252884 -703898647 2991 -205
-837455612 738085601 1503 582
-425992947 962913639 2603 309
-457823112 430767315 2696 -559
-181303869 591372217 1535 882
-899177592 -982540711 2611 -630
-905921428 89075490 564 -329
535036677 -977191428 567 920
222227000 -806350908 596 -202
910221898 -44588162 284 703
549731576 -504094809 938 225
207552232 -185661425 412 -18
921804997 -149862323 989 458
-69546645 -471461746 780 110
793141889 416250509 2915 -651
915654373 109665421 2477 905
701631285 921064270 2431 -140
84656346 -528959676 2054 -46
373999597 630878828 2891 -421
-945720696 -234300811 1395 912
742549604 833819848 1814 -279
-96091618 92942381 1643 -109
-132424508 -954727991 2921 827
-50035626 498598768 212 963
767903507 67556382 1290 620
-411202225 263634924 2161 264
545051483 -230967154 2212 371
601127165 473052038 1488 -648
102618225 396097024 1938 -978
301498825 838737587 1495 -241
-540978742 690589576 2255 -848
-970358822 417441319 2084 -902
404920643 -202288561 1816 -437
396477595 863707154 2137 558
249073004 -433305809 1208 166
742178546 796254166 2076 -742
-647922443 908800816 2238 494
-705266179 429993504 1791 459
-327336382 669195539 741 810
-31434180 -762593798 2259 906
89614028 686725286 2825 -900
840756170 842059918 2102 -872
-231020238 -670319437 1909 -419
-462052457 549457515 1041 923
-292721592 486404503 2711 700
-31715385 -468466907 2833 -357
340803753 -413542377 2663 558
853274255 -50966690 1129 852
5025678 300876488 2930 -480
492659132 302865596 461 -518
363864704 17065992 2451 599
177525798 -793645014 2753 -569
-142522701 308883390 44 -972
-778541790 911030586 1185 131
762543275 -642592773 507 922
525772916 -671154500 1904 -543
642388319 -728290779 513 -270
522202974 339870843 2940 -871
937843788 816280423 75 -11
781789355 -707114918 2489 600
-148294666 -110251317 425 -129
-223770175 -413816996 963 -96
-219535614 -711220353 896 -279
473822849 -840391972 2778 -316
254007479 133229644 1938 216
-396902056 512851609 37 -544
139881387 784710426 2022 -74
856153192 214820632 2520 260
-222666284 625786545 794 -758
-730763875 -542298944 2283 750
-520495632 555322676 2578 710
-404760285 -26158511 2350 -23
790368536 487884307 2021 681
189656559 -539854682 655 809
-172043318 664475873 77 -147
-382891253 56280404 2648 -585
-635247318 -655520513 2178 317
684121595 -867299209 2896 -929
-568339936 -505954129 523 732
-266630858 -749234878 2691 -706
-618727749 417239146 1188 33
-919826337 -177265623 782 846
-390970083 443062676 2586 -900
-893931286 -852291620 151 693
-89564728 697036985 32 711
957198976 805873110 2421 969
-298343836 199019299 2117 385
648864503 -901420602 2761 957
-20477235 -938649390 255 846
12535480 36246883 2494 -106
581911489 2919529 2843 -780
-746040997 729320085 861 -612
159359851 48812866 1281 -628
272355318 -446257460 1494 361
113985819 807950252 792 -870
157088539 -524243264 2516 311
558090133 331185721 1227 -640
-899436782 160415121 2048 898
43840823 -46520852 2466 -276
-190792615 -133519529 1441 835
90468369 -969012183 2321 -253
-791440020 90136290 2795 857
-858378484 449477958 2579 -238
-358006242 829015568 2857 18
443423387 -206667639 2129 -304
828228867 71706563 381 -200
389930934 847371777 1410 -124
464953874 516614525 1431 -458
-690796734 500539139 2196 -254
-898024294 752623553 2750 -711
943267549 710711114 294 -329
669566159 -939390282 1497 -418
-798528294 -520956379 1885 621
557674120 887347260 2583 831
918791261 188692465 21 -305
-952346334 -503944973 1938 480
269737735 -732739276 2141 -52
-30545901 662588969 2262 484
-770585806 -12132412 963 -406
-291019835 832605369 1385 -472
-201004087 -296254696 1740 395
-258998825 578623396 1441 -643
-822686784 -665412584 2584 -965
279514332 -624297414 112 673
-84120742 -843428223 226 -56
184885191 -209712239 2648 810
-556504570 449847366 167 296
421909295 -660824245 553 833
-854805331 -511385074 550 -156
680224028 405247788 685 -535
-978120678 897743586 180 407
-637081534 373374524 624 -492
581932062 -31022289 1429 -353
-78617153 -197796088 2481 -529
-561234294 -87324611 2431 -652
-797300391 -527881691 503 117
376454170 -992434902 422 834
834288348 486293553 2079 -150
293998198 -157112727 352 -774
798467740 -358599629 136 -753
-392977310 -617816603 1378 -516
236677946 -285806516 2255 169
708305050 591498293 845 562
126372767 351855893 0 186
128732111 792276483 2820 527
-220231206 -749803300 2619 921
30547379 454129617 1715 9
873062595 -119161501 1667 -270
422650670 406477811 1674 -752
86410719 -689914485 399 -430
157100812 201284165 1368 745
-915316136 -638676734 1327 356
-872059064 230155530 1913 343
266661052 -262711957 488 -818
184139234 -16311500 148 -921
-191906636 -104961677 300 699
-713099928 -366448225 2622 -532
433278327 547091544 848 786
-453219739 92537687 1417 130
631625655 -688591821 41 -150
989456209 350805497 1712 250
-486537397 689850727 700 852
960317809 192702488 1764 882
153552700 -690958466 2896 855
-567138749 -847082278 1855 -6
-201752423 394027426 1022 -758
-947609515 113734982 1777 -882
45041020 350336322 1716 905
-400648444 492449895 1447 -852
782231833 -978689345 2559 438
364409094 765197737 2680 -982
-177315569 903403898 2123 -872
-8775550 -410766501 2962 -423
-401897746 -323219827 873 533
239966907 601464261 2980 754
913119022 99678060 2048 -582
-271467749 -587455983 1026 910
-323657394 405918654 2952 -534
659773408 661179154 792 -716
240305796 17845035 2748 911
-535461157 -868553408 559 116
47307607 -165720046 1129 103
-259132939 48939740 1335 -863
-476057767 686046656 1567 143
-397533814 -90694914 2901 533
-532751712 -462532187 1371 -649
-347261146 -285479732 2144 -490
-218036135 204279183 869 270
-80118942 542588483 2695 453
-56649938 -946047112 49 -515
-261303434 244506608 1944 -256
-553469311 858203965 2854 -476
-752087550 412939592 56 893
-975783475 3909522 2987 793
-679010869 -602817955 2170 184
-828891916 -530731940 1271 433
1 137 997
1 2276 -417
1 1029 896
2 2039
1 1120 -774
1 357 815
2 1930
1 385 -815
2 1089
1 185 896
1 1384 -957
2 2053
2 2072
2 2418
1 1427 -269
1 2035 -111
2 269
1 567 365
1 537 -652
2 2812
1 1667 846
2 1524
1 249 -498
1 2145 181
1 2319 -656
2 708
2 2692
1 2502 -983
1 2423 140
1 1237 -320
2 2303
1 2610 -330
1 1221 304
1 2254 433
2 1463
2 991
2 1172
2 619
2 2726
2 2607
2 2556
2 2964
2 681
2 2718
1 1304 -4
2 403
2 885
1 21 305
2 962
1 1341 -805
1 2576 -467
2 1411
1 2889 -968
2 1848
2 465
2 962
1 2518 305
1 2491 763
2 946
2 594
2 778
2 1555
1 2027 -620
2 663
1 940 3
1 2771 11
1 2545 138
1 2189 -730
2 765
1 1924 -804
2 128
2 2000
1 1357 847
2 801
1 2435 785
2 2486
1 2168 386
2 1375
1 2831 -932
2 305
2 1068
1 1944 -463
1 1298 863
2 263
1 1564 510
2 1754
1 425 -689
2 1789
1 1088 977
2 300
1 324 678
2 753
2 1534
2 1629
2 1169
1 1879 648
1 1961 -44
2 1279
1 4 -755
1 2167 -533
2 1357
2 2591
2 2188
1 2116 -1000
1 1309 -277
1 823 844
2 536
2 2086
1 19 820
1 612 812
1 587 -424
2 2024
2 271
2 2507
1 489 -882
1 218 -513
1 2311 -391
2 2207
2 1514
2 2188
2 2810
2 1125
2 1878
2 2772
2 898
2 796
1 2962 273
2 856
1 493 -912
1 1725 734
1 418 -226
1 1740 536
1 533 -68
1 606 -38
1 227 -936
1 2451 -968
1 2315 -30
2 1367
1 2818 150
1 36 918
2 496
1 1303 806
2 2784
2 2538
1 457 -463
1 1992 729
2 2330
1 2703 541
2 1633
1 170 -195
2 390
1 1327 -282
1 2715 -846
2 354
2 1153
1 1573 599
1 84 -161
2 659
2 1908
2 1110
1 2083 -510
2 2706
1 2730 364
2 871
2 2298
1 1568 395
1 852 -214
2 922
1 2722 -686
2 2768
2 1847
1 1522 504
2 233
1 1563 513
2 2290
2 143
2 938
1 1624 772
2 1546
2 1961
2 1673
2 1313
2 1408
2 2811
2 131
1 751 -158
2 303
2 2139
1 94 864
1 2623 638
2 2759
1 251 860
1 53 -258
2 2392
1 1798 163
1 2025 573
1 654 746
2 568
2 2973
1 538 706
2 504
2 2364
1 2111 373
1 679 885
1 1567 319
1 2767 885
2 1412
2 854
2 1475
1 1099 869
2 89
1 184 638
2 752
2 853
1 2264 -749
2 592
2 635
1 987 189
2 1266
1 1667 715
1 2835 -479
1 717 -492
1 1366 -34
1 1849 -902
1 1767 -16
2 1902
2 2703
2 2327
1 2816 -267
1 2109 -377
2 1144
2 2829
2 2478
1 1446 11
1 2456 -806
2 1193
2 357
1 579 986
1 875 600
1 1894 350
1 2546 -498
1 960 82
1 233 -225
1 2695 -783
2 2562
1 170 362
1 168 -343
1 1899 232
1 1051 -943
2 1995
1 1491 839
1 2848 458
2 2632
2 1851
1 423 900
2 1444
1 38 -864
1 141 655
2 1659
1 484 487
1 2710 366
2 1782
2 1715
2 1989
1 2962 328
2 2275
1 1883 -145
1 607 690
2 45
1 555 -636
2 76
1 191 846
1 807 -56
1 2662 -356
2 1307
1 1648 250
2 1346
2 844
1 2620 94
2 1110
1 2140 -980
1 610 219
2 1464
1 2183 36
2 2444
1 2560 -823
1 1950 -741
2 507
2 851
1 2536 -2
2 1673
2 977
1 154 -903
1 2412 -165
2 225
1 2903 -254
2 2406
1 2752 409
1 1732 877
2 1111
2 1318
2 1966
2 2817
1 883 589
1 2980 691
2 656
1 1438 -828
1 504 -36
1 2096 143
2 2438
2 2283
2 1907
2 65
1 2509 979
1 2406 -166
1 2736 -442
1 1575 192
1 379 -162
1 2643 -454
2 882
2 2898
1 1363 631
2 3000
2 2844
1 415 -166
1 112 438
1 2202 246
1 2423 194
2 614
2 675
2 1915
2 607
2 2929
2 1815
1 2042 99
2 403
2 2995
2 944
1 642 -793
2 1168
2 1168
2 2844
2 2838
1 1142 27
1 246 302
1 2036 607
1 2095 -602
2 2311
2 1714
1 2969 396
2 1022
1 1043 -169
2 667
2 1532
2 362
2 1390
2 2055
1 470 -468
2 1360
2 2024
1 119 444
1 2917 -84
2 2194
2 1165
2 350
2 2853
1 163 -263
1 2475 -216
1 2302 -457
1 2734 -775
1 1026 -869
2 644
1 2743 -782
2 1995
1 2730 -967
2 979
1 2000 -575
1 1295 -455
2 2367
1 2832 -415
1 2854 -408
1 2136 917
2 1074
2 1805
2 230
1 665 291
1 969 -709
2 2889
2 2784
1 2615 321
1 1194 -297
2 1265
2 1327
2 2188
2 1273
1 1096 -913
2 1767
1 144 -476
2 1188
1 1140 -170
1 1744 642
2 583
2 1220
2 2988
2 1345
2 1026
1 2648 841
1 1517 619
2 645
2 2040
2 2763
1 2130 -791
1 1596 616
2 270
1 1400 19
2 2903
1 2837 387
1 1637 -415
2 2700
2 1164
2 2695
1 122 197
1 2629 131
2 502
2 1613
1 1552 495
2 734
2 2437
2 583
1 372 870
2 2986
1 613 -61
2 2114
2 1979
2 2372
1 1393 -48
2 2734
1 533 -871
1 782 -689
1 717 686
1 720 194
2 482
2 643
2 1885
1 1960 -841
2 2466
2 20
2 2447
1 1134 -462
1 1171 569
1 1392 760
1 1553 464
1 2095 -287
2 1883
2 1164
1 942 -751
1 1274 973
1 1516 -402
1 739 350
2 2966
1 902 942
1 1176 -106
2 560
1 524 -225
2 1492
2 509
2 1014
1 535 948
1 1865 703
2 2809
2 57
2 578
1 991 297
1 1481 -565
1 1732 -962
2 2060
2 548
2 1903
1 265 -992
1 1857 626
2 2315
1 2798 -509
2 2767
1 7 -461
2 1183
1 2676 709
2 1527
1 2024 -623
2 348
1 890 126
2 2020
2 376
2 2597
2 2474
1 1253 962
1 1755 -246
1 933 -825
2 2386
1 782 496
2 1534
2 1614
1 1601 -397
2 1250
2 426
2 943
1 2726 6
1 1448 294
1 2367 -347
1 2776 602
2 1318
1 2903 -348
1 768 561
2 1247
2 1041
1 2376 -526
1 2594 -718
1 1996 463
2 677
2 1958
1 918 972
2 2366
2 1800
2 468
2 2703
2 2909
2 1919
2 1726
2 1750
2 1567
1 1415 224
2 543
1 1188 -948
2 30
1 1538 727
1 1365 -558
1 2177 -750
2 1629
2 1818
1 1311 744
1 49 76
2 1439
2 1053
2 1816
2 560
2 2657
2 2526
1 735 -810
2 1432
1 586 -798
1 2525 -7
2 2526
1 1019 839
2 355
2 2644
1 2814 -124
2 1520
1 2622 20
1 1817 -786
1 1445 859
1 2446 451
1 1453 -535
1 1392 -416
2 1241
2 829
2 279
2 780
1 157 -435
1 2516 -636
1 1723 731
1 617 -542
1 385 -333
1 2763 -889
2 2964
1 1318 717
2 1001
1 3000 927
1 83 122
2 572
2 630
1 2049 -234
1 518 -289
1 415 742
2 2902
1 486 -491
1 868 70
2 120
1 1176 270
1 735 -13
2 1560
1 1930 -91
1 728 961
2 933
1 2791 -198
1 296 326
2 2219
1 2903 -635
2 193
2 1508
1 1433 -843
2 701
1 2156 981
2 2157
1 1881 827
1 1081 -707
2 2407
1 1724 -950
2 1190
1 2330 750
2 358
2 724
1 1930 113
2 565
1 2113 942
2 2478
1 526 352
2 2768
2 2353
2 2512
1 2372 -321
2 1023
1 885 689
1 2412 918
1 798 -563
1 1127 -364
1 111 454
2 2110
2 691
1 1601 -99
1 248 -897
2 2837
2 1623
2 1141
1 1397 -712
1 2480 -401
1 2786 -410
1 1133 922
1 1127 616
2 1456
2 52
2 511
2 1383
2 594
1 2707 -963
1 1170 -275
1 1240 572
1 1736 -541
1 2275 452
2 1477
1 1533 -302
1 2641 -18
1 233 15
2 2586
1 1405 575
1 492 77
1 744 -936
1 2868 -993
2 790
2 676
1 667 575
1 2545 44
1 974 -208
1 1624 -494
1 2176 -62
1 2295 281
1 1487 188
1 2462 -855
1 2910 668
1 1640 -88
1 767 757
1 2808 -489
2 2684
1 2135 505
1 1684 -172
2 2157
1 1573 438
1 71 192
1 837 334
1 847 -804
2 43
2 289
1 2727 822
2 707
1 1134 -218
2 1327
2 2097
1 1250 665
2 269
1 2512 -633
1 11 -234
2 1636
1 1842 967
2 782
2 2735
2 2933
1 2155 -771
2 2429
2 64
2 2782
2 1809
1 1018 -2
2 307
2 214
1 2300 -488
2 2315
2 1613
1 963 -4
1 2793 -406
1 2296 435
1 1391 -499
2 2547
2 1619
2 2752
1 1022 -987
1 1733 434
1 232 -285
2 1537
2 1362
1 1919 191
2 2791
1 2464 -440
1 2036 -875
1 1617 -714
1 1285 -230
1 2008 568
1 2111 345
1 2989 390
1 2641 -812
1 949 885
1 2934 -804
2 1343
2 2528
2 2378
1 596 870
2 1908
2 2217
2 2752
2 510
1 362 -617
1 1662 617
2 1780
1 2633 -727
2 853
1 1359 331
2 552
1 399 7
2 303
2 665
1 527 -421
2 1216
1 743 847
1 1216 -49
2 2885
1 1248 971
1 2793 -185
2 976
1 2084 70
2 2575
1 10 67
2 1734
1 2994 -897
1 1117 466
1 26 797
2 618
1 218 -548
1 1238 740
1 2026 -43
1 852 -322
2 353
2 2272
1 1435 216
2 2079
1 2950 255
2 2112
1 1520 296
1 775 690
2 190
1 1431 -181
2 2858
2 2702
2 1040
2 1288
2 1996
2 309
1 828 765
2 2777
2 2987
1 1003 470
2 255
2 1488
1 599 -173
1 480 -68
2 1141
2 396
1 1837 518
1 2836 536
1 2327 563
2 1542
2 929
2 888
2 1394
2 1005
1 1280 -770
2 1209
1 2769 -347
2 1345
2 2435
2 1795
2 2285
2 705
1 2417 -11
2 2353
1 2110 -275
2 2005
1 114 -177
1 1592 -206
2 2349
1 1301 -321
2 2839
2 2822
2 47
2 2290
2 1389
1 2403 823
2 2041
2 1067
1 2343 -564
2 2571
2 623
2 324
2 618
1 2657 -632
1 102 947
1 1454 720
2 610
2 1231
1 603 407
1 188 492
2 1406
1 2363 -315
2 785
2 1938
1 276 202
2 2616
2 1946
2 1954
1 655 200
2 2770
1 144 3
2 711
1 499 438
1 1186 -44
1 1567 560
1 1347 -873
2 1801
1 2661 913
2 2406
2 2909
1 198 -998
1 756 -87
1 9 -663
2 2586
1 1834 -7
1 2917 878
2 203
2 2468
1 435 246
2 2892
1 1084 323
1 1364 -472
1 437 596
2 1964
1 799 276
1 345 604
1 2012 179
1 417 -479
1 2671 -905
2 1888
2 1817
2 1396
2 2161
1 1807 -331
2 1029
2 1113
1 1853 729
1 2093 891
1 631 -876
1 651 86
1 1052 168
1 2120 987
1 5 -582
2 2989
1 481 -496
2 1562
1 538 8
2 118
1 2333 924
2 215
2 2731
2 328
1 1357 113
1 1949 411
1 2240 561
1 8 193
1 2086 91
2 2039
2 2831
2 2503
2 649
2 2375
2 2421
2 2037
1 1915 -173
2 2432
2 1942
1 300 -700
2 2579
1 1411 154
1 414 -724
1 2891 777
1 2541 -455
1 1911 -192
2 56
1 256 -654
1 974 456
1 2334 278
1 959 350
2 942
1 1231 -27
2 600
2 1124
1 706 -232
2 735
2 2156
2 2962
2 2412
1 2846 -42
1 857 389
2 1726
1 183 356
2 2275
1 1689 266
2 2849
2 119
1 532 -971
1 1372 296
1 2400 -314
2 1379
2 2315
1 603 521
2 1773
2 695
1 1655 991
2 80
1 1079 69
2 1252
1 1963 503
2 76
1 2402 -248
1 1516 -145
2 1574
1 1366 -749
1 2452 -22
1 1941 604
1 121 81
1 317 254
1 329 -552
2 1590
2 1972
2 1359
2 1575
1 2461 349
1 924 870
2 1022
2 2092
1 2701 -312
2 2687
1 2678 -505
1 1493 494
1 2529 368
2 344
1 31 -725
2 2040
2 2101
2 1747
1 2044 145
1 2118 707
2 958
2 770
2 981
2 446
1 1013 33
2 38
2 2911
2 1675
2 489
1 101 166
2 2155
1 2846 442
1 2704 285
1 2691 670
