200 1000
-711427722 449842477 8 -6
724668846 464634986 45 340
-257883609 -437554686 59 31
-954570115 -34030079 125 -51
-200691386 -563728986 119 381
998454938 -837599795 98 974
-344969198 -222170980 119 855
-178120886 -417492146 2 -905
293888017 -41032117 154 -472
754093618 -557243840 108 -239
-423760682 -502161335 148 -825
-486914712 -883792914 134 280
-714825727 -804487518 147 945
-393722248 351007030 2 842
951468734 -808873691 110 888
-52023810 401703123 192 569
436606893 487431602 175 723
492099394 -432275885 180 -467
81065789 623401 60 225
725269630 -588016317 45 -637
703458442 -840735619 41 -223
448872277 722816032 108 781
-181428390 197879245 89 78
-10728090 607719773 51 718
-884265521 925258152 50 -947
619162101 -636525502 40 -108
-284361479 808771937 111 -503
504153837 955978188 100 17
-186615575 -946994557 38 607
304858412 -419167138 27 -995
354661706 293971270 186 -949
-209421586 751420111 200 441
-536153603 -319524770 83 933
-610847583 501284527 125 138
706468857 -197317825 77 -968
278531718 -204065176 22 849
753873344 -646113659 122 483
348535325 962127256 167 572
-940606567 -699531548 71 853
223131625 -748186619 22 -962
273695164 656353737 125 556
208187179 664050404 56 -798
-282810727 532218024 24 211
-817906826 -728474775 8 376
-922032881 457649359 77 -666
249003786 -165813412 112 -509
274371314 680989960 109 298
11822228 -530437920 66 -607
333136329 -337603939 89 535
695185288 903183554 104 -929
298197338 417984930 19 626
630024184 354638832 8 246
281730551 809449780 99 722
996427803 -158046655 120 40
-621621016 -678139911 109 -895
-516482302 -503284415 7 940
874488191 546712170 125 871
-812609588 846603956 51 858
-272146981 -996950717 148 897
379145532 597917455 81 874
-799123356 691279842 166 -515
-992547670 483694209 34 -236
-625667977 -595088987 99 501
858303441 -457090183 83 545
-512903640 506269935 97 -119
677549662 609651656 19 596
-467012464 -524304407 71 930
671709056 -959408976 125 745
-636867884 511478378 9 -101
-84215197 96763121 24 -576
-983671512 296065377 174 754
995093840 106989662 2 242
702673719 397767107 114 545
279108454 -182429829 5 801
516713572 -366680908 120 397
-960608418 -594361503 182 77
-667196736 389949311 0 -961
-502095686 828902756 120 278
-796930687 -853958941 95 904
-619128158 216570975 36 -835
-194686084 156761215 2 -200
280522827 844113679 123 262
531842739 487366801 8 899
-533022826 889429030 39 -592
-816119185 140287279 156 868
963592843 -940779101 119 -637
784623661 592936553 22 965
976484742 175072727 186 791
527631025 -433619408 167 513
781446063 -349456610 82 434
271539940 967735319 31 584
-992629433 702381396 21 -398
-746606273 834615705 71 410
-350818431 -367554055 11 -38
-208019367 911508071 195 457
-183187219 -516833955 191 247
-863701490 564053444 118 -324
555285314 1023307 96 -616
-937326848 456504868 123 -860
-754075046 -276684730 7 -703
962803663 686663653 72 -402
-609718787 -334586360 188 850
316335699 713570571 38 4
142264618 507268636 173 -650
690194933 -973929318 24 -832
-611546022 -132426703 110 185
-584902016 -867120704 155 -652
821280044 39224626 34 -837
30928691 -268571097 114 -916
156603218 79046574 157 -50
-408152814 -915907039 112 -369
-405731623 901916160 2 -194
-930022578 678963575 168 -218
-742540466 -837666598 77 -476
201807278 -179620723 86 395
484291745 448647977 34 -599
-960296282 549491728 173 304
-573505974 -449013497 20 511
-125097041 112978661 45 264
940715515 -430295134 123 -588
-812346919 -660267848 57 730
-743051209 -256604748 54 417
555854111 -292760341 2 -955
-779525601 -144980802 195 -442
-589661462 -887344727 2 493
-688145510 -292789256 45 617
-371401439 -994375137 27 147
349110275 -40170859 143 404
706360620 -316426231 64 264
-289141787 -102295486 174 -427
497858334 -758023049 41 607
-758572720 612027604 151 -625
552181399 764921701 50 439
-452227496 691735847 57 527
-707383621 119479229 171 -775
-731053140 208116772 9 836
-233878515 313385878 89 369
555277293 721451030 161 -449
-186788467 471171252 167 866
-844934299 -655210375 174 852
98538569 -165640911 179 126
-968319748 -544102025 20 -98
305672322 537332752 137 -790
372839753 -955138883 36 23
3652863 -382300309 95 -269
-461431335 733825394 88 -939
375609001 -157089348 77 889
663291780 15898838 81 -526
437974464 803389968 103 -796
503322527 833754810 64 228
320834747 695098934 57 -74
-183071092 849931195 33 646
-819266153 -15619730 8 607
795229457 -33911752 19 495
240008341 -370453584 95 77
-243682742 -56418345 131 826
217359260 -450494180 24 -652
-654953365 387062141 120 952
817237128 297196421 11 500
-351873314 -687024210 7 -722
410694029 -994274471 31 720
-640805661 -105118603 95 370
-293250473 -896801176 111 -340
284093666 -589274880 38 302
792567125 230856775 130 871
-647063792 -574048483 173 301
-671442436 446779170 2 -572
213045989 -772401723 177 732
372347728 -15689028 188 -672
645895908 -589171492 63 -499
-557220145 -356399275 19 993
-617223621 366802764 182 216
144930097 548552923 123 -19
-128382627 -690426957 112 -858
-337681932 94960650 87 309
-135223942 -340252643 56 532
635055134 -778414476 103 -287
361775327 342603865 57 -208
803907496 -248600231 76 -425
397143881 601622505 70 646
485693032 134062077 99 985
420530368 382350982 38 959
479352535 -834528010 189 732
-614905924 684270196 189 -687
-160294710 -752264275 101 607
814298201 302552590 137 882
822895880 -923067667 27 -839
-870322841 371314858 143 -350
354581971 -963521449 114 -487
-429109887 -254942421 5 23
-424830929 -795683985 77 -352
-253482526 420435911 19 -380
-602908871 693525119 39 371
944363259 866760559 76 -626
-358652594 -284195231 125 956
-744607187 319130393 41 -679
-205075358 -147760149 168 -400
-755504095 -821453164 186 -74
394424983 -675521689 147 477
62007287 -486698667 191 896
2 138
1 37 489
2 66
2 179
2 91
1 122 865
2 146
1 157 -212
1 133 659
1 98 706
2 93
1 100 -470
1 166 864
2 114
1 136 533
2 48
2 154
1 96 -586
2 20
2 104
1 135 -63
1 112 -492
2 86
1 51 317
1 164 198
2 165
1 113 -968
2 23
2 9
2 150
1 4 522
1 119 -336
1 180 692
2 34
2 119
2 153
2 24
2 68
1 185 471
1 195 -256
1 54 -766
2 23
2 185
1 150 -406
2 52
2 73
2 79
2 24
1 156 -46
1 138 -927
1 118 305
2 188
2 150
1 188 -85
1 90 -201
1 31 -830
1 165 -709
1 195 -386
1 47 -304
1 108 560
2 18
1 7 64
2 120
1 37 -567
2 189
2 171
2 96
2 109
2 52
2 46
2 141
1 57 877
1 191 -392
2 154
1 149 24
1 120 -212
1 71 -785
1 125 -150
2 113
2 115
1 93 441
1 43 -817
2 160
1 1 839
2 12
2 55
2 118
2 198
1 192 449
1 103 -572
2 75
2 149
1 160 355
2 181
1 186 -413
1 182 232
1 90 443
2 53
1 53 86
1 30 -905
1 79 766
1 27 -783
2 87
1 71 -435
2 160
1 181 896
1 136 663
2 31
1 42 635
2 179
2 96
2 172
1 154 674
1 199 764
2 36
2 4
2 56
1 162 -79
2 22
2 165
1 46 451
1 18 -702
1 76 323
2 72
1 94 805
2 41
1 154 -187
2 200
2 89
1 198 -94
2 46
2 148
1 15 949
2 17
2 30
2 133
1 57 485
1 188 785
1 122 -109
2 176
1 169 -340
1 113 -929
1 85 -579
2 184
2 173
1 107 -920
2 69
1 86 853
1 49 -87
2 149
2 38
1 75 159
1 40 -844
2 84
2 95
2 150
2 173
2 59
2 107
2 21
1 33 -285
2 72
2 50
2 123
1 119 -979
2 74
1 131 -890
2 24
1 167 94
2 119
2 152
1 200 -56
2 139
2 115
1 110 770
2 190
1 20 287
1 63 -521
2 162
1 166 -188
1 80 591
2 153
1 153 783
1 26 97
2 99
1 30 789
1 182 810
2 161
2 191
2 37
2 141
1 6 -271
1 42 -414
1 142 -983
2 158
2 43
2 187
1 150 48
1 58 -584
1 125 -91
2 175
1 120 57
2 73
1 33 -764
1 158 227
1 150 35
1 95 -824
1 142 89
2 35
1 189 458
1 41 874
2 2
1 14 973
1 81 -165
2 36
2 183
1 2 409
2 104
2 91
2 188
1 98 -554
1 2 498
1 97 603
1 117 55
1 97 -970
2 68
1 100 -797
1 160 61
2 192
1 119 604
2 66
1 36 -33
2 128
1 121 -440
1 153 507
1 102 -554
1 85 -822
2 120
2 13
1 92 -410
1 123 210
2 123
2 125
2 126
2 170
1 97 -658
1 89 168
1 84 697
1 46 328
2 84
2 18
2 122
2 113
2 96
2 165
1 33 810
1 30 499
2 8
2 35
1 104 233
2 105
2 33
2 148
2 94
1 170 -206
2 10
2 36
1 135 -511
2 182
2 100
1 200 -708
1 51 680
2 50
2 112
2 8
1 150 153
1 170 -166
2 51
1 52 93
1 191 -78
1 19 -790
2 172
2 148
1 15 442
2 159
1 10 -421
2 155
2 120
2 5
1 86 520
2 3
2 21
2 77
2 124
1 95 -313
1 184 691
1 107 593
2 12
1 3 629
2 193
2 108
1 143 -10
1 83 852
1 9 -702
1 10 -177
2 144
2 133
1 32 -542
2 141
2 132
2 98
1 35 225
1 168 -32
2 85
2 84
2 179
1 138 -570
2 149
2 84
1 84 -123
1 134 927
1 83 935
1 57 -358
1 2 -140
2 59
2 105
1 103 616
2 130
2 4
2 39
1 187 -351
1 106 -795
1 145 322
2 29
1 60 863
1 193 507
2 106
2 101
1 70 248
1 187 141
1 185 546
2 89
1 32 108
1 143 -99
2 112
2 83
1 18 -302
1 45 545
2 141
2 90
1 83 686
1 116 -361
2 52
1 131 662
1 123 -519
1 28 -992
1 136 -406
2 186
1 11 560
1 17 589
1 57 387
2 59
2 108
2 122
2 139
1 125 -208
2 106
1 105 -616
2 66
2 101
1 193 -149
1 42 183
2 170
1 31 587
2 62
2 88
1 79 -796
1 71 970
1 51 363
2 102
2 5
2 141
2 113
1 57 78
2 114
2 11
1 186 -387
1 135 -549
1 123 513
1 107 304
2 3
2 49
1 189 -69
2 195
1 118 831
1 58 -825
1 128 -379
1 121 -967
1 131 731
2 52
2 165
1 60 -622
1 75 105
2 135
2 50
2 10
2 132
2 53
1 71 -939
1 10 148
1 100 288
2 92
1 45 -304
1 60 178
1 59 -185
2 87
1 56 -794
1 152 -97
1 70 508
2 114
1 97 781
1 133 -16
2 137
2 139
1 59 -130
1 32 -435
2 193
1 167 135
2 181
2 157
2 126
2 183
1 38 -36
2 91
1 187 402
1 152 -186
1 14 89
2 157
1 78 -117
1 156 252
1 192 -791
2 7
1 5 -251
1 142 -527
2 149
1 90 718
2 114
2 41
2 173
2 92
2 171
1 118 91
2 96
1 5 -839
2 179
2 73
2 36
2 155
1 143 -930
2 119
1 13 632
1 54 704
1 3 687
1 31 46
2 8
1 46 687
1 29 438
1 141 248
2 171
2 8
1 98 -725
1 164 888
1 20 649
2 36
2 19
1 59 -546
2 48
1 7 76
1 68 855
2 171
2 150
1 142 -160
2 116
1 81 -370
1 55 729
2 179
2 180
1 58 129
1 67 914
2 108
2 53
1 82 -537
2 75
1 67 -942
2 6
1 185 -369
2 7
2 184
2 64
1 23 825
1 10 994
2 53
2 81
1 128 -23
1 76 668
1 91 443
2 98
2 89
2 131
2 122
1 10 205
1 85 347
1 135 234
2 194
2 16
1 88 -978
2 10
1 98 -667
2 20
1 88 -691
2 158
1 35 769
1 169 -563
2 24
1 130 -56
1 199 715
1 56 -870
1 70 -868
1 71 849
1 173 -227
1 138 205
1 101 876
1 4 638
2 122
2 175
2 114
1 132 225
2 5
1 75 -815
1 150 -681
2 184
2 8
2 60
2 180
2 37
2 190
1 117 -829
1 69 -657
1 171 431
2 68
2 70
2 52
2 91
1 104 -918
1 117 291
1 42 -880
2 136
2 5
1 157 -785
2 30
2 84
1 78 -180
2 42
2 190
2 29
1 200 663
1 188 930
2 111
2 184
2 134
1 17 -996
1 183 399
1 160 -295
1 155 379
2 116
1 87 -539
2 66
1 16 255
2 140
2 155
1 163 -299
1 136 635
1 115 636
2 63
1 60 -643
2 199
1 59 -112
1 167 28
1 115 927
2 8
1 19 834
2 180
1 159 927
1 49 588
2 28
2 170
1 181 334
2 108
1 177 -455
1 73 -69
2 196
1 180 -426
2 124
2 128
1 191 200
2 171
1 143 344
2 170
1 155 -650
2 112
2 111
2 147
1 29 -662
1 162 955
1 72 999
2 182
1 27 235
1 104 -452
1 182 54
2 59
2 52
1 141 385
1 146 -411
2 35
2 63
2 17
2 1
1 114 -927
2 194
1 74 -323
2 56
2 51
1 136 247
2 108
2 32
2 102
1 5 549
1 13 668
2 126
2 75
2 152
2 67
1 178 -501
1 166 204
1 176 -514
2 147
1 192 162
2 28
2 33
1 24 -78
2 113
1 49 756
1 15 -427
1 74 -477
2 48
2 11
1 162 -944
1 191 519
2 129
2 103
2 70
1 103 -754
1 165 309
2 26
2 127
2 170
1 169 -346
1 171 334
2 23
2 161
1 122 -463
2 89
1 136 112
2 38
2 22
1 175 362
1 2 47
1 197 -700
1 79 180
1 106 -310
2 77
2 80
1 192 -69
2 64
1 4 762
1 108 548
2 136
2 67
1 149 774
2 96
2 37
2 119
2 178
2 182
1 75 411
2 36
2 9
1 81 867
1 41 135
2 161
2 20
1 31 901
1 116 -825
2 23
1 183 911
2 185
2 194
2 23
2 49
1 121 356
1 31 -222
2 60
1 92 426
2 75
2 41
2 121
1 36 864
2 105
2 128
1 122 -40
2 28
2 104
1 5 406
2 49
2 153
1 18 -823
2 77
2 28
1 193 968
1 96 881
2 119
2 74
1 91 165
2 178
2 113
1 74 -451
1 80 -227
2 47
2 30
1 13 -962
2 31
1 134 -320
2 38
1 123 -482
2 46
2 164
1 63 155
2 145
1 142 243
2 133
2 85
2 182
1 15 -504
1 164 621
1 147 878
1 100 205
2 153
1 163 956
1 186 -945
1 149 886
1 141 -850
1 37 511
2 153
1 38 34
1 46 141
1 41 102
2 48
2 152
1 164 -519
2 188
1 129 -752
1 173 -839
2 134
1 116 -363
2 117
1 134 721
1 89 347
1 187 248
2 14
2 163
1 67 -295
2 145
2 89
2 102
2 184
2 184
2 64
2 193
2 116
2 198
2 94
2 25
1 154 372
2 28
2 195
1 16 -599
1 192 -899
2 32
2 19
1 99 -47
2 116
1 91 242
2 16
2 42
2 145
2 54
1 180 -718
2 84
1 77 -947
1 18 107
1 137 -806
2 17
2 127
2 52
2 97
1 2 -228
2 69
1 192 460
1 200 253
2 180
1 31 637
2 29
2 140
1 11 -474
2 20
1 49 -764
2 87
1 197 -123
1 108 -452
2 104
1 144 -877
1 63 -803
1 183 514
1 70 -135
1 36 -583
2 152
2 98
2 82
2 9
2 121
2 35
2 112
1 70 -676
1 162 683
1 95 -931
1 115 -724
2 176
2 65
1 195 -483
1 159 719
2 148
2 13
1 97 617
1 131 191
2 130
2 98
1 160 345
1 74 -853
2 74
1 159 -236
2 132
2 6
1 66 -184
1 94 -531
1 47 -867
2 49
1 51 400
2 37
1 79 -315
1 186 -903
2 109
2 154
1 2 363
1 42 316
1 195 -147
2 199
2 192
2 1
1 167 594
1 16 202
1 83 -138
2 6
2 183
1 127 -332
1 49 650
1 114 -60
2 59
2 98
2 32
1 40 -250
2 63
1 41 731
1 93 843
1 46 679
1 135 -977
1 141 -351
1 195 386
1 58 -588
2 171
1 129 589
1 171 195
2 61
2 14
2 44
1 157 334
2 193
1 58 -238
2 5
1 55 812
1 70 731
2 167
2 30
2 76
1 176 679
2 104
2 106
2 164
2 33
1 38 260
2 182
1 61 71
1 143 -496
1 143 -954
1 43 160
1 129 -168
2 121
2 156
2 165
1 51 -778
2 11
2 110
2 4
1 133 -265
2 91
2 30
2 23
2 17
1 37 -572
1 68 -960
2 137
2 155
1 175 -657
1 128 240
1 48 876
1 145 311
1 65 -913
2 183
1 138 -821
1 94 -866
1 164 477
1 189 -406
2 62
1 79 868
1 97 809
1 193 905
1 95 -223
1 102 -768
2 162
2 81
2 89
1 88 481
2 36
2 95
2 66
1 7 729
1 169 -752
1 86 -231
1 117 -955
2 43
1 39 -89
1 167 -557
2 159
2 154
1 65 585
1 133 687
2 165
2 141
1 50 203
1 144 -684
1 35 -608
1 162 388
1 97 562
1 104 -270
2 132
1 44 -930
2 26
2 101
1 174 -738
1 147 457
2 48
2 116
1 109 -631
1 13 278
2 18
1 171 713
1 150 -637
2 183
2 64
1 125 -13
1 13 -495
