200 1000
379423012 -973424565 177 614
-185671 567995693 134 -169
601249466 806966318 183 -606
280460510 -950118359 149 221
-671636391 879059060 33 615
686308186 448107546 75 871
621736749 810467985 128 -137
358899591 -531381859 158 -549
597952589 -515662462 75 -198
716024430 -820631115 46 -651
528354292 776282310 158 -428
505977787 -890267301 15 -761
836815268 363068857 62 -997
-86694876 -152582309 75 944
268433168 722109462 156 -185
-837413989 227586824 65 -384
-966425404 -288414178 200 -727
591885462 646476187 182 -494
942624961 -690358785 120 579
764386575 -138978656 57 -568
66952306 -532391859 17 -161
-440977344 -950822612 164 704
659664137 -300649188 13 905
-384276288 458730092 59 365
373923063 405969052 176 490
-946774600 -829568306 159 -238
-155827641 893743316 71 656
165112655 287686603 151 -254
-734899596 -523071760 57 518
918183224 64082149 50 539
173641509 175820555 148 110
938685066 161320957 44 88
78588629 -375909202 101 56
307483756 878302568 194 -202
415877616 400739145 197 404
728419670 -303770837 103 -433
-796643903 -971991311 141 533
-924467044 2781667 44 852
-682283827 925184338 131 189
-734295839 -857555576 49 -510
-851376175 737176512 11 332
143947314 -762489521 29 950
605617991 -835302679 194 -833
145960564 687018707 150 -125
456931469 156117056 83 -948
12424760 386718602 120 209
-935322291 -634587591 121 -359
-770337755 -961393089 120 704
34334735 -795790553 109 -245
-143965067 472380310 80 301
-240339114 220997159 143 594
-560471322 -209165754 64 -904
396406682 650322373 11 -717
962264340 -160890082 32 577
-988001478 136436450 150 -262
-1765620 -862956340 60 715
521044760 -207041476 47 -229
-726279584 585553380 154 -329
-806942216 625659069 146 -462
242867451 -11804594 159 -58
-246378131 -184069970 153 513
409939749 -498445589 182 586
-309807934 -363890706 178 0
615341364 -643634999 121 229
389655626 -175523102 26 622
713806810 -252890531 110 -905
652193335 -885522622 41 99
309824320 -431977293 80 -765
-498428255 372015569 184 826
218553020 -229581428 118 127
-254992095 176525692 83 -440
-884566811 -581666139 79 -494
514654882 194683043 173 384
-999715948 -880386350 160 24
27732682 493956675 33 928
-81725526 -976045146 8 -819
315701113 -671705628 76 186
749027771 602820008 72 904
-918047016 -920357569 128 485
-124836480 -951192351 75 504
-734974833 -137581025 60 307
-575998142 601443965 53 -781
974075098 498904429 158 175
362579709 -439889154 47 -827
-40358907 913096984 1 -582
726490318 -697991257 15 -54
704518519 -562675050 81 -610
710667492 -865516888 65 324
988751861 -296830942 138 202
573334559 -471059944 198 952
-709071936 -315005634 146 -489
-189304747 -835835944 135 144
-722347354 -497855860 129 -328
-29821392 -401765027 100 -999
-473206847 -391583572 33 -683
142765848 261406507 46 814
133417278 -634195098 177 -589
442975239 -736024822 62 999
-518581111 493431443 139 -520
-339844340 -884117799 75 169
694611283 838592728 182 -716
510428590 589341079 171 -728
578047378 -567762233 151 115
899319215 -8193367 184 -703
467929907 -471916503 100 437
-102719810 -474079574 182 506
-902130600 -177415864 159 -279
302774113 -621684086 151 945
216912898 -460732450 12 -857
829073130 -921654746 143 998
834445741 571722375 47 -600
-999326834 452335160 84 -517
866863726 224822849 143 -164
112148780 820815103 175 -131
629535620 -976840294 155 -343
-246807732 407960495 70 -494
-601172809 -893457786 149 -595
-602047062 79916207 100 -883
508369955 80843908 46 -738
92155443 964909055 101 122
542162537 802236694 182 -609
289010819 969299387 160 -121
531419176 105640456 77 343
-720390837 119384167 146 3
-373678566 -71334327 131 -982
109287301 180128368 158 267
763637923 738511566 52 -525
172116818 356308539 182 -357
-803270407 107313299 159 693
-94680210 656810838 73 69
226792639 -218259007 175 -112
-754515996 743051176 182 39
-418548299 365939643 135 617
661061770 444303936 46 -630
-627602517 446717938 30 469
71347939 974394739 41 -537
-580772336 251669777 123 537
-872930088 -229135494 77 -77
812845867 -905692984 30 -736
-242202184 879233055 110 -475
-723677088 26674677 158 271
105200203 -663947117 59 896
494176325 906269005 46 666
686488712 661423368 159 -644
-223506492 -753780361 119 733
-614484817 443811960 64 239
856298727 380720849 181 -715
-757359958 -859956764 172 -566
-622569211 803767757 5 811
-743166254 725313270 75 -908
-992585022 -596183525 26 655
-500120796 326338216 195 -967
-258562830 -935330031 174 -832
349572502 968480360 141 628
-210617514 -976969906 177 314
-189947425 -406974298 159 286
-670711880 -556723238 177 -509
30266629 -408606389 159 -897
-215996251 306214835 182 -283
675648615 663493437 6 998
-406525531 195752843 143 -985
187342317 -374184671 138 -756
948195827 -533195199 75 -917
499554354 734289431 172 878
32026175 350063219 74 -697
-276158245 -759892188 109 -887
-715705994 -364014281 31 -874
398719833 -930701096 74 819
475190469 -887789694 47 227
-780858321 -68710478 97 -26
-974245297 900537478 132 -804
-800047831 -842875010 33 270
-594743011 629545491 120 -493
461893295 -391846883 73 263
-772470511 -161288611 26 903
452957641 -236768689 149 21
334862846 -370564782 182 713
-521311099 -286465392 50 37
786449854 -845839530 103 -218
367607900 269877596 64 276
-985552470 669906165 75 690
409176347 515334931 0 -520
839603911 703241813 132 -786
286038199 300904062 177 -789
436217291 396508539 77 33
330778601 124725889 15 -365
-137750420 532082141 100 -131
-28076810 -44666909 59 60
885980274 295819763 154 114
502619171 192997103 40 428
795254035 187500852 62 -410
170984203 256724665 160 971
723257742 -491015270 176 -473
104479003 -996862780 124 -282
-783424688 -466647782 159 -544
-368107101 497598710 198 -363
230314495 -703558022 97 -533
621946827 -774901585 156 -468
-906465323 649812130 8 -186
-200447717 268938946 82 -928
1 107 758
2 49
2 96
2 116
1 34 86
2 109
2 137
1 37 -829
1 75 -341
1 104 454
1 4 90
2 195
2 114
2 124
1 176 212
1 106 911
1 86 672
1 154 -205
1 154 -100
1 135 88
1 193 -432
2 6
2 194
1 115 855
2 156
2 137
2 45
1 161 -511
2 7
1 11 -496
2 44
2 51
1 1 -134
2 85
1 63 -17
1 187 -687
2 84
1 149 736
2 10
2 140
2 95
2 77
2 153
2 64
1 144 -270
1 63 7
1 29 -914
2 149
1 23 486
2 115
1 51 729
1 184 356
1 113 -244
2 18
1 171 259
2 14
1 149 -48
2 144
1 140 31
1 148 174
1 47 689
1 56 -945
1 136 785
2 153
2 178
2 26
1 8 -71
2 130
1 163 648
1 116 -300
2 142
2 76
1 125 -877
1 91 -98
2 49
2 50
1 167 206
1 98 521
1 15 -945
1 97 -159
1 182 589
1 50 133
2 133
2 67
1 55 256
2 165
1 68 557
1 109 -729
2 65
2 82
2 85
2 173
1 134 -423
1 93 -408
1 138 384
2 49
2 140
1 122 -237
1 29 -282
2 138
2 195
2 11
1 42 -365
2 186
1 69 -703
1 181 -697
1 170 -705
2 173
1 148 155
1 142 456
2 106
1 32 163
2 136
2 194
1 160 533
2 132
2 168
1 111 206
1 48 209
2 150
1 147 40
1 76 432
2 45
1 185 -983
2 71
2 169
2 86
1 12 376
1 151 21
1 44 -949
2 42
2 135
2 1
2 88
2 4
1 57 -821
1 91 -901
1 190 91
2 7
2 65
1 70 -472
2 76
2 185
2 183
2 184
1 116 -48
1 178 -981
1 102 -859
2 132
2 118
1 52 -1000
1 178 665
1 55 445
1 77 -950
1 3 -80
1 15 -91
1 28 -965
2 194
1 183 539
2 40
1 37 509
2 133
2 91
2 104
2 125
2 84
2 134
2 21
1 41 -630
1 95 -747
2 186
1 125 222
1 64 238
1 71 378
1 149 -912
2 25
2 163
1 93 -390
1 163 -339
2 160
1 129 474
2 180
2 23
2 166
2 94
1 24 -555
1 79 -311
2 35
2 125
1 168 764
2 197
1 170 -428
1 6 413
1 170 -640
2 101
1 21 538
1 54 -23
1 119 -543
1 115 -849
2 167
1 47 -686
2 32
1 85 631
1 32 258
2 151
1 34 -677
2 51
2 176
2 76
1 98 -977
1 39 -784
2 44
2 36
2 80
1 114 127
2 190
2 101
1 126 -326
1 66 185
1 156 842
2 136
1 54 33
2 153
1 178 -511
2 168
2 41
1 22 -51
2 174
2 36
1 103 -235
2 153
2 134
2 13
1 105 -913
1 60 786
1 58 -157
2 64
1 185 -321
1 81 969
1 157 -599
2 72
2 125
1 187 -30
2 125
1 118 -104
1 65 835
2 45
2 70
1 171 -69
1 72 139
2 156
2 103
2 166
2 13
2 35
2 195
2 133
1 41 -647
2 8
2 90
2 123
1 7 -650
2 162
1 131 -177
2 40
1 159 -674
2 127
2 120
1 96 800
2 147
2 187
1 94 -610
2 54
1 76 147
1 15 406
2 58
1 70 -957
1 192 -667
2 89
1 1 37
1 18 -413
2 187
1 166 -438
1 38 -431
2 57
2 175
2 37
2 53
1 118 57
1 178 909
1 6 -678
2 110
2 3
2 187
1 190 886
1 58 48
1 197 -211
2 95
1 80 -910
2 113
1 113 870
1 70 -997
1 190 -379
1 127 711
1 102 663
2 123
1 101 423
1 33 118
2 26
1 102 651
1 65 -38
2 28
2 15
1 194 -187
2 48
2 51
2 116
1 50 484
1 82 -253
1 81 -159
1 93 505
1 89 978
2 44
1 76 -244
1 144 -977
2 128
1 111 -262
2 138
1 196 359
2 112
1 33 574
1 137 -707
1 110 -877
1 125 348
2 120
2 189
1 172 -260
1 163 -350
2 99
2 53
2 94
2 50
1 17 536
1 193 -629
1 156 856
1 182 -708
2 36
2 194
2 18
2 57
2 168
2 173
1 161 -933
1 102 340
2 72
2 99
1 16 949
2 113
2 161
2 44
2 38
1 186 -741
2 130
2 100
1 199 440
2 102
2 108
1 184 324
1 155 7
2 130
2 168
2 80
1 166 -317
1 106 -390
2 195
1 156 -64
1 175 817
1 91 -206
2 20
2 188
1 39 959
2 39
1 66 -139
2 107
2 128
2 45
1 182 -550
2 43
2 93
2 69
2 44
1 47 -78
1 88 -911
1 3 -369
2 180
1 147 941
2 33
2 132
1 191 -984
1 67 -319
1 137 414
1 98 -969
2 96
2 101
1 128 113
2 45
2 116
2 90
1 35 662
1 152 -56
2 61
2 28
2 91
1 10 -471
2 61
2 44
1 52 507
1 22 -407
1 3 -89
1 153 589
1 42 -671
2 91
2 57
1 175 21
2 74
2 68
2 143
1 187 293
1 2 944
1 105 927
2 93
1 140 -885
1 97 -866
2 34
2 117
1 30 -213
1 155 665
1 33 707
2 137
1 112 -35
1 143 -276
2 104
2 155
1 90 15
1 61 248
2 37
2 66
1 171 -224
1 100 -675
2 188
1 59 -478
1 67 -658
1 148 912
1 88 -798
2 50
1 3 583
1 65 -821
1 41 -474
2 99
2 140
2 34
2 91
1 77 293
2 130
1 161 434
2 162
2 45
1 81 203
1 130 -726
2 178
1 183 -216
2 102
2 16
1 175 770
1 103 -438
1 115 -516
2 46
2 125
2 13
2 129
1 41 860
2 74
2 131
1 146 617
1 23 -707
1 179 -538
1 139 -300
2 19
2 129
1 5 -577
2 107
1 142 -103
1 90 552
1 72 407
1 25 754
1 67 -191
2 52
2 69
1 76 -37
1 51 -621
2 111
2 42
2 178
2 76
2 109
1 119 347
1 50 360
1 164 208
2 100
1 77 340
1 100 334
1 107 597
2 55
1 16 562
1 56 977
1 126 897
2 146
1 129 135
1 29 -927
2 89
2 35
1 83 544
1 152 -422
2 129
1 183 588
2 117
2 77
2 182
2 167
1 86 -4
2 83
1 91 -772
1 8 702
1 190 219
2 69
1 126 935
1 116 595
1 32 520
2 55
1 157 -654
1 30 -288
2 197
1 42 -58
2 178
2 185
2 157
2 76
2 11
1 134 -509
2 112
1 101 -419
2 67
2 137
2 92
2 163
1 95 929
2 183
1 29 -745
1 174 129
1 163 -124
1 39 -955
2 16
1 78 777
1 109 469
1 157 -211
2 59
2 16
1 130 251
1 76 -22
1 60 77
2 4
2 35
1 179 983
2 24
1 199 -369
1 52 20
2 59
2 38
1 166 -580
2 188
1 33 -894
1 55 -690
2 147
2 92
1 50 -607
1 35 188
2 92
2 189
1 10 -464
2 43
1 115 134
2 62
1 113 -762
2 175
2 32
2 184
1 79 4
1 146 96
2 37
2 57
1 40 469
1 84 -404
1 51 719
2 114
2 145
2 11
2 10
1 170 324
1 101 -757
1 159 -304
2 130
2 120
1 128 667
2 130
1 50 70
2 52
1 88 816
2 166
1 171 856
1 49 -11
2 24
1 162 -845
1 167 -872
1 72 -515
1 94 309
1 39 774
1 197 28
1 154 238
1 5 273
1 12 -269
2 154
2 55
2 114
1 180 230
2 5
1 59 427
1 46 -197
2 160
2 136
2 108
2 188
2 61
2 46
1 125 -810
1 61 908
1 179 581
2 60
2 190
2 60
2 139
1 72 -712
1 165 -640
1 74 189
2 136
2 53
1 157 284
2 126
2 76
1 14 946
2 18
2 198
2 29
1 152 -534
1 116 745
2 71
2 88
2 118
1 1 -848
1 47 345
1 152 -371
1 83 362
2 84
1 111 884
2 18
1 64 -935
2 68
2 115
1 123 96
1 120 949
1 131 -581
2 199
1 196 -500
2 79
1 19 -610
1 47 -836
1 187 -230
2 176
1 139 -879
2 148
1 167 -415
1 185 734
2 12
2 58
1 13 225
2 44
1 105 249
1 97 -176
2 52
1 68 125
2 28
2 40
1 23 595
2 11
1 71 -770
2 42
1 35 426
2 40
2 175
2 27
1 61 158
1 170 -523
1 152 18
2 166
1 123 -170
1 104 507
1 54 323
2 155
2 36
1 189 594
1 138 254
2 187
2 23
2 129
2 145
1 66 77
2 106
1 194 -595
2 136
2 187
1 56 -675
2 196
2 176
2 38
1 165 -954
1 101 -669
2 118
2 163
2 136
2 139
1 58 -469
1 150 -61
1 168 819
2 195
1 104 -819
2 148
2 49
1 136 -933
2 41
1 73 482
1 159 735
1 42 -381
2 48
2 83
1 66 358
1 87 -400
2 145
2 191
2 30
1 119 980
1 29 -319
2 98
2 47
2 66
1 137 -728
1 123 14
2 159
2 137
1 58 64
2 137
1 160 -868
2 86
2 174
1 15 316
1 186 -597
1 21 623
1 71 533
1 186 81
2 125
2 176
1 104 438
2 192
1 28 -604
1 188 -857
2 24
2 27
1 181 922
2 8
2 69
2 119
2 18
2 78
1 3 -162
2 108
2 9
1 193 94
1 1 -213
2 1
2 108
1 71 -958
1 148 649
2 55
1 135 -967
2 153
2 90
2 159
2 145
1 153 -805
1 151 120
2 20
1 132 -60
2 131
2 33
2 73
1 36 -228
2 9
2 24
1 58 172
2 132
2 8
1 149 -663
2 105
2 161
1 162 613
2 29
2 108
1 33 -657
1 88 -123
2 47
2 146
1 123 -743
2 170
2 185
1 194 92
1 136 -310
2 151
2 174
1 197 -69
2 79
1 46 487
2 118
1 91 998
2 190
2 12
1 135 137
2 41
1 54 -46
2 85
2 29
2 22
1 135 -568
1 140 -149
1 59 336
1 116 725
2 185
1 51 584
1 74 -148
1 61 -216
1 37 -66
1 149 -981
2 89
1 150 314
1 6 -748
1 81 -209
2 72
2 40
1 20 -429
2 108
1 33 862
1 37 891
2 134
1 60 491
2 21
1 126 694
1 25 -314
1 107 105
2 6
2 99
1 35 -155
2 1
2 49
2 134
2 96
2 128
2 160
2 129
2 140
2 94
2 70
2 1
1 42 794
2 188
2 67
1 72 -140
1 56 -787
2 104
2 83
1 195 -94
2 132
1 171 -365
2 16
2 58
2 177
2 46
1 124 -894
2 92
1 85 218
1 58 -915
1 33 -271
2 169
2 31
2 100
2 105
1 194 -236
2 93
1 24 -886
1 32 824
2 28
1 119 160
2 69
2 172
1 35 229
2 124
1 193 -68
2 47
1 93 905
1 76 559
2 16
1 32 611
1 111 856
1 47 529
1 158 548
1 20 -585
2 128
2 50
2 138
2 25
2 153
2 131
2 104
1 86 -561
1 2 71
1 167 -48
1 107 -322
2 96
2 193
1 115 -737
1 111 -232
2 196
2 117
1 9 760
1 3 -320
2 154
2 2
1 88 979
1 90 -392
2 194
1 23 628
2 84
2 142
1 74 -780
1 182 -531
1 103 575
2 33
1 35 487
2 5
1 191 907
1 10 816
2 5
2 146
1 170 559
1 98 655
1 19 181
2 71
2 192
2 177
1 199 -689
1 40 182
1 27 -670
2 30
2 127
1 55 648
1 17 -914
1 66 -513
2 131
2 90
2 200
1 56 -740
2 151
1 49 722
1 53 115
1 126 -620
1 151 631
1 45 -989
1 171 -710
1 122 889
2 51
1 113 486
1 3 727
2 165
2 38
