200 1000
19951064 -499735472 107 -412
262190593 -308598783 120 -393
-696927694 879207359 151 -559
-704936414 -635685562 196 774
-368888118 800192343 143 -206
-566383366 584204527 107 -318
94998031 422832090 161 308
464520861 416045834 153 747
419397367 -995646827 138 -405
582187794 544987060 133 -906
-957300085 147421762 115 859
285000356 -690496842 164 949
88621809 -62165864 42 -186
885697445 767350959 62 -944
326181024 -973421810 63 -756
824298178 444224077 151 -756
-23428428 -701696826 186 806
-685458663 -36403977 0 -539
786927855 671055186 113 410
-544553305 -460862991 62 -33
-510275201 -505807083 142 -121
-336820556 617217972 18 977
184853386 -418759090 150 759
772373677 794143761 189 696
-732170250 -277020657 153 848
-772544171 -888830040 65 11
239934535 238792812 121 -226
982193725 -376854973 168 -199
927439227 554830904 189 -261
23539302 825001233 49 -137
-354065479 624108558 151 27
-549111540 447078990 133 662
-776383015 -185486020 100 -334
661924681 468021330 20 -148
332669043 -374792695 65 -167
946018332 392983083 24 -830
-426274293 -164342001 62 653
818443525 774188606 111 499
-264238310 338820828 81 -329
-914524023 359911043 151 476
752062369 8602075 184 262
-902175156 57456984 157 38
-456766252 835187797 51 198
-965585902 297234398 123 -199
234651105 426987411 101 180
381360535 -715280977 100 315
487241026 -334798981 118 -387
-29158071 677487360 50 -161
-583614567 942125420 184 298
-189074594 -766099010 192 405
481075059 -788272835 198 821
662997130 401338267 174 99
477179885 955491747 74 -99
452576389 4363864 41 -511
419073382 584725865 164 599
990174575 -979317412 4 732
691566879 -642496697 18 -228
-932597283 179136732 4 -770
572695702 560699427 193 227
-686031021 -304319294 24 392
879913927 672304892 100 -558
378910135 -115665892 18 873
-729076582 231420618 186 -808
-309646781 287670369 71 -255
-959840434 -931114288 163 237
543101801 -435428928 20 -995
238094128 589132047 110 -146
-174370933 642913990 46 -807
-871762040 -375322983 3 407
513990603 936261683 63 339
-159731186 -830599357 7 -327
804617098 257107964 77 -810
-17404691 -371938954 167 -255
-100965959 -50328749 118 809
75158169 -315987880 10 869
540123932 839501328 138 214
283782819 352651577 122 -575
-916236739 -419034627 174 -880
645838039 -698955636 196 510
541331803 -689042125 27 657
-645211105 555400574 3 119
-20204321 -152388311 184 834
243349585 224527883 97 -979
-616082896 265097148 152 796
-206817197 -415153815 158 700
-144723734 -106959285 32 -593
-473986384 249344476 47 996
470127561 -169974239 59 490
387085273 814700981 127 -761
-644365403 -380501783 63 763
-899738376 803331357 47 -44
-82139321 -8073450 191 -133
205018739 -163822282 107 -994
850156638 -464968873 136 963
-718460749 -522850834 25 -856
-877937427 944480122 178 811
120111083 -161794011 18 997
-650590917 -778809745 160 -105
-171046255 -43766792 29 -80
-836125713 -577907885 14 -262
6819951 -964963134 57 -945
724904789 -281205896 190 427
-46468477 160472534 183 -972
-100333320 506530779 31 -726
5020084 -242589307 187 -409
443625707 -858164270 115 778
-490653122 547724755 130 688
600047943 -32488613 111 9
-736687344 -383993366 21 445
-227645088 -475521970 32 283
90926401 221476533 37 243
833341567 -981686395 138 -987
-813583059 -321946871 130 -639
-365932396 568200116 157 708
-352276454 361259497 39 341
-980671164 -719204037 152 848
-385393145 -723362066 33 411
918116853 268224906 70 32
269516289 -726493373 160 -780
-370553487 484024699 134 204
488661421 -944982211 180 -960
137015359 -544357072 183 -392
555794409 255739259 175 16
-970411034 -262391172 151 -273
943145474 -909068426 180 496
-864330316 832292450 188 -470
458095555 890743421 118 568
-424531022 -646311350 158 135
99354783 -401373807 8 470
-11220680 925803452 117 -260
-466709101 -264642863 120 840
473208291 8651672 183 838
281036486 -871005014 186 145
205548964 -260579312 18 171
-446161638 -59743178 138 575
-991301365 -367242096 37 -36
112470402 291920476 175 671
-947840400 -73869721 20 -843
610390139 -615047848 114 -908
667578807 208899308 128 575
-587720006 663053820 180 49
-527050966 -304373735 58 595
-481296356 -700437631 90 -926
-867494376 -204618826 65 -297
811114545 -596152383 33 503
-56138970 -939251444 174 -343
280167051 -49995775 108 -536
-299122660 681540992 138 -88
644412651 700923428 171 -639
-720144320 905160619 97 710
-481642257 926263686 18 -233
18189108 -444012310 63 823
918549175 515504898 87 -915
-769764488 785788237 190 -703
867574738 310717315 152 -642
-790778941 985162864 197 826
743724025 140867234 169 704
334792261 385691333 12 424
-275793015 -410164473 181 -540
-702744121 275905090 163 -359
-105915431 -151514013 126 895
-63931371 524862450 160 -535
-576348305 411544733 37 -923
620530120 -583254902 133 124
148793871 -995959428 97 -422
-325936703 -801335151 195 -155
487739928 -286375476 18 602
-585157825 -307564653 61 -882
-697249116 323532685 31 -185
922271957 -743421335 164 985
-166726433 -656424675 33 772
-116021266 -934173955 117 -563
-89759320 984447579 117 899
-60630082 174557595 160 -36
-275611794 -515677713 160 121
-73396150 -536972533 136 828
398845255 -776220143 86 -872
290897247 25445311 18 232
644728804 -691114633 147 -89
576664934 45070750 145 -921
-959315836 283597445 171 393
-700179500 -149895270 138 150
-357682815 97417521 161 -254
686530391 -569023912 188 520
89779747 495632107 153 946
-774091446 -134592656 167 -896
824655154 -582067438 100 -781
438404293 -707399310 163 468
381597607 408892655 100 850
-413703884 325356910 171 -165
-125786149 266235622 24 -4
726232907 -868776521 178 -66
997332671 707131372 69 465
-795830905 -630197412 125 -110
-338709930 512741983 16 243
918568661 635412336 14 -803
333324884 745484396 199 967
-287259764 -529105937 130 -958
860303164 -344285966 190 299
925892392 439138259 124 403
2 51
2 112
1 14 479
2 191
1 110 497
1 85 38
2 172
1 191 568
2 87
1 92 -357
2 51
2 100
1 180 -446
1 150 427
2 55
2 93
1 132 962
2 182
2 125
1 23 -460
1 148 -418
2 69
1 121 -448
2 122
1 79 162
1 92 971
2 116
2 182
2 128
1 55 -240
1 80 189
2 41
2 186
1 88 405
1 174 882
2 78
2 165
2 43
1 36 827
1 199 -7
1 69 -833
1 183 -252
2 187
2 156
1 154 932
1 186 639
2 109
2 20
2 196
1 43 974
1 162 680
2 131
2 101
2 134
2 179
1 20 -737
2 18
2 158
2 111
1 146 728
2 130
2 94
2 161
2 57
1 108 -866
1 95 331
1 77 -512
1 123 -108
1 38 -505
2 11
1 131 495
2 149
1 112 -993
2 64
2 103
1 41 -48
1 101 -599
1 155 -817
1 163 839
1 183 -968
1 114 -386
1 113 383
2 69
1 10 -460
1 27 535
1 48 -704
2 64
1 13 -581
2 20
2 151
2 155
2 176
2 104
2 175
1 23 -224
2 84
2 43
2 37
2 7
2 140
1 156 15
2 166
1 53 252
2 139
2 181
1 9 -319
2 133
1 33 -41
2 131
2 91
2 169
2 130
2 8
1 88 -577
2 155
1 18 183
1 40 502
2 57
1 56 666
1 6 498
1 60 194
1 153 -744
1 37 17
1 46 -286
2 107
2 63
2 82
1 3 530
1 36 -574
1 52 604
1 156 -570
2 3
2 28
1 108 -252
1 125 -773
1 20 545
1 72 -611
1 185 366
1 26 715
2 27
1 24 453
1 28 749
1 59 -15
2 109
1 56 618
1 76 -329
1 90 -59
2 159
1 21 111
2 17
1 107 -468
1 9 652
1 185 500
2 172
2 80
2 170
2 107
2 84
1 123 766
2 78
2 102
2 171
1 38 -813
2 25
1 91 61
1 130 917
2 175
1 143 264
1 68 -789
1 190 363
2 10
1 61 -180
1 22 773
1 195 -322
2 150
2 41
2 171
2 169
1 86 -522
1 154 -550
1 33 577
2 57
1 176 -526
1 105 -463
2 150
2 185
1 114 -154
2 90
1 100 831
2 157
2 162
1 123 -696
2 176
2 200
2 117
1 45 222
1 31 -151
1 120 141
2 46
2 6
1 115 -348
2 121
1 83 -266
1 118 941
1 175 635
2 144
1 60 905
1 32 -247
1 190 -934
1 112 -632
1 176 344
1 106 -401
2 87
2 49
1 19 -447
1 12 805
2 139
2 122
1 31 25
1 77 -486
2 35
1 156 -323
2 176
1 91 190
2 35
1 139 -543
1 98 -458
2 14
2 165
2 66
2 91
2 37
2 22
2 116
2 189
1 32 -115
2 15
1 122 219
1 158 621
1 119 -170
2 43
2 52
1 119 156
2 16
1 137 -789
1 151 800
1 21 311
1 137 456
2 15
1 136 263
1 184 -324
1 6 -959
2 99
2 125
2 74
2 166
1 106 611
2 1
2 81
1 4 91
1 70 49
1 145 289
2 108
2 125
2 195
2 55
1 98 -444
1 182 589
2 11
2 169
1 117 856
2 163
1 128 -520
2 124
1 174 467
1 198 305
2 191
2 170
2 138
2 148
1 74 793
2 166
1 75 672
1 181 -111
1 199 905
1 70 -6
2 68
1 160 -203
1 89 465
1 158 379
2 111
2 62
2 11
1 175 -903
2 29
2 16
2 138
1 122 -386
2 45
1 22 451
1 159 540
2 102
2 130
1 79 -630
1 199 -326
1 5 350
1 105 736
1 45 427
2 195
1 102 -942
1 112 857
2 107
2 136
2 128
1 59 -640
2 139
1 60 -961
1 112 -367
1 48 598
1 100 -116
1 184 797
2 53
1 26 639
2 193
1 33 -65
2 138
2 132
2 163
2 76
2 121
2 180
2 121
1 200 -131
1 144 572
1 4 115
2 30
1 60 -379
2 20
1 114 939
2 199
2 84
2 48
2 139
2 29
1 61 -943
2 51
2 149
2 102
2 166
1 74 -898
2 16
1 182 -637
1 82 -498
1 32 539
2 46
2 35
1 94 804
1 86 781
2 164
2 170
2 28
1 69 -292
1 58 781
2 120
1 180 -681
1 58 -676
1 142 -412
2 7
1 130 -755
2 46
1 190 663
2 39
1 179 633
2 198
2 99
1 7 -998
2 2
2 21
1 5 -309
1 114 355
2 127
1 72 -660
2 28
2 36
2 32
1 31 169
1 89 -687
2 127
2 87
2 69
2 168
2 169
1 84 -70
2 73
2 158
1 162 562
2 179
1 132 855
2 36
2 1
2 185
1 20 754
2 139
1 5 -532
1 156 -456
2 136
1 81 195
1 164 757
2 57
2 146
2 99
1 179 293
1 15 -897
1 72 245
2 157
2 193
1 91 491
1 196 740
2 132
2 116
2 190
1 116 450
1 14 581
1 128 -942
1 63 679
1 169 365
2 157
2 9
2 142
2 127
1 169 -320
2 105
1 5 987
2 86
2 91
2 25
2 20
1 46 267
2 3
2 165
2 107
2 73
2 190
2 177
1 61 948
1 37 -728
1 94 -689
2 115
2 79
1 64 571
2 172
2 98
2 78
2 102
2 86
2 118
2 43
2 44
2 78
2 67
1 193 407
1 78 481
2 81
2 18
1 5 219
2 114
2 185
1 169 -540
1 69 852
2 186
1 17 -499
1 196 -946
1 174 -841
1 70 -622
2 38
2 106
2 185
1 117 -324
2 43
2 86
1 127 357
2 179
2 176
2 102
1 94 -54
2 6
1 178 856
1 100 596
2 21
2 147
2 28
1 154 666
1 19 945
1 12 712
2 137
2 162
1 91 385
1 156 23
2 176
1 94 258
2 109
2 6
1 195 -775
1 32 672
2 132
2 39
2 127
2 80
2 155
2 114
2 31
1 112 612
1 68 485
2 177
1 137 786
2 95
2 100
2 130
1 149 -980
2 129
1 153 -167
2 22
1 109 228
1 178 -850
2 61
1 141 636
1 56 231
2 64
1 176 -472
1 34 414
1 103 -560
2 193
1 42 -471
1 54 304
2 71
1 193 142
2 58
2 22
2 38
1 21 4
1 197 -495
1 78 980
2 10
1 178 -630
1 97 200
1 76 -70
1 175 796
2 193
1 183 219
2 184
2 164
1 71 -245
2 74
1 32 582
2 23
2 154
2 111
2 6
2 1
2 124
1 165 911
2 183
1 149 -559
2 135
1 186 647
2 79
2 102
2 198
2 120
1 104 -20
2 40
1 161 494
2 161
1 17 463
2 13
2 28
2 26
2 186
1 192 900
2 101
1 90 -139
1 73 -483
2 77
1 125 120
2 131
2 184
1 136 -830
1 27 -85
2 163
1 187 384
1 79 -322
1 170 -809
1 149 804
1 76 -103
1 179 517
1 135 143
1 135 434
2 196
1 157 445
2 36
1 127 -10
1 22 633
2 131
2 93
2 114
1 18 985
1 148 860
2 4
1 80 887
1 200 26
2 63
2 36
1 22 649
1 114 -685
2 43
1 19 215
2 126
1 145 211
1 161 845
2 24
1 113 894
1 120 -861
1 74 579
1 72 816
2 42
1 146 413
1 188 -776
1 181 664
1 69 -420
2 152
2 11
1 155 257
1 47 161
1 39 401
1 172 -705
2 143
1 41 945
1 112 -364
1 144 -447
1 8 380
1 185 414
2 141
1 38 530
2 157
1 134 -895
2 32
1 129 -56
2 191
2 118
1 159 414
2 31
1 54 16
2 57
1 98 -172
2 108
1 166 470
2 164
2 38
2 86
1 159 -36
2 152
1 47 653
2 33
1 77 82
1 160 829
2 59
2 19
1 20 -455
2 153
1 102 -172
1 17 596
1 66 -155
1 46 430
1 76 -416
2 177
1 9 -35
1 118 -307
1 165 682
1 24 -268
2 53
1 43 570
1 174 -114
2 137
1 73 572
2 163
1 165 969
1 128 691
2 3
2 68
2 71
1 159 693
1 179 -4
2 15
1 41 410
1 86 -661
2 65
2 129
1 32 -525
1 5 901
1 144 -128
1 152 -5
2 60
1 63 -105
1 66 189
1 61 673
2 192
1 108 -472
2 145
2 108
1 113 811
1 64 886
2 3
1 14 115
1 31 -285
1 148 -18
1 156 767
1 166 446
1 153 -474
1 31 476
1 176 -35
2 15
2 15
2 66
2 109
1 143 -596
2 136
2 14
2 197
2 180
1 67 823
1 180 -710
1 198 -329
2 179
2 151
1 172 -858
2 188
2 67
2 121
2 112
2 99
2 105
1 144 736
1 147 392
2 176
2 88
1 106 -374
1 105 989
2 164
2 133
1 80 522
1 80 -290
2 74
1 54 -61
2 65
1 103 329
1 16 134
1 104 -782
2 86
1 7 -559
2 108
2 178
1 181 -946
1 54 -303
2 68
2 169
2 82
2 145
1 53 614
2 40
1 72 165
1 20 997
2 157
2 128
2 128
1 40 -463
1 104 850
2 73
2 30
1 76 -958
2 60
1 12 -460
2 37
1 103 -432
2 52
2 45
1 196 -577
1 2 -69
2 157
2 128
2 61
2 182
1 114 -887
1 41 -687
1 106 915
1 137 -822
1 11 630
1 90 831
1 200 -602
2 100
1 93 -491
2 48
2 35
2 177
1 163 -914
1 25 -261
2 142
1 28 729
2 57
1 97 -616
2 154
1 100 -250
2 104
2 121
2 137
1 108 -667
1 182 -362
2 119
2 17
2 154
1 23 -837
2 132
2 147
1 135 -47
2 126
1 167 557
1 85 341
2 17
1 88 323
1 146 -202
1 4 -467
1 61 722
1 45 -402
2 195
1 117 -62
1 16 203
1 142 381
2 110
1 123 624
1 84 -919
1 30 105
1 197 -267
1 60 497
2 176
1 14 889
2 122
2 107
2 30
2 144
2 187
1 185 -674
2 124
2 3
1 92 359
1 126 -926
1 16 399
2 152
1 191 55
2 132
1 173 463
2 142
1 23 150
2 192
1 56 -915
1 170 795
1 104 -116
1 88 407
2 3
1 71 -705
1 195 781
1 177 -904
2 84
1 98 -381
2 24
2 16
1 4 -566
2 59
2 47
1 99 -997
1 46 -133
1 100 936
1 183 -17
2 198
1 195 -641
1 70 858
1 152 -430
2 74
1 152 -412
2 64
1 34 992
2 89
2 194
2 34
1 156 601
2 16
1 147 782
1 142 -535
2 15
2 152
2 146
2 31
1 158 566
1 127 98
2 95
2 90
1 115 121
1 16 -607
2 136
2 17
1 133 434
2 111
2 168
2 138
1 142 684
2 146
2 175
2 19
1 80 453
1 69 249
2 110
2 137
2 105
1 34 -353
1 145 682
1 188 68
1 39 205
1 192 97
1 57 60
2 24
1 25 437
1 80 5
1 5 -429
2 47
1 196 -502
1 191 -521
1 98 962
2 166
2 78
2 40
2 164
1 108 -882
1 45 918
1 66 -175
1 108 586
2 7
2 116
1 98 -810
1 174 -422
2 68
1 3 703
1 171 -480
1 4 -87
1 50 -664
2 167
2 192
2 43
2 139
2 108
1 113 -260
1 185 719
1 100 -603
2 109
1 69 -223
1 56 -83
2 2
2 158
1 54 -260
2 102
1 157 -614
2 108
2 60
2 119
2 187
2 68
1 160 29
2 163
1 95 429
2 76
2 177
1 77 -808
2 57
2 156
1 19 -784
2 195
2 144
2 152
1 140 -422
1 144 -895
2 105
1 180 -536
2 190
1 171 -126
2 186
1 144 692
2 67
2 198
1 76 99
2 82
1 132 996
1 149 -436
1 165 -899
