3000 1000
-794935984 -606861738 2317 183
333829548 67633785 2748 258
-344109436 603221772 2458 211
59317622 934133638 168 -690
-284148144 771844061 2781 -164
969396696 667209704 2092 404
-289617070 -752097744 1029 -259
868486218 502083894 1459 464
749955167 901124634 49 -510
-802038271 968511676 2325 553
26112834 264977531 661 465
-531222990 985444390 2909 -908
-381655983 -435608025 2817 -788
-935331576 -705102893 1485 -576
-77520 889730168 363 750
45869122 -755931492 1195 -559
83653740 600983321 914 830
-38816129 -370133270 1173 -194
220586882 -952344178 2229 855
76806274 -938687191 1380 842
746552771 -840915792 390 -368
-902755898 -120639478 1623 627
367425399 -943387627 1865 -727
836793286 -563838661 1084 -911
547596760 367869998 2784 -563
764366492 -477137450 2339 57
441745319 -37270182 2610 953
429912350 -523097424 1197 890
618913554 -622454344 908 730
320465531 817286862 2579 -502
793789291 -558271836 2739 -879
-547408529 790187660 2700 -678
685204215 893410995 2984 965
-178040795 96537301 2542 545
630773185 13838107 2459 -17
463976727 -92248705 416 790
-794189008 -551611639 2850 -167
-816608266 -772939709 378 792
123877404 450608523 207 -217
-691198709 939301141 1028 303
294557982 -230289150 308 -577
836849814 872000638 2336 -728
-967212696 237583561 2551 -569
690979608 882870517 288 -859
895567844 -53429475 763 673
884557761 109783041 2734 -151
557432780 -537431498 689 -764
-596745363 659179899 105 66
-745241161 702577896 1981 -476
-867614113 -609506139 2203 -515
462972500 375080682 1217 -667
647665455 766158869 2870 995
407369133 340849910 472 169
983902332 518301611 1220 -119
459058269 894526662 1195 10
57632458 423279542 1308 577
-179736580 -85283658 1793 -728
461062065 -860586638 2923 645
-324159116 890835131 1505 989
-94311405 -220589139 1733 91
25004154 -303101801 173 592
-879129077 -262218768 1723 -724
252486569 -34566439 2185 205
340917794 -553905214 310 -349
511415051 -766454524 1232 886
-594428109 -747987433 2531 599
-30699546 -55297612 841 -859
-733956157 154583357 2277 -918
242308943 -683986309 2545 33
-188252876 237879466 1385 411
-749594679 689307050 2026 -629
734550052 873067128 1793 -416
415371434 586363348 2049 -236
-892231924 930946827 1035 -507
-37525992 -138152806 2680 -181
639421304 -893648500 1530 883
-702927853 616741809 2680 282
82504101 -886629 1435 370
311770839 -85820781 2353 -906
-829639791 -270102947 2010 -960
813026854 -965778628 653 -961
-353391049 550868081 771 -136
-151237071 939782943 2084 -247
418715287 -235774557 2262 271
770461918 -341381727 1478 928
-775673275 -518421296 1970 -232
320042993 -671734476 2086 -816
-90646217 914013856 437 -496
800863480 -125990403 1885 -386
-946330880 -815877472 407 -56
92439805 -609739960 2316 624
216559612 32950233 833 761
-927367687 -199680112 2230 81
-301021540 -556550883 1818 -191
-693328930 -768166195 249 -437
391138943 190639042 2429 -347
137123904 -829229790 2666 853
-883239327 339181298 438 -862
395276278 71960698 2568 263
-294207633 -79721966 2799 579
-459487887 432327552 726 -691
283714406 517827096 1174 -655
-198504365 618042276 2707 229
-872796581 -364498769 520 -674
-362049522 562402852 570 -908
365621930 920537865 1452 -678
877405085 -497793757 2960 83
-930252823 -903235705 539 133
894325725 51599714 1315 -70
268444614 829483403 1439 -406
-594245036 726068808 2077 702
-340196318 -657919025 907 -420
161822950 -962886311 2178 286
-371493110 103851046 2758 -735
206359162 510065930 1080 -123
594162846 150831044 2086 947
-916845883 340786880 1795 -34
-950566362 -985787613 1196 987
782553385 -560427562 1901 -599
107856922 867887196 531 -165
-46869779 98732994 1141 -96
219529524 408630660 388 -85
-648991358 -641565909 390 -550
-803777695 -654737704 2733 -915
-780685780 -454389153 1418 -473
36566871 286764700 814 863
-276723705 50295259 2203 928
-620402819 -374825515 1884 -933
90245817 293209937 198 -716
917405171 787706914 798 520
965220910 -505965529 1901 877
-340937603 -841039496 1866 972
411612803 -767237737 1142 -460
-539315307 443966027 511 -89
-748942825 499175823 932 719
490731826 105354816 2792 731
-894387745 -611172798 116 -101
167923436 -581113949 961 -92
818425383 -37566038 2851 826
-783260870 316338921 192 812
-483997712 -94938114 2668 430
-693669232 -603465550 1478 -930
705410904 786141014 409 -110
826471994 -461900788 1009 -849
-391344184 915966043 128 -782
92355063 274168341 618 590
98190651 -613645206 2145 240
-97061959 278499339 1867 -86
-102226358 -920415939 299 -68
415525709 462070837 68 765
-104571729 956369735 2752 100
982071938 -958909633 212 -563
767143770 -790431299 807 382
500678376 -893289921 1644 367
979157768 -942383623 863 -556
-571987909 481964522 2542 233
559467118 -516228587 2981 424
134731252 42905125 1434 304
549118569 -908631452 2696 235
471118869 -102730270 425 -75
-502760757 876149293 1576 -912
-284516142 295330494 706 991
951188171 -558579792 836 722
884847255 -584085021 1976 -425
-995003100 -713040801 2094 -424
-849504905 -292170676 694 -120
170986713 -870741773 2931 -392
765863542 -292169171 1639 -838
385936947 -744157855 1447 -858
-343377128 -804744366 1933 47
768002655 -771139510 2177 -501
712181627 196786241 1978 410
621291786 828700866 739 586
-700437272 -815400111 2089 104
87781220 -504735955 323 31
75446639 828585113 1562 -243
-939340778 699589067 2448 225
-360622612 -154055496 1534 722
-121334221 33247021 2808 -781
843094660 978345931 1165 -903
-937408857 409782024 528 33
132988215 742177838 913 -288
755667219 908118383 2460 573
-68971824 -919937136 244 -53
854209605 855883364 2611 927
494681955 -854346521 915 -949
488098588 -529346790 2020 884
120599204 237855681 1786 685
-618583594 -320651315 2604 62
263458450 -847609335 2433 288
-153879253 -119973228 1826 548
823052752 639750714 2936 -1
-344953881 111365741 1663 947
702578153 -455865700 1330 -99
-347559358 -872188217 1135 -83
-647584115 -620262743 292 557
-435126879 -625625469 1035 994
-689092507 -254587410 2804 -907
-788292457 722949928 728 686
369874931 -543494212 1315 -658
-126274178 -495874203 2419 580
-727524831 -617444622 1650 -181
-209859854 -228932465 1011 -82
956445656 -135944606 749 547
281938889 580468284 1472 520
900296592 -479747000 1499 737
-149947887 400685825 1449 290
721667981 -657806367 5 -180
-644485298 144432169 1110 -578
315374752 -850387427 2141 -564
158917671 757069473 2840 -424
-686391868 763751075 2852 604
711038192 -445674962 2510 -373
821638868 181135480 2186 -585
419158862 874230809 2759 -960
153221780 344780411 285 -326
144075717 -302241665 1414 804
-233479623 399923139 1605 -265
-570147676 896858781 2581 125
-124890519 -240234507 2507 382
288987601 -775509791 2497 544
11765468 962308530 1599 435
967408152 -451067654 1362 79
-524252402 -104986272 1292 359
310355736 923010482 2208 264
681601367 -480232483 541 128
-130096447 871667656 202 786
359205622 -842917599 522 -130
490869448 405936998 2528 -96
-380955016 -597968609 2391 762
-474916802 107921535 272 -544
-868167070 -512046063 1863 951
698004571 926281532 2965 -22
559982082 58480204 87 -18
978791157 195950455 1456 -668
-757837609 177474665 1530 -381
861089498 -650694610 2447 -472
892903966 -823527848 453 436
-390168037 268723491 276 -443
44203018 827797675 1229 384
545165619 138763981 731 -871
346884345 -85539004 614 726
-535669724 955655963 2270 -980
-781333433 593056069 1787 658
-633958866 -723823045 2491 -226
180461034 45400272 967 -573
-867398994 -409194302 1786 765
734305188 -418921129 2733 978
-59021187 -453229147 41 582
-975170096 400266641 2880 -152
523898710 -387618849 807 240
-927060991 350460064 2205 536
134701155 -94639893 319 505
819196951 -314822802 1944 -574
-965153158 885254798 310 -644
277496542 -140396626 942 -982
272230838 -302283398 1699 186
-420934273 -21616887 1312 -991
-784788970 21745268 1690 -580
952058555 661094192 1639 -299
-453962615 67053652 2065 488
477001685 -932805356 2215 -651
-780055859 -738221619 406 -877
-765639875 285240484 113 165
470124062 -978917771 2186 105
-863960103 -528416656 917 -671
313995810 435016901 1184 -8
472803605 -266973154 1673 -459
47055089 -469932349 2349 -27
-725214952 437029280 1445 900
77572309 636958236 68 634
-869963639 21394920 436 617
380670277 -586702682 2973 13
828579930 667310674 1880 -609
764206878 -536344863 415 107
498039180 -813367996 2212 -552
18398642 -660177263 1095 726
33663334 -887772269 2548 832
51314585 -403938976 1873 800
147960493 -168752559 2252 127
-700971437 891187605 910 -938
-632414804 -827674745 696 771
-606521286 683233958 2667 -286
477601373 -759610749 116 671
406988790 539576104 1650 411
76139007 462003146 367 749
-324619605 7671804 1278 -398
-523205104 -982262312 1922 -90
702562971 497500202 2808 482
865374860 29937521 2217 499
19613712 -689433425 973 273
863543039 -201152836 438 -551
-571983706 -633515920 1526 75
662499589 -185549844 1429 886
-33427266 124687859 2860 -138
978649084 -915597547 1296 350
-472032556 460196708 1896 211
-850261113 -573900553 914 -306
730499977 -552926121 858 -268
245669287 -287020100 2936 -598
250237125 7449242 1061 -661
-787388247 -913667832 2366 -639
747634309 -250707897 927 598
490783401 878348771 908 727
-402381936 -255483687 384 409
51067845 -30811468 1069 -784
-329394213 797201802 1980 902
-618729997 376258230 1901 107
286245594 543136786 2923 62
585817236 -336406507 1437 -184
532682297 -62428657 1798 -498
995042066 83817970 1945 -492
733111099 868068199 1075 489
818231617 159732810 141 36
541716994 -910692602 1102 15
325872920 714351870 139 126
-372966687 321719610 2429 248
553263772 384214150 2750 926
-319860582 578460514 1578 104
893626811 -577758901 1736 906
574768157 -120972087 438 -670
-958847949 -458244755 2987 595
147204379 -14239632 674 29
-953413896 -210101245 1402 -381
-8366711 637382422 74 588
755755258 -246590954 2845 -394
-820202773 -610965211 610 974
-283413601 -120759562 1441 88
90863794 -373790213 2020 -610
72843925 -889003482 1830 -476
-517393786 -93698385 737 -53
752039316 -674833514 1165 652
-298185899 637642436 500 -701
813577857 -987978340 1707 -982
980272637 399857596 697 784
-194021205 -273451691 684 -358
115656306 532203453 2540 -336
817054165 339016449 1094 -756
79854448 938633135 2318 547
-424619094 966904861 1167 828
681390390 -219989468 956 591
994782257 -818122947 591 -87
716329859 -653883132 1035 -157
784821566 93448342 2399 646
568334501 -18626901 2779 332
-454571268 -989001797 774 28
-247728714 -503286091 2874 606
508383124 -220663588 2009 747
209119342 -777708713 2533 346
180937186 31704120 651 782
48790826 -519349766 432 -617
-462338162 -364844821 1933 524
-790965886 -903123010 2351 -196
-584430987 -326493158 367 -508
-817656501 -838174281 473 960
409941640 -192416335 2790 -591
-53642845 -156766562 2941 725
70508338 -162657870 1733 130
341554627 339537948 847 -760
549293887 96827991 2994 -217
-277503307 -716697078 34 852
-597467913 -357866392 1824 -724
-4358349 34634371 1729 -322
450247315 -105997665 27 551
-10150900 -569790824 1805 -783
981139642 -550904795 2228 86
-420694085 -809469045 212 100
243120264 -786677029 1616 -519
-84456924 -84538925 2156 -646
-102715982 -548547471 618 366
270882647 -635991035 2036 977
645354897 286964572 1198 -804
950350086 -54068819 721 368
-668275374 -923695222 898 -916
-132259936 -839928194 405 -927
473277244 -420039644 2466 941
-885422704 87112300 2435 645
143047630 538032424 1639 905
-936247224 613697470 2801 213
-352285339 623435411 1793 -430
-604318156 590906561 325 -365
94536898 -941237753 956 870
875287793 145060231 1189 751
494215334 -655675075 1359 -673
-385784268 968023653 1027 377
-598386515 -672455219 2464 654
-254486189 -150578610 1588 -825
258708827 -626168183 1267 -416
939715104 -254281494 1251 345
-606144657 137388087 2665 -813
-274705706 54672939 1360 -979
-701915068 346168395 2294 303
-755569831 -203778050 1511 794
-742591539 542765879 1872 908
527478299 -481671535 2785 418
53137962 572198479 1690 89
-148181931 -600880153 1599 509
-956321261 237361346 800 433
-913702954 92919679 969 -26
855814365 994957513 1265 -287
791326772 760152167 61 957
153794380 -885840390 316 341
186846626 -802792620 1731 -120
780582256 947982190 1 300
904683555 280980951 1456 -774
885013949 686646132 686 646
880617779 -220374907 688 -346
-295420210 101802693 659 550
652639801 70767227 828 26
950416899 786806884 1956 -262
-119485549 -74302591 2264 141
711593765 -72799667 1857 516
-174057911 57880124 2269 -340
-636315378 539203461 1415 -296
-511813290 652113458 534 104
-734522480 326544103 1176 -414
-860117511 -508174735 2136 -601
-412316783 507264776 2849 -969
-397070395 -973242385 705 -596
96273465 676152512 226 -787
369693169 -943278730 246 -307
591417521 -515123695 1339 628
280986211 822127665 862 673
-333349314 338495922 1477 -212
-433153779 799255640 782 968
-647323551 -907212083 2316 795
-790488847 701783517 520 -805
855998132 -482465172 2233 -56
-326564485 260147345 1504 728
7262984 -765759021 680 -746
479978450 -423817963 2165 22
-775273670 -708458933 2385 -264
-568343588 -494106678 1257 957
264881932 206107384 2122 684
162532474 -541999799 2712 669
-889578862 537473785 1216 -715
-725855050 19280831 1241 -131
658450588 -658094152 2261 907
-186581628 -908056054 1435 -423
140169543 -373678098 265 -534
471159892 117765667 2162 450
-549329411 -208377050 647 -929
108940831 -655477068 2619 923
558039463 -962770317 1272 -872
42890978 -572717501 761 26
-991778876 669097778 1079 437
717119649 -684990649 2170 -708
-899582992 412688400 2353 -307
-912757525 95231180 2335 -73
151204214 -660037 2838 -696
466868814 949257166 1074 -895
962773488 952811349 1466 635
-956508090 747230502 2941 343
630647174 730939413 1699 103
524798114 429384565 1823 -826
-407261094 211271560 797 -797
-650660075 454035745 1455 -648
659222552 -535903909 2325 -329
286921610 500857952 1252 -455
597724613 -58223831 2353 280
801240063 -500943116 162 -617
70913221 288446016 2834 228
-212065727 658446700 1278 291
854023764 -361999346 1615 -778
-458659405 -180304055 966 219
388115017 105592348 1800 -886
63089640 289010234 79 600
532162245 -879029157 440 -393
-565036057 323626499 1232 -992
790108805 -673261706 1225 -122
-454356859 -559082901 2635 -542
-871692453 351196225 454 284
-609026911 658381784 684 -651
-833666857 157888614 2801 157
282831966 -928439767 2692 -39
-532666477 -385272343 1079 617
449455822 748752690 1485 25
-371210178 956116612 1793 806
-198787008 -272042029 2668 429
454360501 -61257566 2736 73
-321308310 -92377791 657 -128
-355101553 125698287 413 160
-95571027 708828800 418 -5
708624230 -587205832 2037 -321
505449311 -917454453 1601 -681
842706540 670758223 2752 207
722323577 451032779 2636 -565
-727292553 -63634064 89 170
-42053439 -187643215 2275 -575
774256451 -533147922 273 220
31512255 958130676 2469 250
696191724 619694899 2442 -805
-745963598 182396113 546 902
44637700 331874597 203 546
118274788 660298268 87 912
-18995823 -627522907 175 893
796368205 -32028911 1485 347
497770679 834347849 2867 -337
-652912350 -984173010 1818 502
159687345 -167213564 1293 262
-544086439 -593483988 45 -613
781535608 400380472 1412 796
507282111 10081885 2514 788
660369220 558482400 775 -663
312292939 -502825829 1847 -131
633006306 -235337841 2508 655
-467130810 118803709 72 637
-836291768 -372479013 2863 -936
-592879664 249690322 1616 423
-386127579 -615643320 2512 470
-148121569 530924057 1267 53
-630928271 -613377298 2230 165
-749114662 -840048119 718 -398
13381897 928385620 1846 -878
251255346 259752508 2385 120
850056882 428069606 1680 -561
-986701645 -91355394 2247 443
-302421931 690705087 737 -730
364941214 464938289 76 -734
255517679 631009840 2585 -966
-322961003 508126541 1328 8
-186155450 -198354580 794 486
-658139724 -176032583 515 -918
-888878891 -104249448 124 457
954260437 644962417 2907 -68
-879166135 -95607962 294 53
-201815781 -254370997 1280 -499
22714105 -928592929 844 -387
262136745 -962429335 2445 -186
-768728401 -428680757 941 236
218294820 -113917733 165 363
-120998768 799316271 643 -31
594692105 542601988 1439 164
-133581535 -582076335 2838 -885
743472785 -360012512 2242 -704
-538347707 792535316 986 -896
165585864 -626240794 2425 -863
-443956350 797876994 2259 766
45798714 878797866 435 559
-615401790 -887986363 741 598
-390055856 160422712 1447 287
141605621 -958759087 275 -455
-934160072 -939159051 1482 -388
-824427404 350727088 1478 -541
-202227639 10688203 2273 -675
-183013140 769163161 1534 -58
481464577 185614613 1063 825
-789527299 -548149054 16 -385
496710551 -828132323 1792 -912
312285625 958213218 1880 -768
-454042870 106107325 135 961
-480986169 170234644 519 867
-575032901 773492681 354 -31
-51176404 880169142 2620 727
-681051515 813562591 528 -942
425518930 -967206399 1880 -270
-343427734 -305790911 526 478
-835820555 -58882281 515 137
23018912 -339471277 2798 -767
168425607 943785087 1291 278
-334025074 -953297309 16 -160
313928776 -146242314 629 41
453432485 -758588541 2462 123
-62072875 54115072 284 -726
779995149 -923676748 2993 573
-543064810 246266666 1743 -677
235579619 443020347 187 -171
550650265 -386447662 1267 -160
-299860741 -447510059 2954 501
-335966881 -422375533 2310 922
278689254 144893302 426 -849
761291323 502407410 357 170
-633392248 134278661 860 -826
-600138057 128411939 2868 -340
803798053 -948568055 542 112
669964624 -691548443 2691 -696
176711929 -797359658 2300 -564
-790472317 -208661944 1530 68
-787917376 493294691 1514 -929
-799357481 288674930 79 510
-850573160 988133799 318 28
496887023 365589424 2588 106
965380180 -973278477 962 365
165345759 384426785 1333 322
-230363406 -917831725 321 210
681460880 784117093 2903 -578
-373518537 -450553930 2551 -506
886712753 701672046 1885 -438
-906533871 -956568630 1197 -820
113654852 -847235009 275 -252
991602644 -237981804 2174 354
-880479412 -25469257 1308 377
-759967951 -895546041 1862 112
880366575 -758478454 2046 632
-978997126 -393373535 2512 -444
-368667623 -477283827 2121 451
916836811 -862312350 1035 -545
-27337501 231456991 183 140
991791526 -714885922 1726 448
973374510 -801396432 168 -874
-474353852 -678289087 758 315
-926866796 -778000680 1818 -840
-958072089 -283383233 1437 -894
389882572 -916906292 202 945
-357817109 -528370534 2590 115
-989126229 -364595750 2097 708
690060900 -678293906 2410 921
46294692 839470501 878 379
-335446838 655451631 2343 -675
546249741 62524126 1278 570
-133766369 -479062456 1042 31
716195937 873480467 1745 265
358458212 -644461637 305 -178
-152476428 -972104085 397 18
236187110 823711738 2747 -944
177892680 901812777 2492 -495
-402622788 -541176365 753 784
-795248794 163675824 2981 357
-896201554 -940087241 2518 -927
170286862 -707346653 2375 307
809749421 503127418 946 428
-641810528 -982814444 294 -588
800116665 -447318448 2485 -126
-253109994 -796195783 1439 563
608123492 -990413048 2245 -667
129310002 -201458137 2151 317
-925683120 -434992383 2457 722
479056379 449826223 2919 850
-607293217 -351798389 1729 319
930440059 244337861 1079 -250
-275312828 749121762 2230 79
-627731238 -305248212 2087 -447
-727993615 -316060473 1646 728
-937260765 -383030191 2776 178
-333293450 -407990996 2165 20
825321049 -990138346 1227 728
-241969783 682550029 506 365
880384348 -772347743 2139 -935
943939259 -60575459 963 350
61185014 -960232405 1767 -794
729297909 -632781883 2225 656
-356482743 86647901 2879 -309
423296588 -613202589 1237 217
-977648950 693764141 74 169
-778195479 978778487 2355 -971
-113473410 -710167980 1521 -900
-746057581 -106663893 963 866
-857375309 -629597993 163 521
330925314 684857226 1664 -626
-415036874 -614067870 1773 91
920381545 -301005220 1502 -176
288021232 802051232 2004 -52
-625374232 -214582543 1250 -674
-575989663 73954171 2001 -767
501129197 28755282 831 151
-796398267 390430843 1318 -253
220256758 -528418948 2909 671
299867042 -404745620 2873 -968
-407143482 437562821 1019 553
386124384 -486161463 1169 882
-424194028 706257517 1439 -287
771576963 580489422 128 -192
609583325 127093759 2809 -746
926339162 -586730170 2492 114
-139044089 790198164 29 -463
-445233969 922888570 1830 -550
-28782529 248684604 409 -2
25147372 -211771397 740 541
592757959 501647772 1468 339
980308084 -272751910 1036 -295
341744824 -656253237 1867 350
566274497 -157030932 2731 211
-775259972 -631577992 570 872
-715290634 278958512 2911 -9
799245243 -581182337 1843 297
-95865515 568810560 784 450
774324473 816476782 2895 686
-166989542 -544485694 777 33
373369750 -793626109 2299 -590
758684199 -556940939 2086 -814
802549524 534925849 2513 176
868205075 -987891953 1866 526
602086562 -894868123 1149 591
612916424 -23176349 321 257
-347821784 862228726 949 406
-254241820 -623846145 1447 42
-273093512 162731502 708 -752
736230187 772709727 1333 -440
-263151975 724025084 2009 -687
172385504 531803551 1996 -578
-428378767 -84921948 1317 991
-229500016 857007591 1884 -854
-550653160 425936011 443 282
669793685 -773569073 1649 904
425745145 -293893519 1245 -103
-321318983 -817087833 1927 445
244611066 -84478184 960 393
-146113948 636926271 1839 457
940258128 -432858697 1485 922
-363194149 359570959 184 832
-220509322 -523337502 987 295
956493851 689532994 1486 269
188295367 369513773 949 845
-774498567 61591013 1570 329
-951267868 158354784 567 11
16262941 735719157 2136 745
-443881261 -480426471 1822 747
-100342013 45909120 1805 894
-882076376 724035470 2357 -840
-576376469 -449433583 2029 135
-854199321 -629634814 249 934
-628212344 574785464 1989 814
-446746231 -816431115 2740 544
133277854 -321509710 299 -46
-179193379 -689346190 308 79
362471513 395664393 1685 -736
-654298542 -551191415 858 882
444545920 -793782517 130 491
-57092872 -130825984 650 454
141116472 -271414190 1508 -326
208966926 862458730 960 -662
812837045 -285815013 657 -854
621804328 351699387 803 109
-176501857 -840723669 1941 334
85400737 -716438938 367 294
154171069 375435300 817 726
-814959221 16675196 835 716
-999929698 271699574 945 -406
779150766 -520027723 1484 973
-826416694 289092691 90 -270
-705593417 -372657666 1466 493
-734307870 282785312 1358 180
239077080 -935484273 74 -903
-130851181 258492394 917 630
-145748098 407176215 847 -137
25010280 -314161933 2165 -490
645837360 -916288322 2087 2
888871129 -882419682 1346 -649
-636418057 451410764 786 -300
-714935080 -768689791 2167 -15
7314354 748229336 1668 -314
-856617980 -857390985 1202 623
-959540110 41510595 671 303
546325536 176469707 119 697
-657391241 -862869849 2353 -995
520424520 761625015 690 571
848768197 434826384 2530 212
32072320 213176663 616 130
601984622 350717990 1668 837
458964710 540758189 72 45
414685375 127431592 944 -823
-281714686 330650567 2259 -153
-36671685 237209869 1880 260
-514558493 470363829 187 -157
-340635947 -397208563 824 -47
-924604447 -995895994 1438 11
-30364684 -839240242 1825 -777
19145204 -654815573 2087 -41
-357468960 -986874291 2973 341
-968563099 -180442595 1965 477
-986463758 77725352 2973 -682
-390159741 161078095 288 -215
-342492111 153633456 2138 -687
759212835 206096358 808 -869
291603561 -232391327 1382 -497
520230089 -870975593 1516 -703
-788731145 989219682 1908 268
100426223 -80255515 1922 567
226187791 980822737 1439 285
-929898796 292981639 2214 -661
64881908 893375884 2444 -51
-133151903 86242772 1022 105
735411995 612725243 2228 -777
-454354307 717672509 758 586
343783340 -896288844 597 -410
-184084891 -934827439 2454 -797
987714192 -309442442 625 961
170786818 839540815 183 -552
-215801102 318345726 1951 868
510440388 -770226779 747 -391
-559302974 -336431229 2168 -818
357020117 473145744 153 996
-985961815 663678200 2128 91
653293117 58039916 2190 -94
-773519830 -477792554 892 -537
-437675520 -95415707 1030 486
368067328 563311247 1239 -799
-75127793 -73645280 2516 549
-793866686 -53150930 2449 -135
433787636 -199681476 2817 -70
6344407 340006977 2128 -563
-401792457 -766462064 546 233
-281949501 -594478489 2276 892
-204664945 533376589 1901 625
675098107 -95184312 336 -903
-154236963 -500530523 1250 -179
-672765268 216826378 2591 -938
-47519180 463853435 1241 523
924539357 -467759909 2538 264
-313829720 -195716987 2971 208
-175806891 -564103355 831 -154
854621648 -728299442 1325 -99
-581220145 -591147049 176 390
-707343083 328878440 247 177
-765382702 986736345 1663 316
63245304 988568656 1830 -562
932732567 -917829909 2793 -505
539276234 295420611 1149 771
-998826453 434663918 1867 -978
-503457207 -835970890 789 779
52394763 -885668605 2491 959
-414117132 -6113762 2372 -932
217634096 -930158303 681 -479
-64262219 12136564 2145 400
211847307 -846703739 1239 -418
248112387 -416666758 2602 567
-343286312 -942356609 546 947
552941839 -546752792 602 -422
205562709 -470871826 777 -960
-951162383 -928609533 1418 73
266791026 -260466478 2712 -705
827411938 -175978155 2507 -541
919850657 -349904517 1075 612
-78192410 6135737 2722 218
-814863613 588422488 582 117
-538639064 -367378341 1836 -796
-20513086 -973501185 2907 59
730202551 697075739 2593 914
533600307 -714698890 2008 609
966332075 510655954 1646 671
-778255000 -927655175 420 -218
582843875 279444728 2460 -744
-652829131 959072005 2001 999
755212269 -150043727 469 608
-139100683 -53563075 1486 813
418954155 338283487 382 133
769298201 -705148196 1782 -951
-199957760 310135606 1354 534
-232700026 114771080 2547 293
-286146886 -463370084 1260 -533
-531111400 857367639 153 -869
-479212401 31157340 1913 -379
-530481333 342527108 2758 -235
601500664 745577834 671 -647
-715852288 -668111035 2841 -562
695895825 681066738 139 604
383451078 695255244 572 813
-782775411 625488181 1605 130
-471157140 -812185966 308 817
499765248 539722040 1217 -235
-172408193 902221776 2085 466
178517979 -217281132 282 -676
-857442507 -608141354 587 301
-808231713 767788502 1634 -581
-379566414 971310344 836 -482
-44739144 45587314 1793 -917
745817730 -479970585 1121 -209
505341394 -978703169 453 12
-116479411 622745381 1177 816
961327563 -497511978 1329 -577
336591017 14081909 409 -759
158698112 262839131 2154 657
-981222829 201692914 582 -277
-201468552 395580410 2911 346
-941283791 211914089 1126 -155
149697134 503272345 2706 241
65637302 -150193087 940 -541
850317244 440509620 2591 -145
764639574 -401839819 573 312
-990193202 -229541542 1486 744
-968347922 -259682717 1574 -955
794408218 -766755451 526 -884
-130394527 233226471 1231 232
-560614123 101169361 2748 -252
972161771 -338134903 1907 146
912813333 -482952148 1920 455
-293472884 410585162 1823 -660
926108013 498053294 1364 -70
122392564 -35680512 276 355
-326287304 182233189 187 331
753996237 -947320259 59 24
59735845 -432220962 294 381
-145775013 683549157 856 0
366391795 -46926294 688 -407
-558620142 790724907 1669 504
-613643514 -651053076 1219 314
-63739723 697423125 910 752
402703887 -943368116 764 216
519435114 -160307446 2387 395
-103658139 -876185674 2202 -608
332619412 -353367087 911 497
-961461608 284725613 526 -108
-642209890 -977432648 1809 -711
-932905319 575891392 60 -633
-157382777 713186366 321 601
-417965404 347991188 2157 -584
243205461 492882764 2506 -736
-88286145 -660406855 1219 -81
-730042170 -320494429 1016 56
-626431786 -524657834 669 -337
643566030 70279552 1435 126
-536883220 897829075 1344 482
-590516249 239288998 2850 554
864983590 -988496832 651 44
511750377 -519186812 1445 -339
-896560122 535549885 835 947
-626870565 939262482 872 393
487837208 -411637261 2665 -406
-124746158 -655993135 972 241
-804444033 601125976 1452 -423
161664701 -260993615 2740 990
-819437832 798173991 2493 614
233074203 -575068897 1823 651
540059750 -154570198 1787 883
-43130978 -69953174 1862 -381
133510149 -272687580 1241 540
-898112050 253314893 2622 -118
-42306524 -497872238 1296 230
480785241 936973144 2132 828
774614123 92916662 2843 869
-674463212 784847764 1331 351
22956530 100703222 769 -477
-694724563 -646756003 195 346
822474456 -931145316 2087 284
805093842 460113857 758 -363
876185162 -580202301 1203 -556
931119049 499728496 830 -62
700880521 -256600057 1331 -538
-787372694 413726969 1441 102
163103601 -134143123 758 -625
566274556 -524456825 2808 -670
-194912536 471472138 2046 95
-138600401 -350013260 1949 100
992708904 -181560221 2977 323
354855226 -129019600 520 -442
572441250 -624067443 2233 -9
100244842 -49803591 2935 -744
-764000870 -525740537 1401 -68
-855417743 944369370 2409 -819
-30759471 -538326277 2629 753
-326719664 -418315799 2125 860
128509392 -29256916 911 227
-481219271 330761698 1074 49
-157789406 819720733 697 959
-423532799 937552747 382 900
-480579084 630388567 2636 -433
227482575 -686028816 1121 -366
148199825 790124390 1763 -178
299975709 -980645878 1823 -725
955194249 603077941 854 1
-271113622 -45271268 8 599
548361046 357464072 616 -403
-409050953 453552481 349 -857
-589139736 372986027 294 569
429436583 -188640272 87 -628
713616816 -391077722 453 436
-890763081 -700331753 2713 370
-515917400 249671392 2984 -606
14852397 6000873 907 310
-750533821 -367160131 1432 247
204535148 255258881 265 513
-703253998 900425991 596 447
-592184437 31478907 611 -552
-691856509 -430269761 2031 485
-390315392 220578066 1058 698
307724678 950297975 2958 699
-467180127 -501966979 1632 935
348599922 -499759141 496 -326
-748842288 884846504 2510 278
-409781651 -777025655 2653 -109
-907398429 -238042499 2680 12
363580927 -581001385 1435 -303
-159506984 376949221 1257 417
23347883 -496179030 2518 -310
-965253604 783072741 518 22
994408236 -542613495 1646 245
694365936 -51621294 1509 -610
805960387 -524830341 335 209
499032614 939790362 2120 309
436452551 -355732622 124 782
-748354863 660583428 2355 -671
-442475006 62443125 291 18
723487463 -965728688 50 -599
-766924626 191081202 2836 -543
-997872025 414479 279 -820
646034374 553350587 629 -759
550131650 -314705223 2785 -614
-241685186 -289194042 1075 -376
-340444280 -697578750 1061 691
-8255188 386312779 183 586
-147110395 -962988155 1214 12
-358259525 -93730812 1003 -831
-497725697 721564649 777 7
604210011 751427697 364 -304
541615993 975453667 731 103
752325003 544328511 2616 -334
-439015680 750380237 353 99
398024950 328047099 2448 683
347946640 873747910 751 -858
-511783535 -265699090 182 -900
259373698 205863896 2977 -711
722123989 -631118967 2223 635
555502136 -88670600 2078 -353
886309512 893460205 1267 29
-191808710 -941881517 1447 929
-319339265 276009044 1782 827
-827866048 964990383 2857 -702
872657056 -712943189 1653 -277
-960058960 994599950 2095 405
-839457926 -918815151 2513 374
32211772 670075960 2087 554
292526439 221035580 1141 136
-561056673 -462711666 165 111
800875082 411949079 405 -512
-233983005 -7681690 2919 -684
-813392062 592455368 1009 737
592250649 642992852 2264 -79
-217244401 -301906046 947 199
-932966799 -867732052 2588 802
-968353888 640801105 2160 -208
-737653367 -45045766 1616 -563
-794719421 197330763 2121 -867
888359319 814403715 1080 -973
-888664091 -97650896 1387 589
692824368 -88348108 2785 -583
825454412 526204599 1876 -887
436066586 122087609 736 -68
71556678 -426285645 2170 85
917848521 -206982856 2143 345
-625625474 898007310 2266 688
-666778036 997590566 2414 -951
445534697 59390153 2093 -193
-702706071 -703658546 1272 588
826315674 791299484 2850 -919
152809726 -456893584 438 -647
920036904 -126862365 1534 -835
-395139773 -875827943 2516 441
534387083 319049894 2922 -861
208911644 -882761339 475 -741
-43071443 388553902 2162 -254
-291632550 122515192 1808 -624
909589292 -663868397 1432 -405
119670586 -171001154 431 -99
-280620171 -394459934 1579 -118
300960820 502890386 2750 -489
-425007126 371318513 2448 -903
970650702 -311774440 1419 -553
-445890717 -934473319 1887 423
-552853541 -307546770 90 -357
166319398 774649301 743 410
869911531 816135560 2083 -967
511545005 667172050 128 -845
401641172 213337498 2706 -727
290618291 923194999 2451 108
934759488 169127915 335 -682
-358818193 840340388 2396 -685
-739839204 -889057696 731 -882
-124872551 462035191 1030 -577
-761705374 464353592 214 380
263641284 607881754 2956 -115
275568 75268030 2694 -954
961916086 -118171256 379 586
303934943 567776639 1267 -885
-998573813 608219160 2910 338
-987723634 323801518 1860 98
-108994319 70742874 2732 -971
-29471374 184303893 937 475
562867944 823407086 1429 -57
-746905030 120466328 933 -548
82895499 -167121133 1357 843
-543775852 -501610494 388 854
319196762 -258550843 2186 -63
430677418 -132949693 725 115
451199498 988069616 2516 278
735452993 -189857008 2860 -248
619644381 -866491946 680 188
469409659 -681759949 1650 -153
71086051 -746191955 1249 -255
287019549 393869192 2861 153
118866247 906134867 2919 826
-108962919 -339528744 907 140
-583632112 301060608 833 684
331054816 -184046523 534 -163
144160576 -805243770 1787 -240
-46300697 529436384 2379 -361
-286633252 -128597292 2065 950
-385639950 544172613 2353 -232
-959474645 -169694294 814 -588
653587056 903956024 2094 696
-387177459 943869720 1857 186
-500067708 702091367 1787 -868
388385445 829662361 265 164
-906173336 -322021320 1147 -462
163738149 -670479093 1497 -377
-363412626 -596749995 1470 380
307208257 736044892 2048 -977
663817820 74733709 1141 -422
-308945036 -331781492 690 928
67181074 742204836 1440 972
-307875183 -985472669 860 477
454818201 -356296813 2852 728
-391643363 -792223925 1271 527
570572712 387809028 681 69
520808766 -390030266 512 284
-664418885 964085361 1233 123
-428688547 -83742185 406 953
763040851 908144588 1726 -810
-363516703 145906262 1941 929
177699663 -616302762 1528 -830
558852663 956859241 729 -587
-509543592 520299073 336 -497
884395729 90077852 329 616
-21279084 -873835307 1800 -661
828356241 -212429169 2468 692
88343109 -128391186 533 946
-196259784 348751786 230 -501
11780389 -928451887 2817 471
32970231 -882208319 2700 313
-81773671 945850168 2559 -221
796728574 713369537 1600 348
-415573168 813424247 515 611
-70732111 -912218495 2454 -864
941583232 674839792 1736 -866
-277074095 945770909 1160 -647
831279973 -4847300 143 209
-673716217 -902874440 203 -25
137452661 228517622 92 203
866809356 -190272238 2313 -212
-663132307 -233535932 1740 -784
-147697173 -142250965 2965 -314
-815913365 750210298 1342 569
921045083 213935827 1079 -869
-750705856 805875351 116 -790
-19393625 -716762776 758 -119
-803743367 -686020489 2357 -550
765552918 -176135523 796 288
364576536 -297242430 297 -100
-410070026 364272143 1446 20
-210769523 323526088 220 -737
676813580 -392652087 986 109
344136483 -614677475 2385 -901
-974254619 623770559 16 738
-294520711 618241317 1473 449
-522066001 663361953 2227 860
447864293 -212133117 1512 900
881892519 542920567 836 -231
23072857 -143622205 2733 777
66273013 944048179 795 -760
192273199 -583091702 2506 238
447099527 -660733328 2431 390
-548292650 -51773181 488 29
-922122733 237194038 2592 -291
-690043214 -421752858 75 -62
974969315 261331746 590 -501
-529694317 616367875 2 -344
-805994257 573684216 1778 -648
-602769283 224425632 2611 980
253670007 2725885 2901 781
-680216225 56795300 1265 297
-518061702 483102376 2161 610
-66981463 -683853413 2692 130
599811074 354571065 1271 705
214119791 -292633627 2530 -596
931533346 -924647197 2636 -39
-292012929 -950274659 1341 837
955261576 965166452 300 841
-805217455 16759682 1945 -270
-510983123 -543424231 2461 -387
281966137 947351272 2272 -366
-178265884 779792991 1879 661
808715718 287600548 267 194
572143433 -74361215 547 301
468879546 347863713 1848 320
712614844 -658916820 373 -418
-52859718 513115048 1077 598
191220855 -321114558 2817 -329
608206142 -141525095 1899 -278
-550710304 960455354 3000 -938
-660299738 -771634608 2512 -452
65769901 -948986011 2656 574
-837202534 182241550 2168 -20
-877837999 819720718 1563 -813
940879654 -937737131 2316 406
120933001 -37287897 2268 153
-950000160 -604413754 1459 -469
-558832044 -114277681 838 2
281282820 88282208 1393 -959
713321449 -329680705 2811 -839
-999544887 411911442 718 -945
-209830564 865637905 1788 -385
-351440127 846699244 168 -333
106106325 79221713 556 -974
542704820 -92159531 1380 -504
-844006720 134260358 1656 463
231344911 64675435 1232 137
-157373216 -731368042 2566 563
-201616774 662866222 2692 -456
653273021 227061729 285 38
871003612 868621071 2310 629
-625976913 260035872 1329 -835
650558409 -679076826 288 935
720599850 -274733509 1042 -285
857225726 378722320 2001 -404
152896801 -862415789 2823 -688
-568186147 -991485648 2893 721
-733357319 -188555572 2602 -448
913537338 229269102 2465 -281
51739771 -359731686 1922 626
169110035 -370658634 2087 -7
918228396 491248318 646 529
-676889402 -806499747 1470 -571
844796439 -492009137 753 230
-886392561 -3360351 808 -188
392549917 -454598437 365 625
-878450220 -267544947 661 -240
-461049625 452648426 2507 107
-385549796 224761128 1333 -224
966650200 -548018794 44 -129
-525118514 -480115726 1198 800
-57951708 625647147 440 -18
-661950384 -861004831 790 418
877545943 923509248 416 997
302171756 -164783600 457 58
-276676793 938589512 2202 344
-691446559 -82090612 257 -586
887732886 -634461235 418 -379
-539450939 -793413149 897 -745
-879863794 -847359629 2715 -248
952559735 335555151 2310 -582
-907510071 877733965 2811 -436
492389863 297149109 1087 735
-679290669 112794182 2993 -282
-208490896 123588963 794 -854
609236790 -450985738 2205 -679
824969293 953350148 2066 366
551214503 699192221 2700 -14
994038144 -319609904 265 -776
-124989961 -206691836 1280 -529
-832726781 -476127268 1275 -269
735358738 51005033 1350 751
713900486 544716520 2861 459
-533217956 35664563 187 -253
471941159 -740972743 780 -977
902740480 -796694506 1670 799
391150529 571520481 1772 -936
-10902423 -972288707 2125 123
-99444628 -924643886 1224 923
934738810 -413384118 667 -203
781034359 593337620 956 51
-80519401 -519550119 1449 992
-134942672 895435566 1318 345
-652633812 203489207 321 -676
-885433897 -959686205 1767 -503
-990303735 100004717 2686 -398
-942721505 -230265044 1452 -171
255698886 751229029 2292 -829
24222947 -352627709 294 -333
125769350 -446290377 2547 409
165840111 758214276 2822 -320
-225116559 -623306862 1048 -454
-59352432 689409756 447 697
860127265 -690238422 2389 367
-778097819 451071372 2611 864
-727546001 -391256008 354 791
529978209 276311285 2585 -339
745894612 979943248 679 256
-911929461 587037028 0 -670
236143181 517550113 1578 -138
-172364986 -989586126 550 392
126115836 -734915958 2269 62
-430068988 52540014 2851 -329
-39669816 -702297377 2059 -902
428462949 -232657867 2753 -635
-31071429 -958777036 2001 65
-384259437 143771625 2719 -594
-800348212 -79987275 1336 -243
-542647480 580942671 1903 -286
993537771 923584639 1286 942
816702448 -854754287 2204 -271
485047318 788468905 304 -520
141537565 604355112 658 254
-617445084 -988043160 408 221
-774819574 600173655 157 -320
-997283506 649726776 358 658
-69187820 834141178 409 -282
768074663 -1205552 1271 -975
15064756 689912400 447 -962
516551666 353813148 2592 299
-243633675 -214488616 2308 436
-957212299 264252607 2982 374
-175562975 -318227162 960 425
405440310 -908661266 251 164
248036521 937234610 2516 -236
-807971628 -55246884 1653 -978
267883246 301852620 805 379
403107685 312335380 1862 90
-52690485 -790156560 927 995
-740192287 -115589328 1674 -729
-564590719 818460391 1419 -494
-145354834 -435589059 1281 249
-227632792 892967675 2168 859
-253774932 -971742280 2433 -766
-727830859 595208067 202 787
741670367 -559378871 1646 833
266017192 -724571802 1473 -258
533649506 561911397 1225 -337
736875047 778978746 675 712
78843697 671487113 1015 -18
-609921697 501519927 1197 119
-252396686 783876521 286 -253
591147766 -620615211 2440 -188
925459389 -311603697 2604 -239
-479749125 -343340425 2500 290
-82666754 255888342 1481 -708
-636081470 470871471 2176 -376
-420594829 323534529 1920 578
-93106996 843621433 2984 508
-443293823 -843356157 1769 -105
675607624 714212464 1342 316
95475272 -988442288 283 995
226319179 -101018504 2140 315
-820460519 141519971 1364 919
-830801605 225760160 2914 778
112590195 -151683252 2542 36
-433434765 654979032 663 -239
687368753 -504529398 720 720
-8305542 -460232351 1829 -968
889338864 -49718253 1951 673
-305912396 -87575991 847 -450
91612037 -816306352 1723 -607
-246363692 -873233037 1850 222
-551641323 -978533871 1275 -972
928516711 -885618322 2186 -924
792936229 -423275543 265 39
-931169811 314324987 2300 579
775518259 417817747 212 -369
-248016894 648802001 1160 631
-83828505 -437294 2228 752
-923503697 -463919828 2456 294
575341054 -750503341 2277 -468
-601526030 583445485 925 18
-539209658 158217861 909 469
-936675794 -791170814 2700 733
-798949093 -239811596 2799 -520
572001603 -590105616 25 461
-61525680 648761937 775 411
448878943 178208377 555 799
547283958 202610173 1291 -354
685958062 797109275 2078 -201
879925869 899769022 1030 123
-731335846 482715705 2560 -633
361622457 536257685 2506 -506
-927827465 331422232 2792 66
744189177 -202395050 689 -384
902171899 943577304 1780 263
360495758 -986252995 1927 220
-471787997 -443489950 351 775
-984864846 476014855 2529 -240
253925415 716182356 821 605
717143000 832046252 1865 390
-591482187 551242444 2344 960
209161386 622045599 1793 287
-162786453 -658196642 758 376
-452661483 612009858 2506 717
312454975 -261830009 2003 473
263686292 72692873 2809 -617
802353853 158895162 2464 -62
474813455 -214488136 1286 900
626843066 383035872 786 -671
-189276909 -264895281 2131 -588
432986321 281113034 1303 -480
956208935 47676038 2817 -375
-229225174 918900604 1016 -486
401381947 333762091 23 964
-506872892 -945213704 2219 790
104288597 -747641579 1439 -277
549147213 -18628102 2059 493
399752378 53399488 2184 509
-212627185 -815234087 116 -830
793569994 -444906021 275 -396
-187548869 -154775980 1795 -388
-998873746 -365791381 2261 779
-878696587 -860025022 1486 631
63445803 -884121405 2348 881
-474420051 -127411845 2908 -833
-733421518 341605882 1571 -143
531314902 924631878 1672 -816
-721308668 -934892482 529 942
-803866842 -66678960 697 -398
909201006 -179565336 17 205
-954507716 -977173617 1841 984
977649667 -83190806 192 -662
769944065 67831813 763 -494
687127396 -97132646 1737 435
-642794839 70358647 1758 -170
672142532 669945860 2592 -647
155289948 -850055844 2909 878
-530761044 434720032 1482 494
-144481539 813104275 2340 -574
6658626 -426317681 1459 463
-224253103 315706264 265 395
773894599 -881867745 2095 654
856157727 309220816 2060 105
-356979789 -993379460 662 846
579157690 -366365787 42 695
849354179 141821146 2817 477
1019026 683293695 187 -872
745970403 44414355 2987 119
940291819 833248022 1752 635
257850840 262994256 1601 -556
-874027989 -175355731 1365 693
-807093630 392769295 2510 684
864000366 -559443384 2170 690
-842572427 455533641 877 -653
40723168 265707685 908 -870
477972801 781139574 835 -155
-673166118 477940122 860 -987
15923373 -739595979 1867 823
737047487 492052941 281 -473
777531907 84093588 2958 -955
416080932 95505079 1939 -503
17392815 292409623 913 743
-190541031 -233676649 107 -627
-506389161 -808282018 758 -731
22685925 -31787905 1224 -833
-394686029 252809366 1392 -690
-536343935 -433364216 2853 -743
592845837 150545772 1904 -802
914922124 863905769 1896 -875
-307634953 644313914 409 287
185474550 -885039745 661 697
624666802 797938283 388 -229
-668384936 -57776414 82 -397
698966123 -723675769 1202 -69
98078614 716574653 526 834
-928460132 964224919 2813 885
-59484000 -172771903 594 831
-158093866 147060134 1602 -239
-272371244 -414297555 2087 192
-306100844 717163508 2186 -730
-587956989 839700037 1241 -457
607176894 372365783 1717 123
581799658 463861790 1854 -207
908679875 -999605232 75 84
215345357 907679649 2664 -918
921755854 227326108 2707 657
-945334524 -466658967 2610 -231
-632967527 -531446433 2632 -867
-353535331 564991915 547 -474
-450378724 -517267770 2653 578
-802218420 730463488 85 576
723895923 -910976109 357 -980
-566268562 -919507860 746 -818
-500454612 -895989047 2542 339
-504753909 520247049 2129 -312
-11081574 -335557573 969 -921
-560226519 -733170201 148 -23
603245366 517256775 50 -547
-742988031 -389203934 2269 -586
-207705016 365656328 93 456
90214063 -419194814 1976 -937
819016181 247286438 76 52
-29583194 620791624 414 622
396760892 -365527883 285 455
19915298 -901773731 935 355
366483872 -538498501 774 -156
-614910865 -663423809 2747 89
-662774924 -682998492 116 -708
-769973709 247603605 2802 -925
-94189245 558039977 2277 530
-329123683 -653599064 376 -80
493998380 24857725 884 458
182103964 691174103 1805 212
642879949 97051561 1399 -915
457609507 -317975626 2626 445
-999636594 -418180765 1730 370
940182630 909233155 202 -288
-221046400 428872459 1843 -733
766440902 579185756 2434 -303
-680555163 46051599 1687 460
-333482696 -779216756 2139 -312
244344187 261654866 907 339
-58121664 196740546 2263 522
-176814499 709270852 2516 -750
797204817 -995136925 238 -781
323915505 874632890 2046 -692
-596086396 -784475000 1889 339
-414601197 995705969 1492 791
-925024724 -190347896 836 -518
-46756453 623929147 2555 490
93828514 389071584 1588 105
-581339868 842077721 1195 80
-345696664 -326471899 2253 -317
611328077 710531353 77 -707
-76010702 562097165 1817 -671
-870842364 -849368256 1252 -468
130218305 106732896 93 528
-645407638 413550394 515 -406
-641941565 9725964 1793 315
-758984451 -564658229 1704 -654
-16112973 672245595 1357 -639
-18887993 -330857100 2168 931
398224694 859575082 911 -514
488079908 -993816063 2318 -733
-116785985 -273436114 1822 -959
914016866 159157552 570 104
-749107258 -654580665 699 322
82869991 816803132 2386 101
638161673 646555251 396 585
-821705059 376229502 2873 787
-351699893 -441071553 2911 837
-318691230 -609381379 2060 729
668974388 551805969 905 -846
29821259 711770865 858 -590
-775096864 -800408377 2886 -172
926273439 80112108 2259 722
-101872599 528294930 2254 231
-672971592 -748544412 464 -484
-25108327 10572562 335 735
-578771937 146698264 2748 188
-872115573 171335219 2793 -648
363212315 -477115331 1485 -90
-301698676 680322173 74 -241
350118553 -291776077 110 441
-285158379 797706973 2509 -382
-531512029 -784907972 526 980
-672365477 254260126 2823 -645
-421355368 -20901714 2450 -777
-396711033 65066490 112 856
600802202 654451435 568 31
661279550 -509516665 2465 745
-100594518 350773167 2838 821
-757421169 -674976276 680 520
464892330 -225632400 407 675
741217506 -437716201 761 947
-494812170 183976703 1687 -634
-128681924 236955577 2020 700
-859421068 572572150 847 383
862573396 632900648 927 -308
-626696480 -700224990 1057 418
-614644583 -187900836 611 -116
569837146 -555444913 475 -280
344428930 644021736 1468 -807
-398477907 519374864 1412 836
873167895 400191264 144 -847
-480492467 -705326588 2297 845
-424575800 951273575 1798 -894
50989859 531756529 2823 -789
683091211 -920914660 450 -784
985079598 -990586617 1805 -382
581087871 674961698 1354 455
-967219926 937194319 1350 229
-25232225 605534969 749 698
-362052825 -131178624 1669 75
844162861 162359353 1589 915
687165975 -816878335 2930 570
-269843403 -828500334 2936 -855
-404168717 -390469378 2454 -525
-821825344 -893022520 694 416
-313872786 -758627201 583 958
-582186294 -764751918 1410 116
-838203972 -520580681 2087 665
949199474 953987794 672 499
328139351 -956922620 1382 873
297819174 -258106107 2524 -538
890177945 -468561524 1016 -426
418571386 259153603 1795 312
-121331001 395837079 1135 256
540258654 809924858 1059 952
-503999989 -799521248 1315 -842
-557304670 -443669912 2840 852
690500878 -632768054 344 -767
284288776 -197194220 1379 -402
89106822 619569500 1019 84
580193312 513253922 343 363
646118005 111154800 986 -474
-796703918 -508767922 33 915
-858613243 600944899 1633 -533
709549450 346393830 1610 -58
842999634 -760596190 5 28
-64823029 149420145 144 -430
974556531 -445142505 938 -100
-416903845 602142390 1568 -876
921012588 854836452 1550 208
355181628 -46733358 2634 -221
-185831385 230109884 1678 125
846934961 -317291955 2029 114
-505459680 141237851 321 -325
876225839 -6713475 539 283
-875951421 -866881429 629 290
553960198 -467801104 618 645
-159065377 -253034193 771 -515
147221909 -734001699 741 1
246780241 -748916732 1220 311
577366985 -601260478 2753 431
284182161 23943837 2685 446
-797050136 229956000 2308 -443
-712791812 -266986510 1737 -593
218595318 -785582792 821 -242
116532821 583931401 908 269
-924561190 69286082 520 -75
-62147709 -915643364 1578 945
430439960 785609163 2949 634
584553539 163712497 777 465
-164333997 748786485 358 -371
-819866496 -498815354 956 -734
-829681279 -957946483 1076 197
-905034461 -101321916 2201 233
-616479315 -978573009 1446 -373
-781535314 961906182 960 129
999532449 -195933675 2001 -301
-658845954 1429855 1789 942
142748198 418844858 2081 145
-7734601 -176879482 175 -819
765964518 488230348 2941 904
473074460 -216518429 1301 848
929686522 -956032992 741 -240
-586531356 118091047 695 880
-87973904 531052811 223 -920
397439693 499425609 1634 -456
656454759 -85636629 2178 -671
292877881 -669626550 2272 -426
452888294 646543517 2117 -808
229313363 -736119529 2436 544
296237873 -183420303 762 855
-162195489 737320181 635 709
455232285 -963479516 2530 -701
348640040 -632047066 1666 -905
-428382399 -142105462 1374 498
429740819 251086957 466 -166
301376963 -2407726 2345 60
558631774 -888361901 2245 -867
-882938934 982107372 960 575
511338580 871799772 1468 852
-943779040 11785657 1065 868
731819469 -119035395 387 -11
-578073906 23365080 2276 -83
-693925394 -245537036 2753 384
876105941 795760975 2542 -828
906203327 -967206068 834 304
-719177229 -427446089 1077 -590
-838909564 758477157 1126 798
861746937 33667542 897 -718
538870699 -582137580 343 -354
215427930 -473929168 91 923
382425973 -772327312 2005 -337
-363354607 714107801 625 837
425088401 79961241 1447 785
-548132672 -795019774 547 38
-910537594 144079563 1862 755
1317904 696954366 2270 586
-443105127 50780255 1861 -597
656181326 72511919 2593 812
-737700865 933134490 1823 860
200787853 -165903788 1969 -811
-967739769 242814015 1063 425
-435562982 -482291262 669 501
-738677762 893316632 1632 526
58000870 -785998344 2269 120
-207184494 -932264596 557 -680
268182276 -146482179 1323 -486
927292804 472544074 1037 -70
802458889 606413359 625 326
-748721313 490277497 825 -263
179990763 -723996680 1333 -791
-661750497 -830093997 1926 363
610196142 28220550 2542 50
330069102 65306272 758 -850
936655581 950854595 1787 -446
766713815 -346994218 564 360
-393475142 665353633 161 -1
-398827447 680459990 2009 -606
487981604 716163289 1751 -165
808539379 -466298765 2497 372
-309511798 648498279 1723 -853
948631846 -911727056 1499 -84
158124726 907120474 2638 249
-403191621 969453868 453 430
-551004186 -985429826 2008 -339
488639259 508236879 2112 155
-276931765 -914269526 2243 -227
-787016118 906074311 1003 -785
500618042 972067682 2814 960
-380931024 -688173826 316 -365
293490878 -154935562 1009 160
27197978 -100161414 1372 -972
-162864018 -14820637 2092 967
-339380356 -977281805 2306 -70
-946895925 919708347 1830 806
-655134930 -429364858 2009 336
-607170793 -716262542 1611 -472
521944914 675874285 2915 253
-986516844 158194412 179 681
648062281 -783925473 2737 -654
-130599486 194160024 2318 756
758357683 527080928 1646 293
-349205443 -497091348 2600 -397
573459367 247079017 2046 -59
-556413063 33726472 1847 -488
435382869 -846537167 1741 594
-448080255 224035661 856 97
-56109395 255929080 1437 -592
607679420 848599116 2035 -852
49133181 301681059 2810 -655
-741932830 -458328570 257 -623
810844704 363124456 2114 -586
-488428002 -274268238 226 982
18923274 214913248 1333 -80
-196541246 -303172843 1452 -558
296816060 178944179 1512 160
-352780709 665962075 2633 -521
238217818 983910670 1333 830
702894313 515754734 1691 -896
148004393 -812001578 2840 -708
765340681 -20635654 1792 -49
-471239435 -434415127 2098 502
314181691 -269905822 703 670
468397481 -214522510 734 -929
549381856 984737024 84 55
-84365208 44736112 44 -403
-74190481 -329429063 2908 548
-200906855 -678189237 2084 62
-755872633 -190451203 2269 728
672225185 921153867 1013 -819
-874577389 -229187237 1665 236
-133700626 -546946719 2072 -446
660924113 756584632 1629 -653
-926776685 -866859051 2568 -186
-165179754 -131861583 1257 -71
-568834784 930711477 1789 428
216206130 -740117703 1249 249
123848419 125070345 882 -529
-960337078 51341650 343 841
634521137 -813748959 1065 -186
-397617120 -308411792 1741 -378
-724068891 179161110 1330 -630
58076124 938397230 888 -996
673710938 -30977960 528 630
749311938 867422700 1545 -147
993851572 173390898 1862 -313
-245183665 477821072 731 -47
915675470 917483500 1718 129
963727621 541001064 2123 953
-584747403 608883244 353 -203
-613869757 774368973 1559 -693
-250477345 -836088489 32 504
815448545 495905865 1203 594
-766088562 -437229609 1161 -559
559029151 869435435 805 -858
-59972650 -53852647 2072 -958
-516675797 -818848698 1089 -343
-137395460 363921453 2360 -227
-498128284 -613705306 2251 668
-61534549 307286322 1032 39
-309143020 -85943945 1015 93
541506051 -49962710 1763 -373
703475400 637870971 2785 -988
-588754995 -569737898 438 -64
-772307389 92689198 914 -628
818892783 262168372 491 -354
-367670787 511312696 1718 -947
-231400853 147117612 2857 465
314079627 750710153 758 -904
-507195177 398402852 2082 -435
23517228 -104756900 2936 -226
-370172630 -948890741 2295 836
503084206 -535919677 615 192
-791971644 -800578605 1393 -603
915191813 652071534 1158 449
284786537 -870390192 2960 739
473305517 556197902 2072 -32
281458023 344300073 284 -448
-921910000 -127533791 2689 232
502833607 -348408742 670 -990
-306094938 -538312821 1720 727
-451924451 454696890 1701 416
-38133128 -909335339 1685 -847
-389859627 -812664036 2367 912
853644220 -176195425 2320 131
-925551304 631330486 1792 -466
521820290 182604801 1922 -468
740262125 -538341371 769 -634
433570164 51243178 1124 -568
-340814577 -62412615 1009 530
364280632 -208335251 2993 -313
-643444722 -723374344 409 639
79401159 -799713691 2227 742
-34238415 -736178466 1177 57
-682756737 -991372111 1924 368
-143261824 -61531521 297 401
373822890 -151860973 1269 -380
-614964939 -704668140 292 -508
934123128 552567831 2269 806
-602406362 318441136 730 562
-961140190 -533471443 798 615
723891036 341838907 1344 195
-544013003 486334930 1159 -95
352966282 947715577 2443 -164
-975422284 342073250 672 808
959562494 -760134855 1178 -393
665811891 270204498 2295 198
-735263823 -78585946 841 -527
-913955185 960130355 1723 -799
271099411 -596474734 834 -678
539851969 -255851909 1009 693
712359205 -14742614 878 850
440888475 24082123 194 51
-797625728 -811170087 1550 -321
411598715 -944237731 2955 -515
6850015 -913821017 836 741
-208365513 -360137443 1384 433
772118787 -648296701 44 146
-332279747 -784318116 2290 -774
787849743 623861457 2222 864
345900282 97154089 969 -640
-198167911 -280826917 2135 -494
145147499 -873055539 2123 722
-455332342 -539146776 83 267
801952055 -414462451 2897 429
652060548 475637512 892 -510
896148559 314001412 258 -754
580995415 -743019953 1830 -163
-553046230 -972858156 898 286
-189338774 983570773 413 -16
-321601109 -676694287 1896 902
-270187612 451836391 123 5
-259878949 73270467 2085 355
915612396 936140080 2378 -988
-834926833 219982314 1022 -242
-955357065 -536133159 688 -16
-111784687 -996872200 2015 256
227829956 -975692225 239 -787
-473101665 933452236 839 555
-326465841 -578251833 1323 690
760763172 -69606439 2117 -201
-244658501 -51935777 2591 18
-686310158 -188254658 2279 812
-188936646 -222223716 314 -821
-523913291 -225397882 1896 -842
-729237730 496599411 238 683
987706116 -429844945 1836 -301
-66136477 93095747 2518 435
-265556071 830177546 1871 -197
-736727313 -921873965 2653 -308
-99402980 -818883415 261 -640
992347256 638700347 2185 -315
-556268473 -171151367 2261 887
-60496340 802151588 1160 -782
121510182 -336706136 1087 829
55036483 441821748 1866 -675
407013478 -929394092 2150 206
-270199154 -885492857 1573 646
596155940 -901391028 2368 -664
515259294 -320091065 104 257
-840926719 -168396062 2663 171
-116168270 -581186458 2006 -233
45522017 -999362478 312 424
871164607 142760216 486 -181
466564333 187373286 2895 -90
825483047 -158025644 346 986
216511245 337231878 950 -809
-153766751 -483851084 1267 551
982314241 187680677 1830 41
105357359 782474285 1647 -51
-150815548 411693983 285 -175
359834618 208767946 1588 636
-431545791 301956237 1232 636
786172137 992139572 1422 -749
-89632404 721223664 2000 652
-678242017 475613392 1203 -467
919964901 -803333523 1270 -556
-227520269 17018556 961 607
-919418706 -475008896 1658 -105
840188000 -566323344 13 -959
-929324899 -572912512 1576 631
129658716 983271008 2263 -981
-887017096 860189395 1456 893
864176254 459682282 1526 -763
-347333960 -711787387 203 422
569001896 141112785 917 788
679876802 -879347580 1807 194
232837975 491899092 671 -383
992111359 714686750 1669 583
369006139 539678035 2678 -312
807816638 -628750224 1650 157
798618707 -975277970 1866 -100
174182897 994842210 1531 981
982110251 80197160 373 580
-384615944 58688214 629 13
-707025392 391720386 1001 -455
11007123 936602753 2973 770
-219591310 -915270757 1528 91
319358811 -438705154 309 -283
577033734 -432401532 107 -778
747940569 49577242 2397 436
-921635401 543084069 2084 -956
419496342 413423931 1957 119
-728204846 961895286 1487 -48
16220993 50121682 1238 -978
607462633 -946737406 2451 -298
-425401659 446360531 2087 -823
-698044534 -615830415 2908 -232
591995966 -714135599 594 -360
-934852475 391915835 2222 904
312983847 -968660781 901 -278
-964762034 -741487410 1788 -261
-369038512 432584979 2170 -345
543053312 169640546 1449 465
-936383665 -973054665 1362 -1000
-662839533 263290970 1377 -403
162958312 -349166763 472 -387
607289843 609916060 285 318
-843177027 -957879405 321 771
445860952 -519382222 2004 118
-474941104 621752945 597 -899
-516059715 -229380695 2692 647
-132490729 219443424 1182 852
884693653 -446024901 2296 124
-327010196 619038227 2759 -547
-130786923 959215983 1785 -983
959196191 -22547653 2022 -749
15555465 -457355223 2936 71
-595746591 -501791838 743 419
-388256628 94545971 2610 637
-32321712 -332460505 2151 604
893650076 -827358234 1563 -687
452712995 229502723 1219 -672
250603664 825675584 1613 809
928633644 -474253878 440 -449
114459535 537212448 833 601
-391554505 90447249 2070 -406
-23623699 713267558 1201 954
-655100933 462392088 2294 949
-322435831 873358148 2694 954
-541077000 -794095175 554 29
-736254509 470820868 1075 325
791293451 14165317 2843 -437
671202927 -217515573 516 -762
909471874 805437239 1730 712
-224579460 -206430262 1455 -388
-109878510 668156146 1089 -285
245483273 560972879 88 748
-784495640 899072977 1879 502
-851651470 -729528605 1435 365
-327085182 762944898 2919 587
-990565336 -221642297 1930 -756
-141071138 312476168 2087 785
568554989 681727923 2834 132
-129283962 107882995 1866 -283
-255846366 -720394435 2263 -273
449285313 572019249 2692 225
582537509 528124964 2687 997
488834172 759021274 2348 -753
370088413 988087496 2574 138
744482966 891644574 2523 483
25913077 -449982376 76 -647
695598187 -985482778 2011 -586
-470961854 77956275 381 231
591181964 -677684819 2627 -262
-185043890 732837829 2245 636
993319350 -387074351 2685 -640
427132560 263277426 967 463
-880486628 393047253 475 -793
-998284140 -742971800 508 273
-766787633 989403254 2863 958
328673689 -157716460 2953 -94
816959938 -382559098 1896 -318
64553 194810108 1163 103
481787466 -921695846 2675 -28
-904919967 -130168141 2779 152
123714534 91686180 2072 -583
500028698 19286756 2161 -389
945864043 -547105151 418 125
47576527 -503615601 2427 -448
-326050054 -521020197 394 647
-296753537 688577457 2514 300
-268081512 491634241 2208 -386
-522382405 -551678091 2687 983
43677728 827405380 2444 402
262471533 -180720664 1726 -234
-496532112 -482638023 1927 544
282819097 -9876284 546 164
171882525 -185552328 2348 559
615488337 -671266547 1656 -537
-667592264 894124396 1904 -145
-242464546 -510129018 1249 337
305444293 -433096547 2640 -67
-653441865 -110192699 2001 -845
372926294 370089986 1158 751
-945127629 -258529302 478 420
-932076344 65423191 925 -341
-633568745 -100279555 597 -851
-118234026 574812295 1354 121
717301316 -116579712 2371 -398
88510296 310928489 2137 -721
-891153842 756953516 961 491
-358752990 462643999 1478 -533
-189218779 -15516808 763 -863
-885612070 -716155570 1526 -588
-427343540 786797030 974 -361
-781044511 478623444 835 470
884621243 -646536262 1853 475
724352221 -957610999 1611 -193
-646361034 -534324649 2911 995
288545771 240808544 960 687
712991856 -259773168 197 -803
389422864 125741026 1467 842
-312032225 -246195030 2820 428
-330953927 -594765429 116 457
375210927 877786595 2466 -72
33105472 200941044 2447 964
-100751547 -825123080 677 -50
685392565 -523323879 1222 -544
531134629 -719077662 2664 15
30243300 397728114 657 862
513291468 -23763423 2666 684
157666792 349940298 1434 251
52482489 -26548493 569 -119
-903184660 299287803 1767 338
938736405 436717891 2386 481
-31074912 -439192994 1042 -237
15129653 11969684 1704 -97
456882244 368564211 1601 269
-381444476 -635840447 2072 -120
-516100495 194289451 526 -922
-359937031 -748017071 2976 -244
-188424931 285929810 720 -552
365923225 -95381386 1733 -89
131736333 -799419502 423 -623
-485011109 436031240 396 346
799956408 925042229 2539 946
-522208250 -811969454 866 217
363699050 561334528 515 71
-825572773 -700879161 445 -174
753226165 474162849 1237 334
791825179 455150843 460 320
-586846337 514411114 2056 -987
-505085538 104995440 1274 210
2685752 314785597 1 55
880632762 -54840616 284 -581
-108174418 179342952 1149 110
223322959 -901779794 2297 -359
173096359 -179351402 1998 -305
192567629 -704332173 2656 354
146575241 -365849639 767 794
123788933 775932730 2261 -617
994713842 -15888773 2573 -492
295157683 -224198494 6 -390
763795010 180152179 130 -851
-920173452 260328767 945 -999
345179987 588232594 1617 941
411306512 -677371828 235 188
-493813616 -397359455 2222 336
-421534135 -340714651 344 824
-800940487 -969401693 345 -562
-424666235 5619950 2691 166
124231221 960620457 1380 -453
-751153783 -439608768 1274 -378
-794024661 -263901121 866 469
-962950492 863362184 2041 -230
293676530 693640145 1641 168
-699929243 -714427803 1741 -394
-793002003 -983795067 2300 221
6756767 413658736 472 703
-611464440 -705251836 1237 480
-181815879 -122661067 632 183
290102086 768574767 2707 -911
711130560 959647394 1692 33
-14653604 -7186900 1570 -124
-539451415 -901924121 849 -947
924741722 -924256801 1009 555
-140849389 -646631986 294 995
571588275 701109252 1571 116
-12393240 649982202 932 -730
-906445828 478122060 1283 -627
833126934 -979489437 2893 -855
-622931395 34332546 431 -224
17604082 877562684 2610 -320
-406300859 985637656 1684 -663
-295046457 431279901 1465 680
726648919 -795253509 1980 -58
827558271 40578474 2573 586
-652346015 342867806 1197 -760
835323105 -940090132 2873 -388
-177295340 595154475 2605 328
167620391 -777420318 1267 -956
-846428108 -770472631 2186 299
66067349 -237682606 482 746
394448937 931493150 2748 919
774414700 -931177041 1765 -92
-670673670 -593303638 2338 401
-245427491 -293698702 1198 967
-410149141 -264092293 1745 -898
-473619458 -231730911 2151 572
-17876868 -332477877 856 -29
660011425 -675119415 582 -261
-619682860 -731504186 629 -199
-296434040 984097377 2649 -563
-500722452 826800333 2861 648
-924106651 -714501846 804 295
934293430 611712526 677 -272
-506324091 455272836 2038 322
215252980 -31138276 690 -301
98549947 680918327 1693 -237
229481361 812997105 855 853
-858893554 271821527 1627 -718
653479659 60546658 587 10
59576574 499481026 2072 -330
-334455231 833034529 2850 -620
-43440144 729116630 731 -304
18114422 967441653 2953 746
-789745462 -890858541 534 -803
964612750 -279429143 638 916
-386113799 -867872431 467 29
249530813 -509949046 1732 788
89007407 453318551 1342 -399
-372195375 -659878283 1015 851
445592220 960242508 2135 -875
-86309283 -966519105 339 64
-259301176 543295185 1986 433
719946502 462252236 2386 -981
543339291 345325113 1486 -932
874287173 476577437 1606 822
611999174 406561586 2042 -35
-419895797 621306809 2251 12
-712505736 -207713518 176 349
-993383161 -348614728 1280 111
221024776 481880773 344 149
743785217 -344968300 2388 646
992287682 -833638237 103 -879
144654823 706646319 2518 -298
833668750 58254854 1656 435
-496436630 -809295639 433 955
877070159 -83987899 2568 -939
140035853 -217833847 2181 -460
716644052 787806530 27 748
-338595907 -509018962 2968 -232
472384828 73587875 382 -297
730852839 -907151730 567 -325
667179227 -454086570 2288 -640
-719296325 326756724 1265 -408
267499248 773369682 2838 832
128604171 -148382273 945 124
-797159426 -209299465 2555 102
-358477045 -418442915 417 617
416516195 978298699 1393 -931
588344685 -226673837 1996 610
-886575673 761496921 1355 916
-80928160 -291172790 936 -89
253056976 -684402322 304 86
766262583 -185530601 737 580
617675215 881550609 2410 918
462994036 -837942186 2053 21
476629858 -410881502 2842 587
927313617 685236624 2414 -986
976404544 724189758 568 176
-704267115 750284194 686 632
765024013 648261115 2250 -63
-48577058 272521844 630 163
246698585 -800242775 2035 94
49432057 -45427164 27 802
-529564293 -963075401 1328 -223
-237362158 -472966102 341 -459
467642454 -554223334 85 -63
373305984 29144682 1499 -557
-656622791 111804599 854 -528
-960161626 279381884 2456 -478
367103920 -297232672 897 935
776751289 -693614669 1737 -148
-684806338 -529477973 1665 -529
-379987665 257174188 1733 237
846224484 -537008031 1980 -411
879304388 259365870 856 129
184115930 549714250 1867 -495
-695838117 116266780 2987 554
728720582 -370685104 74 676
371082620 868593062 864 172
294360256 -784902088 1557 -323
-826430673 -102688306 1076 -281
103522603 -391285930 142 -929
140333196 273730538 1089 -786
262293855 -977414819 2308 -229
-389270601 -355576274 1997 140
-400650036 333993190 2199 169
387214502 684636280 2748 -708
-672436845 86866118 1267 924
272293722 -311064228 2678 647
-867551571 261306472 2272 319
425477363 343064149 214 200
283643917 849882646 2594 335
714063344 -502768834 2959 -236
-780980846 -420376994 2707 -183
965549520 -711149766 2834 -143
458125503 135025248 2343 -981
995633804 -546431812 2002 3
153440311 604841072 563 -771
-151226744 -595217571 1691 396
-338914511 894101184 1856 -612
-374804726 -13747017 2338 -653
623683049 -248830204 2802 -464
-614283287 -963318856 443 -540
-654590169 777224004 248 29
-669748145 -382459334 686 129
-885576823 63542579 1848 296
960006203 -699582703 39 207
679941627 277122393 1916 417
-176316920 359252744 1065 -319
-416829090 -955073093 801 789
-917495884 329635757 1633 985
-177726972 167057064 814 -338
-390303152 869822353 1945 177
-221592464 -493741238 2009 228
316665444 -964341114 666 -24
94623466 -227679348 1650 -415
-118733121 -560080096 2713 973
-216586877 -867130952 565 -109
-906996905 -879556993 1349 -354
872302090 534275662 1256 421
-259062764 -134707601 594 773
172600310 -445173213 2844 28
-172455248 -498381006 447 -693
137487882 -602129271 2699 524
-475275493 423094143 13 -506
955810922 -23698640 1702 -157
-660460643 826693339 831 79
504974878 419006856 117 671
397121174 -144247717 341 -893
-148698980 622310629 916 -759
713472871 169775212 138 -878
-622606403 -966753547 677 378
247180389 -38999905 1842 256
-881917634 -490736615 722 326
-39779647 -229160448 2843 293
24452475 -689378897 2554 -4
-745918221 -667771932 1072 177
-280682339 -837174997 2809 -70
-615204022 -72828351 958 142
-436160572 -771818180 1348 720
442152344 -544987753 597 922
428290770 -609174767 649 -708
302739771 357595603 1296 312
460731495 -646997024 1036 765
312018772 -254167361 470 -509
710013845 -621498418 1562 -16
917256737 951563034 381 -971
9762914 -459116872 2838 -980
-472676879 -92532973 758 -430
-793212550 420445618 1637 417
136861114 -569072570 703 -560
6686751 917028945 475 -543
284512964 -538253964 2977 179
396364135 -536137812 597 -921
-833647036 -329807318 2916 -174
-636746547 -723036507 2801 -169
585580512 -37284425 1383 -548
33270543 413554259 1726 352
629186741 539875787 765 376
887994053 -668806208 1164 578
698678167 -130553815 1916 -965
-24995874 -155056362 117 -217
-130008852 148818588 2873 7
16649877 -21066447 1505 878
-499725858 -299156942 75 -319
402264016 -244542858 2634 -44
-671351731 19353446 2513 -912
963619160 663030014 1439 306
940510478 -804069704 2322 699
-325417220 162320391 103 279
576694262 -865184536 27 -476
951550729 -175823415 2094 -364
-804693054 69686277 1003 513
-729686440 -540046495 341 50
-16707789 198551189 1717 338
-255770849 186157323 910 354
350610953 -748478749 2656 -688
-158425563 -134716542 643 626
413525769 483543211 8 594
-564968862 -478501061 1114 505
798124396 -836779785 1988 359
-757186198 208448491 2916 -647
259153691 748132196 1253 -401
-460166545 693201249 1958 -366
539838748 -45346992 858 648
-721680522 826436878 1537 3
-124998612 337381298 783 -607
299121447 -246227686 1545 -201
397434731 -842350272 1275 -292
-697822412 -642063778 439 -589
-196050257 -721700763 1025 147
694589782 357021706 2073 601
-320026563 865497494 2781 -5
-593773537 -177737011 1293 668
434534232 -10556872 2144 756
210750867 418121119 13 987
925715955 513584876 584 137
862660196 -857356383 2114 101
134025264 691447260 341 -157
-259713433 -300332237 431 893
-917338499 561362016 596 316
6652002 -175554537 435 180
950472803 935901677 1420 202
-34281239 -989174837 1202 -978
-842604856 49828157 922 212
478513551 -57540066 2556 726
-373339118 417515297 2733 224
-139832204 363105594 1936 860
-582510366 -163753277 1075 -784
863064522 812549671 2054 -317
-588988140 -322292631 2036 -663
-933528519 -686853684 2233 -636
-997341475 2578704 737 -282
-456983789 -452176567 174 -47
584664079 -409743243 2740 288
264987027 375667667 1202 769
713059072 -520325126 2484 -273
765293419 -370261242 156 663
7615621 253718505 407 208
-424989138 -404747643 2005 -930
783169545 568877441 2054 -43
-67612814 -658315495 2952 -748
-234958603 44765801 2654 291
190761663 -772452325 930 316
-488242912 -618420284 1688 -2
973959947 649412027 130 855
363155393 536058667 2697 -349
-104121215 677451810 651 703
-690236607 -41061102 355 571
263131338 123539334 1003 -755
-307825452 373776572 636 -770
706189775 463884884 441 68
-373291784 763057459 1653 -783
-16067237 -529336993 2297 751
-285109092 195309350 1942 -229
-794266543 19561547 1524 611
-50829570 164175646 2629 -53
-831596760 651634326 1278 -16
153838427 900841674 858 -500
-602156625 797345737 615 256
-715080740 -933452668 2387 -369
603380788 59215874 409 703
632155142 852380196 1434 128
652338301 329277834 1497 825
-807872254 822653410 1669 -609
-979030658 322899702 2037 -462
552131574 -219465967 2532 364
368993186 -758611947 2415 822
-279026009 -567739076 2175 -786
242699607 -538972203 1867 16
-581030799 -495314128 214 -955
-586186924 -8079914 2823 789
-516583427 205054583 1484 272
-334729942 -970161867 507 -204
-973836032 -215164398 2838 590
147044414 300413172 504 145
753994686 -730083085 2217 -297
-803564698 702361747 737 68
484777683 268483879 1035 24
635814354 937576978 847 -416
-356820427 967381967 1756 125
111476833 749298290 2588 -371
-102762309 -324533233 1432 486
-282132263 263835739 1078 948
807812702 730965152 2087 538
619567584 -715387909 271 -556
611425450 -319213539 485 -508
961727043 -65666027 312 362
-27811630 432694107 505 727
-816641826 -156175016 2506 123
-828205929 722415448 2102 -543
-493919110 -815126222 2781 410
822743954 -513247188 2121 157
-707610524 -404447055 2385 -583
571648094 -872287184 615 -278
-211939234 -647599763 1027 102
702781050 -479064805 1149 -203
242961286 302801411 863 20
819686861 -185129299 2789 79
-419032928 197589196 883 774
-95411408 -587991326 1467 -894
-628530684 -988313390 138 484
-368576031 47653921 1220 481
647585515 239968800 1097 589
-538071521 -792195173 2272 -929
689527467 -246031275 576 -788
-903690847 249831715 1992 939
-203209588 -171172659 2261 836
-80586535 399077426 1817 54
-18904933 10109570 1267 -925
420686449 124888242 1198 -181
243335339 -792490013 105 -689
-852940398 949232435 1661 812
-505892020 -837747577 2793 757
57299699 406310170 2907 811
-964347623 -811369587 2666 710
529942643 172859007 1805 217
-366828684 -953426428 527 985
45352210 530080692 534 409
569169132 -968370867 2494 333
503482935 46515691 341 781
-583704231 -458525956 2260 -71
980153151 359806778 2006 -902
-279963508 720581424 2233 -822
-222398631 -515431797 207 551
51754323 -995089709 2554 181
441933861 -270234854 2569 774
172863858 448829993 681 -77
593575165 -117042127 376 -524
-547452956 -49793515 1869 233
-533177359 -606503684 1124 598
53349588 -74799805 918 519
867384037 208823461 2457 -717
-919670735 -330834303 330 -782
207466172 751014751 954 370
343096051 -541321786 2009 -684
-884427902 -693166286 1759 -686
-19063105 577597444 388 944
-798821621 -171065804 2067 -430
713214252 -814804611 2109 -171
-800796361 506579561 1182 500
492806912 294494877 1456 838
92540095 -249188593 2929 -736
484251862 592530475 966 143
-649331379 90119967 586 410
661260193 431806982 2894 586
595651471 333572191 2758 -280
-1015956 496629024 2266 118
312650862 -941760699 2548 -578
-906921314 -921435965 2294 110
484287781 490992415 1658 -870
-595839159 217577145 143 479
701369175 66361899 222 123
338998240 509442103 1677 -683
-248625153 -656689775 235 53
731301570 -345799359 625 182
253899175 36739085 2555 791
-58312689 273553825 794 -848
726504871 -533463981 884 202
-749198258 -274323125 945 259
999496697 232770429 624 -51
-413425943 -935605299 2655 49
666380223 253799041 1904 759
-283616155 53047133 1811 736
46279714 -241529586 1927 365
516128697 444144631 1249 73
-385055254 -496942123 2019 -229
-226073521 502574592 2850 938
-828663087 -804341508 2753 900
-20832608 -962412535 79 -572
-363359919 -949255409 299 856
142009264 489991852 168 -965
169151918 -572449055 2754 -385
98628511 355442970 1286 321
374384498 -297172338 167 -179
843245979 899158275 1412 -797
811109480 152051074 1344 -367
-934076569 249584750 2579 -809
-398911372 139633256 429 -60
-816913969 -782651186 1220 -707
-907850899 -774595190 447 563
326052396 41870275 675 263
945756737 -574212645 568 102
-313072389 458685568 1232 -301
-902860237 960209824 787 -389
-865718772 -600123541 2452 -118
-440033693 -960501592 1860 418
-987698923 988701465 2046 810
758653279 948969419 2827 -84
-253407734 -291072182 1290 903
-685088642 -480072803 1189 853
-427164144 231003883 1543 581
-384005632 -895624149 47 -481
312780883 -400352332 790 13
-306394223 867248298 1879 688
251735041 390447823 586 -365
857916776 128885695 244 -852
512655758 -875380594 2984 -481
-977281971 970731197 407 -433
496768367 -742416557 2813 -833
397103407 -846453834 341 -244
-77580994 838327832 2968 987
324876475 927498297 715 712
-534925848 -86794772 2356 869
591608629 -210000364 2429 -900
197188564 -757975199 460 292
-621441879 391406533 2443 -123
-28227999 -998293555 2199 -782
-57035260 885679104 1282 -663
2633996 128615575 2128 659
-420650615 -728641510 1807 370
947990444 987105744 579 -955
977026901 -112111623 1927 -897
804322544 -629975094 1402 -535
-722617107 413616873 2966 796
631043733 -513577519 680 -679
163313077 520416185 2941 40
338712762 -748002806 659 -139
668117467 309902406 103 -750
59532009 -563339040 600 955
441076601 -489123029 2185 412
597154559 516044118 842 -643
623459983 461532666 520 -579
894704952 804924801 1092 712
-111118664 -811127270 2325 426
381476046 -638123544 229 -474
460504217 -267528661 1723 391
-55662039 526067519 2873 791
-244351779 -342700282 197 204
463148324 -498413269 677 -734
-101586062 426594727 1817 643
890926520 -743479723 1459 50
699504856 -115111669 1572 -11
203332091 -90922645 2343 -518
-817563537 -425020290 1611 -914
674166374 -606078934 1951 -308
-147407312 209595751 2393 81
174643133 -161445734 27 199
316918525 -982900859 202 703
-922291631 281981657 1195 707
791543942 -115050634 1145 435
-598386913 531080596 145 -157
431478589 -593546190 634 -834
606404190 -178850281 2317 822
754206446 963011114 439 711
183438036 745434796 2697 -266
751464012 110489587 786 566
-59233593 51333846 294 -263
-152433798 -151269137 975 -2
128712303 445601478 2616 212
-227933795 910438743 966 -331
979129426 849632484 1466 84
87241883 -22701132 825 -619
692915725 -959945786 1349 315
589185483 736590158 1429 -167
978411500 65519312 1102 -268
-449506704 247281789 2579 -660
97287157 29425339 6 -157
-580561625 -284309934 2294 -548
952686229 457533889 783 379
336990140 -578974101 2958 -936
674163900 -235480916 1641 -977
802374599 -158618826 813 -903
986418796 -690957097 1665 -458
43907771 525265883 2282 -372
27936941 -922835682 2500 598
-697951579 310392279 139 -285
-484726828 875293453 210 -814
-145531462 688273210 2095 113
777219998 -294747512 1334 703
-35085431 -592058275 497 740
-107815368 817670117 2308 321
-788927522 -530900652 2087 866
247003392 210089074 943 904
947580162 883129170 2210 -651
-719252666 281555351 930 289
837575821 75689026 2568 295
-668106679 -812786041 98 206
831494274 -465810224 922 266
-403033880 -27230705 2041 656
944664480 -305322187 408 -384
-278117997 -504031417 238 56
222810473 -425249146 2591 -828
987790350 454886302 2259 -663
972139635 647908063 539 -288
-267000761 -236104665 265 202
-251687178 -115972067 252 -552
-374830951 595583888 2593 -646
-347743786 -313545613 2459 730
-85918804 571181487 1308 -742
494503096 676046759 1034 818
682590818 -195384380 2934 796
621166993 -356387583 1009 72
903987563 264954449 1216 -290
-719464537 -224127629 511 543
-328769582 -945926793 2620 861
346465773 -457657620 633 -493
-987049190 -299330656 2203 -434
834341883 -752114663 2575 -332
899195983 -552761291 1426 780
-457789519 178390754 329 692
-169677926 959160765 711 -335
276470612 187540315 13 -889
-316954395 167180675 2184 -389
-276305935 -716977430 1526 -924
914170974 -367458440 2792 606
-40055924 166606290 1429 513
-659952362 286639045 2101 493
-444757627 541844499 1810 -739
-59085410 116044503 2610 -385
726052961 346432753 339 280
-282245146 -430383853 1468 824
209137629 -670973720 197 757
123346584 -647493087 79 420
-738718027 65089189 2692 104
857302932 826088460 1191 926
-323826155 -200729668 1258 628
-555779677 -630708742 2861 -166
376220322 647632754 1877 586
757260282 286583170 2209 106
284269408 -822916605 348 800
-360764468 -68274613 2916 -375
411639182 -553849096 2061 412
-232695027 720759488 879 441
206738277 -35222364 1979 -995
-693411906 644796552 2530 259
-916969012 -221931834 1195 242
317010019 -950009713 2035 272
-993430802 294581491 156 660
-886243907 -724848054 90 203
-828637601 -885497943 1587 716
454284796 -749291836 2186 686
-38646850 766036368 257 -586
-884748855 100209218 563 -378
-467892730 356339263 794 -120
618698576 -519785499 1370 89
994328994 -408963704 1659 990
291272484 -282073056 109 -910
-915005169 -454043279 1305 -317
359031834 445673737 1330 -487
-825871503 -331117703 27 838
854160045 33646186 467 68
-586987639 -339682149 1012 139
973183354 381180204 2936 547
-246851956 -93743251 1701 136
-359519376 -23492029 695 -26
491789117 487550988 1296 106
41136354 359878675 30 914
-933086312 170970358 1756 612
-344674114 878839446 199 660
-771301961 -915748932 1429 -857
-339803544 486568552 2437 -412
233236010 626631912 361 -132
-524094522 770346583 1339 406
394705007 -657541550 2861 618
-406337294 -186996251 2711 994
-272689101 -555412950 1759 839
-426994294 -915617902 98 341
964510217 174560386 2797 728
8858545 557096822 1901 -600
931996899 690752634 2288 -397
-919339529 -440830332 2700 -323
876918214 177955450 41 -85
270822166 386933084 2940 681
-509009359 -418118556 2948 585
357339831 8929943 2096 690
900246035 -757445121 1606 -864
428495789 707269235 2849 893
728508906 -382293759 2863 -604
473042885 311361039 1793 15
-982544706 -180385653 2510 257
762681808 690138900 354 -163
893959785 28962103 863 -173
727681522 47878196 2585 726
-125625877 -481197665 1599 356
-624007963 -737733558 1459 221
42366717 323436520 1718 -858
671484913 127675048 2187 462
-185867186 -809419591 1219 -293
83238566 -237928301 1278 854
-706243670 -408490048 1734 831
14614547 971293111 2786 215
811604660 120753828 1350 -601
445297969 692676437 681 -274
-257267924 -483027516 2106 979
-555553645 -135728004 600 959
999769847 839356581 1333 -755
35861397 732609172 56 704
-29666464 -294754606 866 -774
14491316 -92680435 2593 52
917338094 -57310167 1567 -371
671800521 -342844880 40 -552
-547911655 515199666 2667 -800
-329349088 816160046 241 -173
-911203402 -909934497 661 -122
275590475 925604098 2073 -616
940559285 212979375 675 371
47545290 297537542 187 701
726366902 530791241 2340 905
246104552 -252509476 168 666
748664392 -642863222 282 949
63933914 -756710328 1195 -330
-729406899 -597872791 238 -747
358811112 -725364335 2687 -661
-550946519 -606500706 1441 934
-168791293 717482250 2123 807
40807187 227166275 77 -300
625300341 -500470418 986 -9
-537480768 109551268 2428 -991
10901649 901191170 2303 453
292519205 -921493778 1792 -367
761187 177238775 1565 -432
-604655357 171168920 2793 926
-921227794 -926527063 2084 -171
-95025169 495110402 1589 -543
277258159 669703910 1527 714
401181646 348899770 1374 -888
-751935605 -755298119 1976 966
718925243 680972313 1641 -121
945868873 -316795074 1522 107
785110892 786297765 2526 74
-984689073 -555570229 592 758
-360034824 488875046 325 854
738430834 -520203390 2433 573
112850831 -296780134 84 552
-949925765 225285998 2551 373
-190999481 -674896926 2192 300
-937988850 403899072 526 -853
-526726156 -154481973 2622 -2
-63688991 -141255441 2349 -275
-983503266 789863219 2891 -983
-918070044 863984108 2547 -760
-195649166 -176914164 1290 -977
758505769 -104909190 381 -585
-132595292 -964391238 2542 -737
446266140 -400802511 367 399
948072938 80849568 2823 -185
993437022 183568315 2206 689
605227251 -3240006 25 184
741573478 -370412709 2977 -111
57576265 363747316 1333 786
834509324 837007554 329 473
535022731 881275040 18 -917
678261599 -901980394 2838 146
261902751 -498611475 762 -41
672455803 545855393 984 356
894194589 828875898 1922 -115
-514807360 -150658218 454 -478
835652715 855030608 1642 -987
575888163 -38521417 33 -436
545246508 247244787 518 567
-47871300 -166747473 2231 292
-903859035 908683574 346 362
433386792 -941708886 694 -742
-348524976 -83760917 1916 60
-357088331 -867452323 831 -490
-562248411 -498940915 1900 419
583280506 622542575 794 683
498879348 -770965037 790 999
629556524 -256047275 1848 -169
422538637 242164608 1181 363
-482043246 -358496936 1102 -687
-92061850 208147074 2539 504
512554556 382769636 611 -825
-712904425 -950684244 1031 859
-230695276 -642573602 1883 -658
-789444450 -179472825 1761 -618
898604917 749964436 762 22
114375626 -752704445 2462 -652
-522276077 -746108297 2143 204
-45710491 572587884 2822 559
562691765 -640947787 1792 -202
-70827683 51476085 142 244
836160224 -18076562 811 963
-191158820 200510909 2506 247
-631221514 -312381810 141 -187
300768116 -673975381 1246 537
-167312148 -338911591 1544 576
-778752953 950841298 1971 -931
-945722951 -74711193 1177 460
-537800418 569055831 1492 -89
-606719493 279090579 1972 -184
-395603436 704566168 2217 243
588526836 -8984297 1329 149
28280358 615263944 2122 -255
181245100 -130452561 2592 -457
-815385046 598680792 29 -337
532709482 -610969578 546 249
-35787290 -659133653 281 -82
598597750 -628156819 1685 916
-389246769 -2373034 2265 -969
-828347425 291643675 27 815
495755387 252647093 844 157
-334422780 775159031 1899 -651
-463115458 -817077982 1675 376
138565447 262023174 2766 888
899586895 894214635 1305 707
-924994340 945669070 920 755
836936354 -792775049 211 22
745432666 668490283 2918 717
-781668877 -747268763 731 696
378128238 75951676 1135 -983
-980750015 -199209964 1328 -750
-29445945 586902660 432 26
731858057 929691167 2745 -790
928899490 -822958360 824 484
-980665625 -773404176 895 464
-236276270 -351571245 736 388
888462475 623930910 315 -394
-494356034 121828855 217 118
-697430116 906148513 2526 476
-21815911 800182855 2995 621
-809149698 -306502376 1920 -991
-948004389 225740641 2365 430
-808828607 -767329217 915 -385
721863814 913420972 257 -182
-308412620 -272209975 2127 -999
-807796586 588538902 931 217
-274692234 -920877795 1646 -988
-498497665 -137770064 2409 352
917097614 81909414 2558 286
235089723 866289054 2567 -196
-791017441 -786429388 2168 147
135996841 -868915739 2901 564
-470784193 -884590711 1822 -388
-997964056 -142687735 2563 -8
635438564 699234986 459 -788
750532506 -529875022 1379 -625
591076377 -949211783 2388 472
759130312 -254215188 1241 325
-352810000 783770089 688 -911
296766626 -785975468 1805 132
523477059 -667628940 597 719
-350963117 462656249 2017 293
415119915 -756819141 144 739
-497906459 -182649092 1250 -631
-335844269 514147780 604 434
-844837814 19649183 138 -194
-839067453 105635360 2941 628
701619589 -644978617 2009 771
-732181041 -634032711 1016 -501
925501114 -615599070 828 406
145574574 432320515 2664 -802
987574196 568245945 413 788
471067967 557115737 1176 141
645413644 -197604923 2220 -571
838658481 492777912 601 -450
259564507 609794407 1418 64
-860336623 239234353 2807 -587
218469415 -465124954 2250 -241
-956988079 -38918299 1982 691
443504192 -950819112 1062 -436
308274934 -207034142 1303 212
31913971 -707752046 967 -776
722147540 -922682952 238 -868
-371665503 813844672 2588 144
690207377 -467811891 526 944
46982297 -202400878 2834 567
-894038066 789548436 2168 194
-86874942 990906165 2941 -536
148751635 -981894789 1153 639
323112488 484391780 2295 -592
-506556142 -730822222 770 -593
-444306081 -200131329 388 625
460224803 -653438981 1447 -990
-129416420 -407090008 438 -631
814685249 987972147 2680 -933
524155326 637500121 925 379
-514580769 -885408282 2818 -948
178680274 250872050 2099 350
270236268 -393636239 1769 581
866757487 145878560 511 -559
-437501574 -460531264 453 -916
-139526303 -12876570 2817 -814
540487018 -297247995 938 433
12524455 -398601433 316 666
920472340 -357016220 2684 -885
296864902 -494086865 1167 -788
-695393154 546468432 511 146
-1592800 -438437157 2464 -48
165687315 444391475 2995 207
888341413 -43052659 2619 390
-485064050 461778675 2506 -795
980213477 353405258 1133 251
608402924 -33950562 147 -627
122076036 -739682590 1823 -412
766521423 663832116 1955 -289
561935633 -555051395 677 798
-192755127 493130079 2681 457
-55668780 580540542 2184 -606
579261616 465257841 81 -686
657955721 -78675176 616 -708
-536465882 -796147282 2260 955
-785473465 63451486 1060 189
637330807 -483441125 1267 -117
-503333211 -944766193 1636 402
636011250 -466291822 855 -704
215206609 -690210358 2683 -303
369886416 -466659764 2749 753
779589529 -751436713 2406 503
-222228238 471663370 2954 -977
18063022 372413101 2722 446
-573826619 23464586 1004 -180
-683636057 734898731 21 61
98777633 146641355 2378 -526
392086198 -294709560 2893 944
-94639067 -623775228 983 871
-59637813 827023657 2699 -808
-592416991 -821006643 2096 -42
-997253874 -833136859 2257 -220
663120073 547786973 1773 -490
-116664366 -602776242 2793 -551
-366459350 788422397 1089 -838
847596086 -716599431 1680 -603
-869540123 329645457 697 408
-72793451 -716167378 638 775
-893967519 -4256717 1992 -50
909093161 173933626 2768 176
321360688 -537006840 1135 -629
-641959292 438036143 2311 -16
-871766970 43356115 1104 424
-424597487 721793946 1207 -790
-521628274 -209337599 1639 163
348068742 382598729 2279 517
125007640 -209675541 1690 -824
-793374301 -400994684 1317 834
-555270909 764330321 551 948
-289941211 357690281 665 -955
407878452 -936226774 1678 -537
-529247059 -985953727 683 -993
690368046 202679299 1857 -217
552487817 917581390 2049 -416
376283854 -913097685 2982 349
537001903 -810009028 1360 -673
847539973 910948932 775 838
-922793565 647573883 2261 -235
-685391526 867590842 2325 -238
-929500558 -968121418 1486 -171
897624930 468541681 2471 -666
295244904 147880505 2187 515
-935332319 -950869846 2817 859
575701933 803350625 1665 -106
960630905 -897342479 486 544
806012661 971009595 2227 573
696952525 140042518 835 186
499187118 967657255 2272 432
531573810 -101792794 1522 593
916277940 575886657 1209 583
648440 -801538547 1862 -330
-761786091 -987285295 1273 -686
195892443 -276046958 785 305
-125217375 -413236213 295 -754
400951599 931461395 2570 144
-472211714 -620451851 212 449
-569251754 773796495 2215 56
745117822 -236127091 1880 -928
-416690462 -675142132 1124 -864
-188375896 -622877385 1267 122
916644998 -360788037 1232 869
205471907 -15239310 2526 228
187441052 497934784 1256 -66
-210115041 -600164490 1202 911
430132279 -320378373 2873 595
-660984325 584908158 236 61
-808497301 -975075114 760 798
12577464 -510257188 2139 -521
249643129 368052298 642 -791
982322258 -560421272 1200 381
-69120098 -591184159 1270 530
-538115074 -434023533 388 -954
-761888253 969442027 368 -824
-443414439 -87216889 2809 -67
141991177 -578740054 2595 -423
-155773046 833168440 160 889
99932624 940001416 1957 -90
-264511030 -693113809 329 420
-62289737 -26134321 1185 946
-36938326 -325533646 1873 -774
-108990227 -832683085 1089 -1000
692005671 -207619764 2078 -782
55037813 -491066831 2095 599
-813522092 -248755005 1328 -46
-836081422 -156843038 1913 675
237325942 719464843 84 -557
-94798851 -432555947 605 990
-499792982 656844832 1680 599
131197604 740473930 2656 -110
-435708479 618756729 2707 481
-704838516 -861524953 1364 967
-484205919 -647121980 2874 695
-844541452 -386755093 27 154
583158368 -776741105 1131 72
-38259950 854200295 966 -891
209005205 -327174 2547 342
945182439 -678762004 1981 -570
346448530 408188481 445 -658
-707062992 -23746054 2749 -458
59917946 239924617 2189 -256
-59860176 -893587589 2357 58
496118537 246344325 426 182
-306650100 -438293809 2513 890
715518577 -376814301 194 -198
-831325088 569794491 547 -247
715747096 373795961 1135 -286
942847475 -223244678 1350 -842
304132500 749457800 343 696
959798646 -433728103 247 -335
836112348 445318792 1334 954
727391877 -870076676 2748 -802
188642584 -823543170 758 -997
273586342 -768630694 1324 -832
-980782234 237243568 2734 676
-653407475 -795654563 2092 -807
989143590 -946741075 2692 607
315856687 643783771 2084 646
-53190242 -451556190 182 8
917414792 -306260359 1772 164
-684842086 659393866 1089 683
496385958 -713362068 2841 -268
-521577886 202256677 835 951
668609605 -744324540 1987 290
-956227669 813034344 2810 -274
2 2011
1 451 784
2 2095
1 1450 845
1 1829 -594
1 1675 -831
1 1388 165
2 66
2 1882
1 2345 51
2 938
2 1041
2 2467
2 2618
2 1354
2 947
1 522 -422
1 1050 944
2 1351
2 635
1 1917 -928
2 1599
1 186 -510
2 1959
1 1697 470
2 237
2 1512
1 1111 887
2 1916
1 622 -676
2 2484
1 1688 -603
2 249
1 713 949
2 1243
2 1232
1 1646 787
2 475
2 2076
2 78
1 1554 -806
1 2822 -798
1 1801 -118
2 49
2 753
2 2126
1 151 143
2 2220
2 1669
1 1284 116
2 900
1 2851 -841
1 994 695
1 457 660
2 938
1 2427 480
1 1491 94
2 2702
2 955
2 2227
2 366
2 2261
2 1510
2 2936
2 2736
2 2371
2 806
1 1951 675
1 1118 910
2 2576
1 676 783
1 875 782
2 1832
1 2688 513
2 2554
2 307
1 2947 507
2 859
1 2031 162
2 2560
2 454
1 1276 -743
2 1157
1 2410 133
2 2406
1 315 323
1 1593 145
2 467
1 1216 581
1 1986 -837
1 912 404
2 1243
2 127
1 1154 -642
1 1895 -87
1 1987 -354
1 393 -190
2 618
1 318 573
2 1395
2 1122
1 2828 361
1 676 -130
2 1640
1 2678 -663
1 1438 106
2 987
1 1656 690
2 1386
2 2729
1 422 345
1 147 250
2 386
1 262 263
1 2250 -718
1 2697 366
1 663 -895
2 2893
1 681 -80
2 1499
1 991 725
1 2878 97
2 2082
2 192
2 2865
2 1198
1 1251 -477
1 2265 741
2 54
2 2484
2 1349
2 1291
2 266
2 2097
1 330 870
1 544 772
1 1569 -398
2 2465
1 317 655
2 1585
2 978
1 2416 739
2 1956
1 1660 -507
2 1789
1 309 692
1 1418 884
1 515 -522
2 2542
1 2295 -983
2 1164
2 231
2 774
1 2105 -421
2 129
1 946 -340
2 999
1 1490 -383
1 546 352
2 628
2 1541
1 2936 -265
1 2596 405
2 1376
2 1613
1 2378 -475
2 1800
2 2459
1 1115 246
2 854
2 13
1 524 368
1 2225 -640
2 977
2 1994
1 817 -906
2 2349
2 1701
2 398
1 1980 -911
1 2167 633
1 788 588
1 1732 -919
1 712 -549
1 2238 -17
1 2484 555
2 2082
1 577 682
1 2303 -747
2 170
1 685 657
2 1679
2 2684
1 2860 502
2 92
1 698 -884
2 2575
2 1253
2 956
2 1401
2 2645
2 2850
1 2521 -238
2 2697
2 1272
1 1974 901
2 2610
1 2804 -888
1 1532 969
1 407 -434
1 1101 -625
1 2920 40
2 50
2 1363
1 753 29
1 1747 595
1 2574 221
2 2794
2 2161
1 954 -406
2 711
1 1664 -606
1 2755 -817
2 645
1 1992 -335
1 553 781
2 932
1 279 -170
1 1753 847
2 2135
2 2106
2 2623
1 1913 -663
1 2018 -173
1 2196 316
1 1554 -773
1 2837 455
1 2327 613
1 2243 998
1 2538 289
1 1931 -924
2 1195
2 1307
1 325 -952
2 2863
2 2126
1 1965 244
2 2725
1 792 748
2 2630
2 1588
1 2540 972
2 2347
2 39
1 344 -730
1 2286 482
2 1206
2 2365
2 690
1 1723 -28
2 1192
2 1543
1 883 71
1 712 838
1 194 -551
1 630 455
2 893
1 1504 744
1 2670 -378
1 221 -519
2 1347
1 2992 -747
2 1326
2 2406
1 2636 159
1 2715 -12
1 933 499
2 2341
2 2710
2 2468
2 1359
2 272
2 1177
2 1662
2 817
2 1621
2 1617
2 2312
2 2670
2 1583
2 2187
1 1044 -889
2 1379
1 2798 877
2 1996
2 2627
1 233 685
2 2170
1 1428 908
2 1608
2 31
2 1784
1 1238 -186
2 204
1 264 -623
1 2455 708
1 1147 815
2 925
1 1221 -97
1 1200 -937
2 2332
2 2948
2 332
2 2459
1 1150 310
1 2079 -230
2 600
2 2317
2 2726
1 2772 -690
1 2448 -945
2 971
2 2033
2 832
2 2569
1 2179 619
2 717
1 2350 600
2 234
1 1951 689
2 2488
2 2863
1 174 -671
2 645
1 321 -675
2 283
1 772 997
2 1384
2 2597
1 1842 -360
2 1765
2 1393
2 1423
2 1053
2 344
1 716 807
1 455 534
2 1216
1 2359 517
2 911
2 2638
1 2057 -868
1 9 812
2 2141
2 1024
2 2779
2 1036
2 2338
2 1945
1 1960 -519
1 260 -405
1 1174 90
1 204 389
1 1050 659
2 1648
1 2442 320
2 1166
1 466 -871
2 217
2 2091
2 1628
1 2895 -20
1 2142 767
1 311 -68
2 2225
2 1939
2 834
1 2419 212
1 2461 445
1 318 151
2 1899
2 2264
1 2707 -711
2 1077
1 2256 -307
2 987
1 688 614
2 121
1 1083 539
2 1212
1 1477 172
1 304 -711
1 2377 740
1 2671 655
1 108 -423
2 2385
2 839
1 2395 -414
1 714 593
2 215
2 2859
2 2651
2 1434
1 422 -202
2 157
1 2508 245
2 2710
2 1779
1 2490 513
2 324
1 950 259
2 1856
1 2127 712
2 2050
1 2151 920
1 1869 -690
1 2701 624
2 2332
2 464
1 2091 35
2 830
2 317
1 2804 111
1 437 674
2 688
1 2347 381
1 2887 -795
1 110 -525
2 1773
2 716
2 1727
2 165
1 2392 -389
2 1827
1 436 587
1 1592 482
1 2286 974
2 2176
1 2307 -590
1 1464 514
2 775
2 546
1 2570 950
1 708 436
2 2503
2 1427
1 985 -302
1 734 79
1 2036 -62
2 2343
2 38
1 1427 -379
2 404
1 2492 563
2 912
1 1501 -669
1 2309 -516
1 637 -550
1 1137 -796
1 2931 -932
1 1020 371
2 1746
2 548
1 282 21
1 2025 792
1 2707 40
1 1130 -59
1 2701 280
1 946 109
1 1589 561
1 737 856
1 1578 -275
1 980 562
2 1990
1 1738 -689
1 1177 -514
1 1864 993
1 75 -243
1 2863 175
2 2815
2 534
1 2769 -748
1 4 -673
1 294 904
2 2149
1 1227 476
2 1108
2 1503
2 348
1 2898 211
1 2332 364
1 1518 -533
1 316 181
2 1628
1 1208 332
1 2038 -358
2 2380
1 2034 162
1 1087 -423
1 2102 -365
1 1361 -780
1 263 562
1 1455 967
1 1101 -648
2 1837
2 189
2 692
1 2185 527
1 925 52
2 2285
2 2926
1 1519 708
1 1625 -694
1 2581 -746
2 1110
2 1966
2 1031
1 2616 871
1 557 -313
1 1555 -879
2 174
1 2285 520
2 243
2 160
1 1992 -28
1 1271 -165
1 1096 99
1 2189 815
2 508
2 2822
1 1902 830
2 2422
2 2882
1 2071 245
1 157 -817
2 1284
1 691 -513
2 2494
1 2664 -42
1 2285 -837
2 1117
1 1042 162
1 458 -129
2 1961
2 616
2 1100
2 47
1 2866 498
1 831 585
1 2439 63
1 986 -96
1 1910 -451
1 447 461
2 1414
1 2599 -610
1 1765 -386
2 1614
1 1915 -287
1 777 836
2 1809
1 1334 978
2 1785
2 2018
2 1754
1 513 953
1 2936 341
2 2524
2 1128
1 1827 -406
2 2706
1 1792 -254
1 1564 328
2 1369
1 1300 591
1 244 693
2 1234
2 2562
1 2847 -451
1 2828 -213
2 1755
2 696
1 1522 633
2 29
2 1409
1 1889 -994
2 813
2 22
2 2075
2 2275
1 2393 -894
1 2666 -734
1 2349 421
2 395
1 445 815
2 737
1 576 810
1 2855 -352
2 1183
2 2255
1 1043 436
2 1644
2 2038
2 1752
1 1071 730
1 1713 -46
2 1053
2 2173
2 128
2 2603
2 2
1 194 -460
2 2279
1 1027 90
2 803
2 1051
1 2574 -683
2 1181
2 2080
1 1535 -503
2 1863
1 2909 385
1 517 -277
1 2284 -4
2 1866
1 2900 166
1 1552 989
2 2764
2 1888
1 1835 -111
1 783 403
1 1313 829
1 91 877
2 513
1 810 -640
2 1924
2 1860
1 2833 659
1 829 275
2 2956
2 1792
1 675 -908
1 793 -179
1 703 -416
1 1856 -345
2 320
1 2965 -520
2 2233
2 1301
1 2510 704
1 1507 -694
2 2202
2 2230
1 1953 686
1 1684 -217
2 812
2 1307
1 639 957
1 1457 136
1 1461 194
2 659
2 297
2 2029
1 2151 -381
1 435 -449
2 2809
1 116 -566
1 2386 514
1 1040 831
1 2222 -456
2 650
1 2187 270
2 56
1 137 332
1 2031 -568
2 2881
2 1138
1 2357 655
1 2813 -206
1 1023 -670
1 1134 -494
2 594
1 1104 816
2 1678
1 1659 -681
1 2988 288
2 2224
2 1023
2 847
1 1838 378
2 2730
2 507
2 2662
1 636 -40
2 2612
1 2274 -791
1 225 -383
1 1796 37
2 1432
2 690
2 110
2 1179
2 302
2 1379
2 1701
2 854
1 1835 -984
2 2904
2 994
1 1885 550
1 243 570
2 875
2 1128
2 667
1 383 687
2 1021
2 1286
2 1101
1 2298 -871
1 445 -539
2 1650
1 2650 963
1 1250 -657
1 2036 -861
1 61 796
1 2655 -931
1 1490 -855
2 563
1 1541 -319
1 61 223
2 1988
2 491
2 2827
1 606 -627
2 2763
2 416
2 932
2 1109
1 1619 -917
1 2604 -105
2 2042
1 450 -196
2 146
2 2292
2 407
2 362
1 79 -40
2 846
2 581
1 507 582
1 951 -112
1 255 -807
2 1925
2 1747
2 951
1 1257 -726
2 715
1 2760 40
2 1946
2 2628
2 1678
2 1024
1 2384 -722
2 2202
1 2582 -70
1 488 -217
1 1498 -941
1 1144 638
1 1155 467
1 2819 -611
1 155 44
1 1928 609
1 2553 462
1 2732 -56
2 1976
1 2598 -716
1 634 162
2 2286
1 1209 -428
2 297
1 2847 -869
2 741
2 180
2 781
1 2078 -782
1 2607 395
2 788
1 909 -396
1 1305 159
1 1883 57
1 97 338
2 816
1 2097 137
2 2289
2 1848
2 2090
1 2726 -95
1 2730 -773
2 1136
1 1690 811
1 1254 -723
2 729
2 2132
1 2542 -811
2 530
2 2473
2 2728
2 219
1 575 978
1 2316 970
2 995
2 2204
2 702
1 1294 -602
2 2325
2 2515
2 619
1 1184 -166
1 2484 306
1 1451 -578
1 2711 -401
2 1765
1 537 -718
2 1861
2 930
2 2407
2 1977
1 602 284
2 2254
2 2768
2 1788
2 2195
2 1279
2 2574
2 2426
2 7
1 465 26
1 2379 935
1 2455 64
2 2204
2 2595
2 1553
1 722 651
2 985
2 1866
2 369
2 332
1 2832 642
1 1044 568
1 1065 -563
1 994 688
1 2595 -423
2 2732
1 1741 -923
1 2620 476
2 1607
2 981
2 534
2 1094
2 1621
1 2660 -270
2 1030
1 1883 -664
2 2052
2 1313
1 992 -778
2 1726
1 604 729
1 2831 618
1 1624 -760
2 53
2 2093
1 362 97
1 975 -694
2 612
2 1897
1 1291 -890
1 2633 -839
2 2486
2 2765
1 1059 -230
2 2647
2 2557
1 1646 -601
1 2441 -818
2 1225
1 683 175
2 354
2 362
1 1221 823
2 52
1 1688 -645
1 143 884
1 11 874
2 121
2 890
1 1500 65
2 2627
2 2477
2 824
1 2591 54
2 631
2 57
1 2241 406
2 1015
2 1750
1 2606 341
1 2315 -878
1 2059 221
1 60 -856
1 2532 657
2 1518
1 2275 -400
1 1414 864
2 377
1 1788 -875
2 310
2 2829
2 1524
2 25
2 102
2 2712
2 448
2 793
1 418 392
2 611
2 2435
2 839
2 1937
2 1648
1 2851 -870
2 2951
2 1210
1 746 274
2 2516
1 2710 -537
1 252 -987
1 1599 256
2 560
2 2255
1 2706 807
1 483 -724
2 467
2 288
1 273 469
2 2538
2 636
2 1090
2 2117
2 1247
1 2163 339
1 2336 -19
2 2780
2 2753
1 1834 -607
1 708 -872
1 51 -597
1 211 978
2 1253
1 294 120
2 185
2 2403
2 1056
2 560
2 1509
2 1622
1 2009 -789
1 2774 -724
1 249 361
1 1978 -27
2 2145
2 704
2 1181
2 2157
1 726 -883
1 2714 326
1 1569 -345
1 2506 -39
1 580 633
2 1975
2 1685
1 2008 983
2 1831
1 913 -548
2 2562
1 649 755
2 36
1 1725 -916
2 590
1 1353 -76
1 723 -182
2 2306
1 10 -939
2 731
2 1484
1 1398 364
2 317
2 2435
1 1818 -725
1 1612 443
2 1184
