200 1000
-985762924 21074502 21 11
-393750068 -995567699 130 459
932641867 531629136 1 -853
-798993163 -178677762 150 -723
674880051 797997987 72 111
-146133971 -999127717 22 504
-876675691 51523808 165 -142
-947015963 -420913090 23 92
-750087919 447403877 130 450
-83220615 130941625 67 316
557474708 -768308536 194 -800
-329531689 931621909 97 270
-14955793 -658681043 87 -540
64143204 -480604709 58 -413
-35339657 586312414 107 545
67037978 781086048 53 69
445656735 921444381 103 -505
-806557618 382275916 181 -500
375531768 215642759 76 -790
-714654547 389278571 121 61
368797730 -303240479 108 81
-85094191 235173599 86 435
467486408 -514057775 16 973
342691681 -870968014 31 -398
859640634 39880176 137 281
958855378 -593192058 108 239
-165983095 -618159371 44 536
-329537494 -914862183 185 -185
-132801684 33496642 153 93
-470822351 -372263770 5 833
253722509 -470672697 72 676
727929031 264294215 106 810
-350433391 -783088870 56 -537
18912160 -705636726 105 160
150117036 390614507 105 135
356590954 -739475156 1 -319
-57231025 -593530686 5 -761
-879230915 461544597 86 220
-20831586 -542115194 108 293
-245100442 -369296236 74 -997
90310805 810546194 51 145
270680078 963862080 34 -506
251071857 -828920058 175 850
-872260470 -823910975 36 -201
-88103089 -345794620 44 -895
528688493 -203371824 107 634
668250970 -353299049 120 -317
-298619470 -272230115 74 954
178409729 282876223 197 462
654670680 -112351653 12 -892
-220407451 587418501 149 367
-447551500 -168650428 134 338
-583716252 -538403145 82 -493
900218664 834318790 141 -245
-758215749 -978448613 6 40
536262840 -540931085 135 284
-55644464 472080107 74 -816
-249827415 -490362383 149 437
438060176 261155618 68 -265
347694641 478844959 5 976
-224336733 505428986 49 969
603967817 170474658 68 42
-507482566 621597414 148 238
-23115171 324041638 103 955
926018050 469982011 120 48
-197111297 899372170 39 -88
-21625149 24040272 181 24
-573309362 860079638 166 -852
-695337786 -212009310 164 -840
70363941 -99890991 58 -447
-423822210 218823572 167 -787
998169516 -160733337 0 -796
460227888 -833839065 4 -913
747765215 -394501294 116 140
-703007530 -855122330 35 -870
-604434300 569663688 3 227
16733757 -817667996 140 848
-93473485 -428393876 160 -575
-211997094 285596619 196 -882
-514662343 -465962585 197 352
-17104071 380495637 53 -934
-973684712 558769981 72 -832
313253159 929961220 194 -653
-169426385 450753892 34 -932
35906131 -678014630 107 -946
-530684443 -263633171 142 878
-816244644 -171277778 30 975
750571342 924193518 56 749
698337370 -111612473 153 -733
451762004 -485352291 82 -662
993439914 860005233 92 428
406857322 262918334 48 559
-234941390 -684446959 69 -517
-855459994 500126371 76 616
-471662763 267260236 166 -236
578214615 -763203916 92 -370
274921467 -759308917 82 883
-428793863 -940875980 149 -372
-308911937 -110836617 52 -29
404577720 -734006109 159 -414
283847340 -308589834 131 69
650657207 -367420227 116 -980
462943659 -295479694 108 161
-792414273 -433434790 160 -162
-785827856 132215200 182 -190
-243144131 685535279 97 871
339616314 99507898 164 972
414412428 885096146 72 -502
705637539 -280873781 164 -544
754548475 723605359 188 175
-260979514 584972804 118 732
-43296728 -934689594 88 152
291927757 -781600174 133 701
488872525 -453417622 140 800
217351850 -914322587 190 -888
-607955500 168374686 135 -876
934120827 998882281 130 85
360796858 335510243 164 622
-812443502 -272146008 144 212
-656232103 -44735868 3 811
327446918 -525057450 196 -233
-213967449 -786154678 165 107
494856328 -362597542 109 -761
-607942307 813592072 31 -177
-932402435 916238278 120 520
812803519 -605203384 173 183
-457142480 -316413819 185 -862
746182533 565271076 29 -282
304734723 453831769 157 -187
370065084 426744314 164 562
562012542 -270228119 57 284
-301135132 575621890 12 638
358652126 -240586287 69 -460
511306598 -81859003 131 346
-971133311 -351139448 130 877
-410792279 -987211260 131 561
84396264 -609345122 117 -712
-882109515 -71460714 93 -675
481164147 -925148497 12 -451
347695605 -800807059 59 139
-857945317 -858226643 149 -396
-145784192 456294792 108 82
156746495 -831154690 79 -684
408036782 402937599 133 -429
96570280 113532676 36 -338
131484222 249378523 93 893
-869438347 -895387962 95 -161
798373889 -807568710 68 973
-375558357 -823112626 153 286
517268141 -640063898 97 854
-342486978 -194313609 182 126
-982618358 -908709434 148 -243
-800633018 619389036 31 -582
445090178 -584059058 190 -340
339069730 -151590526 149 237
-219032757 409213816 35 -35
60150618 249407408 196 861
605863712 547430674 108 -446
-779456308 701689841 89 839
-820758119 123331060 164 -642
630440985 -14318332 158 -105
974318261 -37214618 69 330
113467126 960535535 118 385
144668308 -410938967 153 185
813145988 -726508957 47 -73
-496457851 -550244096 196 299
-520874876 814494804 47 55
-99524929 761810694 71 -365
207911095 -947863054 14 996
324048246 -857283045 187 599
840415160 652492896 196 89
442940867 493434558 97 546
-473763444 123131110 146 -580
-49288934 -998363807 49 -468
161335370 491839938 149 482
236041551 918569785 4 180
-639565872 -588659343 191 682
-880660487 540635849 150 860
24970179 800528228 116 -599
123689742 -219489736 48 -894
506702889 -334118566 146 100
-221757177 -217791227 1 -550
-69498706 342949707 138 0
416271369 163345080 152 -17
-50573170 -873721709 26 -336
-473859242 -466804320 49 456
-850387322 -649209846 89 145
612599554 -319596852 124 -447
-845327393 4665529 26 746
755558856 -101148751 175 532
-233251102 242821094 21 616
459656043 -55023556 127 -105
-199972986 -678808671 130 539
-250088842 -572799583 49 169
575441927 -640765134 83 -458
-855669804 -952211521 93 448
338380677 -441117486 72 750
-578239124 778588691 45 79
7377784 -961093649 146 -923
-210863926 -255388566 12 510
1 78 -418
1 13 921
2 45
2 181
2 64
2 46
2 76
1 59 127
1 120 -304
1 71 -810
2 94
1 24 193
1 155 -551
1 198 -937
2 43
2 159
1 89 1000
2 86
2 137
1 10 740
2 72
1 176 20
2 177
2 42
2 64
2 172
1 79 -235
1 44 928
1 101 -304
2 101
1 181 -258
2 95
2 163
1 115 773
2 107
2 187
2 97
1 150 583
1 174 -400
1 139 -770
1 125 -244
1 25 -468
2 67
1 52 404
2 66
2 176
1 92 53
1 38 -910
2 144
1 34 -126
1 63 816
1 41 608
2 136
1 139 -614
2 18
2 194
2 90
1 2 836
2 184
2 12
1 76 779
2 6
1 130 612
2 140
2 95
2 41
2 70
2 57
2 12
2 130
1 47 -71
1 162 396
2 45
2 56
2 105
2 141
1 111 794
2 103
2 164
2 143
2 101
2 55
2 173
2 100
2 55
2 107
2 158
1 186 -771
1 136 -913
2 98
1 160 140
1 91 -917
2 40
1 101 -642
1 192 359
2 148
1 166 731
2 98
2 136
1 172 799
1 121 342
1 138 578
2 163
1 76 874
2 63
2 38
1 125 -607
2 1
1 89 25
2 70
2 25
1 51 -597
2 191
1 102 350
1 141 742
1 47 154
2 10
2 133
2 127
1 177 -130
1 67 -513
2 138
2 135
2 46
1 182 -328
2 42
1 143 139
1 99 -92
2 32
1 29 740
1 125 -825
1 83 -809
1 153 -172
1 168 864
2 18
1 12 503
1 182 151
1 6 -374
2 48
2 45
1 188 -366
1 178 -122
1 147 -611
1 149 -328
1 200 973
1 181 -650
1 150 319
2 182
1 52 92
2 167
2 94
2 74
2 18
1 187 769
2 47
1 181 771
1 132 610
1 83 -397
1 154 -36
2 170
2 185
2 25
2 55
1 28 -610
1 151 -583
2 118
2 181
2 58
2 36
1 141 -453
2 146
2 141
1 24 -883
1 171 666
2 125
1 173 757
2 83
1 85 769
2 9
1 157 37
2 7
2 128
2 176
2 81
1 26 362
1 184 897
1 41 -857
1 18 -477
2 53
1 181 -761
2 180
2 152
1 3 4
2 76
2 17
2 148
2 163
2 200
2 55
2 128
2 166
1 64 628
2 32
2 187
2 64
1 106 410
1 8 531
1 27 638
2 24
1 166 73
1 114 423
2 109
1 24 798
1 7 -808
2 95
1 100 95
2 66
1 194 598
2 49
2 45
1 148 929
2 104
1 128 24
1 84 825
2 171
1 62 350
1 167 -623
1 124 666
2 122
2 188
1 142 762
2 16
2 139
1 181 764
2 81
1 41 376
2 38
1 98 -369
1 178 812
2 184
1 40 -427
2 107
1 78 877
1 106 -346
2 36
2 88
2 3
1 60 538
2 105
1 87 643
2 192
1 5 -523
1 146 -841
2 86
1 149 -777
2 93
1 92 -22
2 171
2 84
1 118 931
1 183 -49
1 148 -958
1 78 667
2 72
2 26
1 42 -558
2 65
2 157
1 105 -258
2 103
1 129 -158
1 144 -341
1 8 -509
1 11 192
2 90
2 159
1 95 993
2 174
2 147
2 26
1 77 -630
1 87 297
2 149
2 26
1 22 -157
2 198
1 167 349
1 151 -308
1 174 -399
2 112
1 197 412
2 16
1 153 -96
2 181
2 8
2 47
1 151 -301
2 65
1 50 193
1 29 -503
1 183 831
1 10 -731
1 109 -415
1 171 -123
1 47 -804
1 73 -987
2 49
1 32 729
2 178
2 56
2 111
1 113 -478
2 170
2 15
2 101
2 113
1 91 -218
1 118 -656
1 104 -6
2 86
2 59
2 55
2 112
2 107
1 78 -327
1 119 699
1 36 -407
1 4 87
2 176
1 68 732
1 167 182
2 154
2 61
2 22
1 93 377
1 93 -459
1 170 265
1 107 883
1 186 802
2 139
1 147 445
2 150
1 31 66
2 104
2 41
2 79
1 33 489
2 110
1 194 626
1 171 488
2 42
1 138 671
2 182
1 145 -790
1 115 -505
1 92 -274
2 105
1 195 -113
1 85 663
2 133
1 63 286
2 66
1 100 803
2 120
1 38 156
1 3 -449
2 127
2 95
1 41 -665
1 138 604
1 35 509
2 119
2 180
2 60
2 142
2 108
2 112
1 172 -414
1 155 -329
1 123 477
1 79 -175
2 51
2 199
2 23
2 191
1 126 27
2 93
1 152 -715
1 187 547
2 78
2 58
2 142
2 79
2 125
2 145
1 174 -873
1 200 -101
1 112 -115
1 136 239
1 36 -655
1 62 90
2 159
2 92
1 94 -412
1 154 622
2 71
1 60 305
2 163
1 58 350
1 159 618
2 60
2 124
1 192 242
2 141
2 39
2 193
1 123 782
2 154
2 149
2 166
2 79
2 193
2 77
1 88 -56
2 118
2 108
2 181
2 99
1 70 752
1 30 823
2 167
1 23 491
2 136
1 105 -574
2 74
2 2
1 143 618
1 182 685
2 152
1 68 -519
1 168 -861
2 39
2 98
2 138
1 45 -172
2 39
2 102
1 23 47
2 145
2 130
2 126
2 4
1 179 392
1 43 -808
1 71 -860
2 36
1 104 820
2 86
2 86
2 159
2 59
2 59
2 76
1 178 -310
1 123 345
2 160
1 160 91
1 17 -954
1 35 610
1 154 297
2 163
1 31 -45
1 142 -675
1 61 865
2 100
1 16 -947
2 104
2 4
2 73
2 111
2 52
1 159 -530
2 51
2 163
2 47
2 70
2 55
1 105 -62
1 155 -249
2 195
1 100 -918
2 157
2 18
1 15 241
2 33
2 152
1 46 -808
2 76
2 50
1 125 582
2 20
1 104 791
1 189 41
2 55
2 180
2 105
2 124
2 23
2 103
2 63
1 33 -101
2 200
2 15
1 140 -512
2 67
1 112 438
2 12
2 17
2 35
1 14 -266
1 178 -747
1 175 163
1 112 616
1 105 160
2 196
1 158 881
2 151
1 69 707
1 159 -258
2 173
1 95 424
2 88
2 60
1 153 741
1 180 948
1 49 802
1 10 -45
1 112 -58
2 129
1 22 -978
1 65 -175
2 124
2 159
2 126
1 162 -808
1 144 208
1 35 -70
1 30 361
1 179 777
1 66 449
1 32 -190
2 160
1 74 -92
1 81 152
2 151
2 3
1 34 -67
2 55
2 23
2 26
2 174
2 22
2 163
2 67
1 188 514
2 36
2 10
1 12 -107
2 48
1 45 627
2 146
2 161
1 181 -876
1 11 -375
1 22 -302
2 73
2 99
2 188
1 145 961
2 110
1 77 938
1 92 908
2 108
1 82 -110
1 94 -919
1 137 -329
1 75 244
1 169 697
1 40 561
1 172 310
1 15 -113
2 190
1 38 -616
1 128 -879
2 47
1 174 393
2 156
1 1 -222
2 154
1 133 -457
2 129
2 38
2 168
2 138
1 74 787
1 92 800
2 168
1 187 -411
2 145
2 84
2 194
2 49
1 56 -420
2 92
2 118
1 137 492
1 52 612
2 30
1 168 761
1 89 -35
2 154
1 9 854
1 80 -53
2 176
1 55 11
1 174 676
1 147 580
1 190 -536
1 169 -351
1 122 -745
2 109
1 84 -925
1 90 -797
2 87
2 14
1 30 214
1 81 -824
2 60
2 56
1 139 956
2 196
1 31 565
1 69 -531
1 188 -689
1 112 193
2 40
2 148
2 139
2 11
2 169
2 56
2 182
1 57 -305
2 73
2 141
1 102 65
1 187 -919
2 142
2 194
1 71 77
1 166 -517
1 168 757
2 97
2 171
2 63
2 25
2 66
1 11 310
2 189
1 135 159
1 172 746
1 108 700
2 124
1 158 -765
2 157
1 80 688
2 184
2 13
2 64
2 30
2 125
1 199 -165
2 162
2 55
1 128 -812
2 168
1 88 -717
1 4 -126
1 162 741
1 46 -941
2 136
2 137
2 70
1 107 -39
2 128
1 38 51
1 9 702
2 43
1 142 5
2 143
1 159 -181
1 116 239
1 96 -506
1 35 -745
2 12
1 139 695
2 177
1 13 -400
1 56 43
2 143
1 162 -397
2 81
1 43 601
2 69
1 69 78
1 114 -285
2 200
1 97 -54
1 56 -618
2 46
1 2 -767
1 179 142
1 52 -296
1 120 -955
2 23
1 52 -244
1 149 -769
2 73
2 163
2 23
1 90 -991
1 142 489
1 108 -482
2 48
1 101 439
1 57 -179
1 97 662
1 141 -3
1 21 794
1 7 56
2 173
1 25 -401
2 133
1 138 118
2 23
2 115
1 161 -138
1 143 -476
1 139 -42
1 82 164
2 125
1 5 566
2 123
2 30
2 182
1 196 342
2 118
1 94 880
2 185
1 129 449
1 92 930
2 108
1 117 -420
1 109 -315
2 90
2 104
1 192 756
1 175 333
2 18
2 179
2 54
1 53 -375
1 5 -704
2 31
2 116
2 177
1 57 -746
1 62 -958
1 62 273
1 163 -372
1 21 333
1 150 6
1 4 226
1 105 -500
2 126
2 12
1 86 -576
1 69 212
1 162 -450
1 148 -106
1 51 -626
2 6
2 156
1 1 -898
2 63
2 120
2 162
1 34 251
1 91 952
1 133 303
2 162
1 172 747
1 49 -384
2 182
1 49 -752
2 18
2 74
1 42 464
2 163
2 148
2 46
1 177 -3
2 186
1 21 474
2 68
2 98
2 38
1 19 -938
1 174 377
1 19 762
2 117
2 51
2 22
1 68 -162
1 142 -989
2 175
2 42
2 188
2 159
1 48 176
2 113
2 44
1 99 -487
2 4
2 125
2 88
1 88 291
1 68 -456
2 82
1 157 -816
2 189
2 116
1 186 -668
2 70
2 192
2 43
2 24
1 48 114
2 57
2 67
2 71
2 146
1 94 841
1 20 774
1 90 -700
2 79
1 45 -767
1 96 754
1 161 3
1 178 947
2 166
2 47
1 90 480
1 35 911
2 185
1 177 -664
1 2 760
1 139 535
1 71 -646
2 18
1 183 795
1 48 -793
2 192
1 127 -430
2 171
1 79 -876
1 168 367
1 133 672
1 35 -36
2 174
1 138 26
1 67 775
1 196 -789
1 64 165
1 147 178
1 145 269
2 177
1 77 542
2 69
1 141 -606
2 99
1 4 -273
1 121 484
2 73
2 103
2 135
2 162
1 124 795
2 95
2 190
1 59 -358
2 1
1 6 -621
2 14
1 152 279
1 71 849
2 46
1 25 -970
1 6 -582
2 160
2 165
2 189
1 11 -784
2 81
2 16
2 113
1 91 -23
1 111 179
1 160 -996
1 175 641
1 196 -487
1 51 -284
1 44 -379
2 39
1 19 169
1 85 -601
2 79
2 132
2 27
1 55 -5
2 121
1 65 7
1 81 827
2 169
1 97 989
2 187
1 70 788
1 30 -743
1 89 -733
2 117
2 96
1 7 705
1 122 -82
2 126
2 17
2 79
1 189 -260
2 158
1 97 373
2 166
2 109
2 157
1 125 -343
2 167
2 133
1 43 957
2 73
1 97 -467
2 67
2 50
2 78
1 92 -719
2 184
1 127 385
2 145
1 143 -861
1 24 545
2 7
2 73
1 21 750
2 84
2 1
2 174
1 46 -642
1 21 -826
2 145
2 110
1 48 -759
2 187
2 56
1 132 963
1 185 -99
1 71 -240
1 30 -269
2 163
2 112
2 165
2 129
2 94
1 94 -583
2 154
1 126 293
2 39
2 70
2 181
2 9
1 165 321
2 143
1 35 445
1 132 145
