3000 1000
-592627111 146784516 1739 714
-734240920 -795070029 115 -591
281492804 709544444 1136 -488
-642897877 -14316984 1313 -988
-45105148 328044369 163 -169
248059349 -918634529 79 -856
-225028163 504538193 955 530
-862718682 833349444 2965 -436
886480623 204595041 479 189
741356914 -605275673 72 929
668237715 -72967300 2789 -927
-787943042 813995228 1315 -127
911777668 203825182 415 659
139325227 537292916 29 -474
-955712594 437510987 2148 -493
-828966919 -184867414 892 16
366564365 954940999 920 511
-780328154 592160433 1232 -594
890266309 940499846 1536 -910
362774508 -518852515 7 -737
451153185 684824319 288 -545
-665364111 177554160 1320 428
-256702107 -424690731 659 -439
-528717139 -440973211 26 512
348663849 -674068214 1881 883
753286013 869439249 1861 631
-992935195 975428683 2262 419
-487748424 -940524313 752 375
-863926426 -898053172 1944 405
-335346882 359441478 1999 -979
239112226 628494008 1373 -184
-809645836 -199892026 301 226
-584770150 -106017207 786 -424
-405430016 83877419 1279 -303
-458382550 596820804 2293 946
43724885 -733266681 1849 628
664743825 -106374976 919 -337
-410197110 -413593730 2947 464
228546401 -397525444 2609 -445
824569429 -632774425 1452 43
-192264691 212139175 1394 -493
-609643242 -809035788 1336 101
-330348559 -272752432 2851 -627
-559753172 385413781 2519 -454
-446736586 632826157 1966 -308
-363482567 -624312929 1947 49
-823478223 27505930 2536 -111
-864192172 261252419 1224 -529
904458639 20856779 288 -988
-114521708 681861972 514 98
-249290728 599433904 139 17
-534065873 -671786703 2672 301
-716762275 -102152840 770 346
-408676760 902283173 2037 879
791171047 397567523 370 795
-334688285 -584665771 1033 -342
244334779 333356489 578 -514
-517279375 17648765 767 445
-515523847 -105321378 1579 372
-336547926 134643440 204 -272
471669020 387746369 1765 530
466715063 -897567317 493 850
-715051370 -889516729 1776 -365
256214640 -737089978 1972 511
540651525 795710714 1994 863
-438956494 214693230 53 -184
234484488 -928352466 363 846
-531698475 -149117306 1413 -557
480309663 -338765973 2802 36
-335926237 -674173910 13 824
946458752 903825777 1788 -421
941685824 -110233718 466 202
810312855 -336240923 1501 498
-711298171 -517196755 2199 348
631264319 -295453693 2050 135
-384601198 940243389 2423 -821
93315165 -372561204 29 -586
-15726126 329286186 885 151
82887236 -194902229 838 -966
-751837563 -963370264 2754 55
980095742 -253466678 1454 381
-129603339 -351441574 1528 -831
664392726 -675778359 845 462
47082726 265806065 2597 889
787574006 -576796210 2550 -105
-514552926 -951135022 2607 970
-215531162 587061081 1792 -504
-419265969 -363698584 31 -241
-984047785 460839328 725 -731
-782176018 491281154 2505 -484
-861225285 -767232615 950 -18
719521042 -950020237 69 -529
344149597 -332303373 2630 198
-218856108 488629550 935 -491
-752186919 142596091 2682 568
-108076087 821138081 1073 879
114950241 -86040266 1591 -97
346043090 -561153572 1622 -180
641842886 -321520094 2619 -741
318898002 -66239293 1289 42
-157412422 -862043074 1952 791
-71824744 788753496 482 524
454139073 192769177 1673 -837
-677360954 879075753 1335 81
108261381 -205906292 2947 136
494370524 -697098373 1566 777
673049033 808159750 2381 906
746030094 781719046 370 -177
145993981 -673160155 571 370
-464211275 -770238267 2016 -636
644950687 -891230394 1721 283
476354292 -690397935 211 613
41000306 275964969 1404 -433
423920393 -323700995 1244 -783
-489903070 -312247244 1267 927
559681901 -589267308 1399 702
-1576040 932388610 2701 -19
-830501520 -414777185 637 -371
526154213 637581095 778 197
870978061 551682850 637 -498
-998941696 761597356 1730 111
465112820 -241932767 154 713
-241288355 -969379946 788 -898
-643592960 -346198006 710 -46
892242219 547483533 2981 -235
-879671060 -233737610 2771 -975
973848597 2183308 1413 -416
335528856 571084364 531 537
396068090 334844056 2832 -61
-914503669 -436041680 1498 188
270083224 -892448204 2429 -743
-808265749 -314939189 2709 -889
-767322872 -972306952 2225 -268
444416696 879911086 1560 319
600552278 -373307398 2311 479
434802563 431446043 1872 -177
-40029341 -312268577 2402 -80
758564323 -572500830 362 -137
-312399074 396710173 2493 378
907127544 343481641 2210 -636
496685515 -838470559 2732 664
361427102 376051738 2995 419
-513502830 733697741 770 -226
-759014673 33292642 528 -87
814494577 160770404 2545 564
498532409 17365514 1240 790
763852511 761901047 2208 -864
935720268 67292661 1556 233
-313710123 -987826438 2302 383
736592904 -684599961 997 766
-973306266 554762616 2803 -428
11510640 955830439 1111 -59
-372818833 -454695382 757 232
-718834873 -320566805 2750 -365
-914307542 837680626 2429 369
-339839184 -874294172 867 880
-982833718 7476374 2789 569
341634987 164255005 1046 -312
666694004 -880267090 2199 915
894363002 -102866963 903 637
-477918767 250796009 578 -657
986197789 -446109505 1962 -344
-250091360 261851328 201 -682
-627285070 -207279053 765 -653
-715491123 -650597915 967 -742
685122658 393665008 1619 -59
738426293 -442700842 1507 477
-217124519 26430205 2118 -390
-27399972 723520448 643 -768
847993179 941663588 1883 -263
-696295786 -236998453 444 -170
-914578019 -195537853 2173 782
405163171 -731078265 2569 -697
714220806 450195344 453 -726
-433648057 999873390 1945 239
-831512440 395558393 2613 602
703662440 -581933224 2140 -224
552607864 595325517 1288 -121
-49088645 -42493147 2364 -467
-362529592 292509825 1080 -835
-383416944 -5808652 2805 -13
-567640704 501102055 2609 652
369835382 900795933 1850 -762
105723235 -50900511 713 -688
332203205 321694461 648 -675
-45137424 -912992593 2989 624
154728631 -849289183 2453 -575
225007536 -167095734 979 -40
-954346126 970765441 936 600
-789936637 738248998 36 -827
413899929 -535136050 1109 130
465150357 254024403 363 -1
59610964 512777400 670 -852
780231899 326633134 844 772
-599781638 -8286730 441 -84
412714856 182456077 45 -197
-473492845 -580865671 642 -192
-544141266 554413517 344 -651
844681448 685377471 1094 -666
56877485 -304390131 1276 -982
-766840257 429078853 2404 30
431442470 -856841102 1487 440
754216230 -811241280 2793 60
32735636 -959164501 1106 284
-974262785 366057907 2776 -691
804792923 -630338951 2446 -8
229875392 -358076786 201 596
886407722 -314474065 1954 206
-968780803 931802008 286 203
-6287361 162877683 2983 825
801333855 -406237043 276 317
-930578458 -502618654 743 -143
-207871181 755461439 2508 39
-913052915 236878385 2294 -180
-71041 -510976966 2540 -550
-916830665 335177488 1592 252
-797326776 -547687038 2455 -11
876024714 877919795 1463 -910
648720114 768553307 566 200
94370170 -385502316 2497 10
-856490771 -380114801 1825 -408
-698613086 479134033 2791 -291
116735944 -489373787 266 -375
-840871060 -689574572 2686 -278
-435514 -864717781 1669 -811
727379757 812845534 2368 663
-146204494 -120127424 1481 -468
406480802 140681903 548 -419
442590860 -404506290 578 448
-464832801 364346900 1332 -478
-338173544 -364435892 845 831
-654951103 -529833507 99 -26
-344824623 639778768 2509 -776
802482765 237387467 2813 50
299874476 -627680650 2026 951
-760600184 -998932486 36 -487
532150847 -692215912 1443 -748
-425133928 -834100587 189 -784
-749317172 558178709 1940 969
-249045955 719151245 131 -221
192234162 334012261 1904 -648
-944081805 -360719432 2453 -705
-346361897 897082045 179 -662
325428150 516288868 2601 415
-683634611 744291823 1349 -844
536127416 305113362 64 -467
-618104037 -573053131 1016 -991
922172599 728114468 1581 -652
-105673614 599851058 770 280
-477740285 714497353 2336 -165
-707013489 973245106 2359 -589
769782355 918184450 1661 -933
685363726 -469601784 2258 -387
342705467 185010906 1891 36
-32018427 -393551066 49 -840
-792168297 -139112306 1688 -995
689672629 936156916 230 -921
-893176103 -782610590 2157 -347
-335022485 326154101 1113 126
-814356001 -58516131 428 -963
807023329 -70581127 200 226
894462150 735472704 798 726
-758804871 -347576548 1046 370
-423338736 -400175633 452 -215
709344780 59991145 1568 -908
43004272 -463622653 1510 -745
-980635382 -842487558 372 -552
-147474982 604289178 1982 -161
127512244 61517306 2298 -121
624566982 -122642685 2609 -27
123527113 -646499706 1373 -868
-853539721 -372060604 2726 -684
985609359 96591316 2042 -216
-281911830 582295677 2924 -938
-235682433 376017795 1342 -145
172577428 75149542 1438 576
-928146927 599233765 226 895
771378026 907694030 2678 239
-789266255 -613833238 1685 99
256427577 541288457 108 -982
-215934898 723490259 1409 687
-145535806 916856484 15 -402
-87119779 554082077 2859 954
-723349075 -646440472 427 -35
460573691 -270067102 2841 -323
-215117932 57603469 1493 -165
-645755746 -571228311 1385 445
779573996 724626047 555 350
763757496 673774164 1494 -935
-973359306 397225027 595 -197
-259120851 -184546799 911 550
-235554086 -375601837 1974 -190
961013739 538413112 1143 586
232308090 -973114139 2701 -794
455575464 865647188 140 -580
-765857795 217572901 810 -534
731370172 911502081 1972 -181
517432453 -297027121 731 -368
223486499 283806765 2713 629
-645700333 267723559 2695 450
193578955 -439457660 710 -47
830150587 -230230790 191 -999
848333024 -913355377 1592 198
951842884 -702450561 2677 -558
-975512454 -613390711 1413 357
-328096965 -161416658 673 -984
-843016163 510569416 1130 -606
226403123 -85593220 2702 -43
210689590 -710069973 2136 886
-950432175 -441717303 2332 -891
471909759 647089748 1063 694
492150774 -31853745 903 136
-202084548 936598100 311 -428
483391483 47652030 777 835
-249498641 332324587 1455 159
-964463926 329600317 91 124
299110387 -270285502 48 573
669964067 -886019136 862 917
-718278800 903241678 1443 128
924066790 694758406 1093 -529
372489992 466297929 1157 905
-607956295 -582239852 2726 124
90099795 490307121 2427 339
479171165 -428794700 1992 -805
-980576340 -680302302 87 363
-700227843 22863507 1342 80
-45786154 318383329 1453 449
-35436307 -363574117 2398 -618
193924720 -612249949 1409 -270
-141904626 -677394422 796 656
473716292 -485936673 1524 232
-534335408 -523784904 2854 635
-454518184 574871020 2509 -786
-172638503 -932697984 558 -852
150218231 -851258002 1582 60
-839028916 -88277741 1505 94
-830216152 981465359 2799 538
416763354 848821803 1501 292
11554273 -255473489 213 45
151904035 -331051227 839 -460
-460245964 301919193 745 -355
-864394688 -119542026 159 -528
250441334 522796418 1070 551
-722951337 -905945686 1554 -49
-214582990 891155121 803 -290
-281541709 -248909972 2949 -212
767102776 -83766520 1569 263
-443319220 -135899754 2034 -236
972849492 -134475048 1986 -151
970170593 562414249 131 -758
-309715148 -801492065 1848 -704
-533279598 1080265 2032 431
-57570672 838147432 845 655
405313133 561366790 1158 -439
445007102 845087079 2870 496
871731185 -434366776 1773 658
-763472167 -369399413 2895 -117
599976243 -758359061 1111 47
-684445848 773745326 1672 -716
147325873 -358639780 1421 748
-243200802 101388910 643 160
-438507759 -991698413 246 -47
98425435 343997764 556 -566
173158648 -977523474 441 -33
644078314 514363659 2048 320
664889517 -984488215 895 -754
364030148 650773686 1315 467
968401578 -837608706 2339 -821
-237573326 197068125 1886 257
142059232 -564264205 1803 74
-319781266 507022771 2395 991
-127364451 603568424 2368 -37
189289314 903773475 2342 -816
271086276 999212115 1966 620
-245991931 -482851709 2354 939
834619790 344088672 2039 353
960048438 118377383 143 -56
-239748258 519248002 466 -620
679433322 -963734479 295 750
-205781976 -613571856 5 -853
-706954972 394156581 113 -791
-68147809 -617223275 1400 -63
660543260 4904454 86 -250
-471403327 -340271128 162 -231
-435884863 476465975 1330 249
-221168958 -43408181 713 -492
871261144 63570452 252 114
765724881 112465461 742 -251
86431120 864077040 762 -700
659869634 772469567 2398 -530
-23696800 -631192906 899 923
-221921949 -327320840 966 -884
-885792489 -900883202 436 -490
573236375 -43996794 1455 557
289259038 118741341 2812 -92
-445223073 246222738 716 -527
568754407 993429590 64 642
-521208240 -552784954 2245 712
-948612883 828914945 2371 -973
347512113 -412197525 1637 -13
849227699 192069610 957 137
486420250 379794613 762 386
-53066526 -344367715 838 731
379662521 32641026 2597 27
920329846 370735343 724 344
-557119034 -558855032 1621 284
776888888 982102414 235 214
-835905760 194461448 1084 -890
926620872 -468505916 75 462
-7725826 -431630422 1245 -863
-23183400 617611250 127 119
408100217 -91597723 2847 658
-782573229 -781501410 2509 728
-524003164 -28571387 1579 -166
-502422339 -716547482 528 199
-744560859 -308834146 2015 -167
-469448223 901397198 2217 -530
-163863110 833016016 578 -731
762881603 -862206084 87 -654
992687710 -823661827 651 4
576800141 242494362 895 1000
-714161976 286173057 1276 101
167018809 910544233 1432 290
-913422067 -640661260 2364 61
-812479331 182949554 1557 -755
208633952 283025103 77 743
862146691 -27652061 1166 -253
-757179444 -109708964 2403 -839
116381854 -688611170 1031 857
661470673 -961640154 221 -93
-857099302 814285279 2279 482
-426209203 510192237 2074 -675
32849854 -365043977 1615 -621
496250728 -931942457 99 -779
351400356 290261585 2004 638
-739993577 -688280808 61 -813
-691193510 188786363 981 803
760145130 373581340 295 634
951568582 133231427 387 -529
-921933621 -687701708 1729 532
-555536717 -287209503 1405 -54
-631781727 452804796 639 -317
792220700 -153638116 421 -775
631975198 441372610 1128 592
782400643 -4817754 2364 881
-96370005 963005093 1175 817
-217478007 379270279 673 -344
311686475 427604934 839 481
-209776856 -966956309 1622 -442
661893760 -118563867 718 27
-629448482 -457170611 788 -846
484601698 272354161 2357 959
572521665 -723647668 155 -303
-230996987 -252533868 646 756
-236641002 400135298 2429 698
-709081146 -694709202 2903 167
-246129168 -483313716 2127 -134
19549080 -416472516 1472 350
-481045592 699563180 516 -726
965979083 -816009152 204 920
258597538 -73537197 827 -712
-617834281 -513633726 633 158
-229182554 923344989 1658 106
-68887003 -966280657 834 40
-252147279 818771549 2429 -516
-125588234 -290018052 1685 410
-564484449 799225732 273 -94
-112128835 -485104040 2400 -729
589329273 -567785753 1735 -517
-494243867 -125552390 1723 -37
407139683 -652851828 2725 903
-224782145 834464885 899 -418
851836085 -581912336 256 -921
-69647688 -663225499 1078 585
49030699 -346185336 1841 845
236895838 588351732 1463 654
976697356 -214744715 2279 461
962521043 -800388324 1109 603
-963405975 -498453441 179 -169
-121468807 -251005648 2333 576
385074486 -754130082 2722 -74
985792852 -466887730 555 -843
647708648 -869872631 1453 299
-1557566 780218868 1803 41
-903610955 -182392913 2371 -837
-617781171 360588020 2118 -256
-405546409 828127800 50 -529
551042345 86454413 2405 -220
-270404915 57174655 1349 766
313007716 -16803512 2273 -1000
-469320815 364935978 208 -474
527702765 790237082 1299 -566
138707866 221462274 1840 -459
-978444214 719226244 896 -685
362616220 700078132 2744 792
-690557268 157209114 1332 521
329362006 -593974632 1528 -566
796169199 -119188392 1792 -961
44814172 -221402545 43 260
-236419974 -807049048 2665 -729
557370197 -867044770 2073 -465
411271080 825943097 474 519
839337753 347253900 1575 -431
289717833 465107908 1583 979
688079619 952944698 2731 456
-864723258 148069823 783 429
-235281606 294758095 610 -701
-304134582 361521495 811 -125
-29757819 -672899373 474 -479
-230265631 -500967725 1599 342
90176761 567921879 2368 541
-634915866 -21322911 2453 -545
-422333421 985836249 840 192
100621402 319798291 725 -700
712376074 -179707331 265 507
375513067 355760425 457 882
-835121056 835893431 2944 -960
-771114000 -79819189 1024 997
-373597421 765212615 2393 -952
722813718 -632545651 1955 852
-880254467 485086670 807 883
176947769 542337365 2709 -610
642615113 -506360011 1521 236
-818539015 374927771 265 -550
-46370854 720092636 575 415
-35316425 -326580365 984 241
510931837 -630191111 2364 65
-712702713 -510140129 845 578
313503243 514072533 260 692
259928553 -591460197 415 0
441821047 125054495 2005 46
87377704 874096843 1792 -215
-854432130 -905834718 829 -216
337129829 -659799180 84 -689
-200436134 -258999854 1318 -251
652178513 884175303 913 215
-115420994 369125995 839 -577
-818751213 -920138844 2375 268
-414854362 176920002 1576 -786
47044752 145597051 2574 881
308709648 226869957 2312 14
455225186 -134687620 639 -578
-73129625 -612207118 1792 22
-53807653 -190189643 261 -98
781993806 69593750 1417 -835
-524411811 -435243314 1202 -959
-564431861 -182666195 2348 794
907955030 143012735 1248 -513
604360267 -461678137 2464 -949
626552035 -508701461 181 665
-280454564 -267271068 2298 -592
-292995595 -394672706 1994 -169
-406752150 689763539 2051 -966
741137595 450041303 1259 849
293902939 -628977775 1931 -201
477567061 -380999867 1622 63
334918651 -444027529 1410 928
536333223 -753120909 2751 270
-535827417 610805541 132 -571
-324130981 -953514721 303 533
993952935 -48693184 565 856
674688851 -917428794 2837 -722
-262810890 -28321906 1775 -603
983117483 783293203 1180 -125
-35530109 -968931670 1619 608
161936007 124542815 1669 310
866972823 745396110 1150 717
-161719866 -758022541 665 50
353034930 -799306476 109 -490
-578755323 52410140 1413 -541
-295892599 249742566 898 805
-215685585 -859303786 1046 209
-384472311 -603324032 1775 650
149313327 210195868 1573 -985
310259050 341419831 1404 857
-561122907 -669280420 1568 -400
-849120842 -596328853 1067 -845
868856261 -52953517 2754 -871
982487752 -393952941 444 -559
-878456511 825845524 1462 657
948389422 158746081 1917 -330
566643836 -228522995 845 -992
19621139 357434508 1547 738
910102344 576477347 1293 76
539418894 181064800 1504 536
-874890158 -725101372 793 -660
10577850 18127194 1390 269
-575310218 -82498030 108 366
420225200 -283571966 454 605
-799232409 -77024265 2157 -808
651301163 807243510 1216 -199
-476326283 -40031725 1099 582
-19942315 467815122 1131 712
502492343 -102829217 827 -519
-390565877 -502975473 6 734
598928897 -582594944 1765 796
880539549 856111422 1135 -471
551819394 -360337206 1015 -68
203120013 121290742 2850 -285
534256725 -367369828 243 777
70971403 -46260748 2004 -385
549247373 -360460318 206 291
496283867 305414328 2250 414
-647347078 470144534 1612 -70
-456505810 128225751 855 -942
292479458 -553092014 1114 -427
-963673753 346079984 2274 -809
611657587 -22743368 862 -382
260450011 -818383310 479 -667
-519372388 908762289 2956 -932
438214179 -832032056 2294 10
759621850 929206794 1516 221
626702803 792233749 628 426
-54311606 -255195893 2298 605
-635363124 -527017936 1000 87
-766595689 -34867499 1590 805
806848357 475564431 1115 712
-83769012 966251253 1148 330
48229637 990167006 2990 310
-306835956 338068139 2495 -902
252320021 678639067 430 -900
385260287 159488130 1338 874
-276445515 -257006913 113 861
957341790 869690515 718 973
891018043 719137635 2252 -310
-382615853 -249515345 1 -824
-332253797 -998039543 1692 670
-476180729 804275900 2528 -207
133787606 -935395185 1659 314
5197804 259073528 1586 411
614057753 -266393414 2752 -457
-311499114 -743633331 2942 757
-869752621 857073069 1897 220
-62653726 591864471 748 641
221486181 -645399981 1041 -136
-230329579 660626527 1114 -967
515613448 855323245 466 -211
340613500 863045279 803 -200
-577411170 -941363459 2504 788
-324688103 851419033 582 -153
853013986 -474631138 2308 -265
-618372649 619746571 2091 427
-72356533 555644664 1622 -662
-716024902 -756463579 218 302
-98655648 -454225570 871 -481
898755608 -596120340 725 348
421746805 109416003 1986 853
611642566 298663466 113 721
-177014645 367363098 38 145
-162736474 -945269543 1413 737
79866131 -673893240 2149 -603
212506555 114184032 1356 695
461466070 -463366917 1563 -776
-629729982 -869061363 699 -880
-781592235 -46768764 1924 207
260678710 400537546 2462 937
-466714862 -875143390 743 -828
372523040 506417747 2406 -818
260883915 911648839 2751 798
552688056 79588333 2346 -154
-393783931 238578627 1270 494
-596562015 -21608202 2251 -129
101729636 -488439378 789 -99
310927243 902621599 1045 -378
-506280472 133253729 1775 850
-22494198 -95702128 1214 611
-596976006 -928086388 1666 773
154864564 56149507 1457 263
-568079164 97808867 208 -924
588782893 -565086226 1050 503
247545249 -681769420 2148 29
-847207645 -515802023 1892 304
-669525929 -649850914 2135 562
-510428276 -64069008 1945 542
148612709 -492536488 2971 512
-322806944 179588193 2592 -15
195144475 -306343600 1633 169
-470096241 -649693859 1935 918
159043463 413077554 1146 154
848146763 38669083 445 -409
299142378 -635540314 2224 -633
712317170 -707931091 2788 270
185569810 195057959 2522 -418
-85514366 -34897526 1592 147
-77865678 86328909 2505 177
-311688428 624726107 2724 -301
-11174865 844744083 718 741
-550168179 -140659257 1685 119
337059098 -285994111 2269 -521
-596915796 194429866 1747 96
407385794 -403750715 739 761
-589059135 -498854794 76 802
-301937741 878219758 499 601
-803345628 75560992 497 -959
810817097 376727042 1682 -898
-367488383 -168028598 1943 -180
-408548035 -148670295 1355 -4
-814783645 585624756 1066 -311
-599292982 732239817 2040 127
-105682466 852701273 2240 -113
193168234 747523417 1245 -684
-305090239 -621413989 49 884
-76141787 104058119 55 -674
-213291438 -912275612 1346 943
137314503 247220142 1189 -144
294321661 720534516 461 236
414024209 569620453 1462 48
-707909396 -183344308 482 488
-725810085 -787698754 426 873
-602300964 917072884 1504 290
982284875 60762534 1397 110
728809538 -329774417 1078 180
-166991060 -437456664 2799 -29
-983939600 174094923 414 -677
590536648 894185585 1344 140
508804011 307185110 240 410
-191843363 -906432170 714 -853
-763764187 992674323 713 691
557660808 -399808555 2168 820
580844946 381633321 189 -968
18163186 252688231 1191 -431
-214066449 -223402306 25 117
-831539723 -756789782 264 -457
-80071812 191003792 1280 -543
-544794291 -154239554 643 336
197308138 113401269 2217 526
-802139170 -663643982 648 687
479993432 -252900031 922 464
398285069 -635305894 2654 59
797397878 941608993 1735 584
776167374 -99000999 241 688
-727995153 -465251483 1868 -777
548685556 911745221 1788 -678
-584069748 991104833 839 480
590182871 119098925 2354 -511
777071734 -156871155 2896 34
189093182 198252617 2589 1000
677016204 379294129 2501 526
-758046504 866427385 2650 181
-462729270 -330838168 2188 -653
8902665 434865455 1422 -776
-587211733 628009959 2495 -608
-397844255 754965442 2751 714
-601441963 468661790 1742 222
871340955 517369137 2993 286
-427806436 -111443024 2779 403
-820255383 483910038 2179 5
-170851589 353264095 1848 -200
620675155 -799009963 2153 -918
312660224 149217620 2225 -546
8700967 -231860447 1840 840
-970293755 49349157 1503 -548
-225295054 167301075 2558 -33
61231952 335916119 622 919
-989202770 961745058 805 932
-782619960 -501696190 1769 -297
443710158 -279623353 121 -879
-14989292 397428392 558 362
-218211176 164790883 325 789
138745507 365176079 1290 -469
645918554 -732267826 308 90
942523946 -501503299 286 -139
-785591979 -950437352 498 -213
3871750 -908534222 812 -670
4192834 610921534 1966 947
-947894990 32862709 1448 -760
514394072 132020239 343 -394
-440916051 720087628 271 487
192358579 -120659798 868 -303
-414949361 544957106 1993 -24
802732658 -570054630 961 -599
-761336912 -736699205 1534 454
-582673297 -426970186 1696 885
762826770 -260121185 2445 -977
-98033975 -694211933 248 -404
356968861 387955050 1315 164
633380433 -599527742 2681 742
-151620843 591775654 2508 -939
-70166230 158597768 2585 -503
-198213275 -123363797 1404 -509
-64717329 900946846 2148 943
485457037 -16809837 2357 -537
-555028422 696044908 576 -363
441866567 -112947457 767 917
25216154 850320977 2417 -632
366170805 135074993 1888 769
-651864425 -281806662 2316 -543
527374906 854797634 815 -845
365112114 88146155 1138 -442
-69832593 -600339219 1504 90
522249860 -232330842 2339 424
-732764372 -364838636 1356 702
-201572644 -411115668 1599 -111
327684716 -109346027 1174 936
388349890 375212035 216 587
806073053 -203173879 1660 -843
-354726547 -830196202 802 570
-711364402 160442208 2937 345
-287719843 165435808 740 3
-928224137 774323679 15 404
-761584309 874590926 2272 -553
57017851 69348403 614 -886
-695199136 389997348 1648 -366
775838489 989382766 1379 663
939875675 796262057 782 -566
125699249 640307618 2475 299
719156895 447089626 1079 -283
-124574382 338074339 2980 -595
-119369509 422645927 2782 889
-426505493 -627385763 487 -809
987770573 -940069696 1249 -520
407490931 -752644456 2423 430
-929917955 -560875391 1434 -64
810755030 305836137 2538 312
620241124 466980154 2750 -32
485421691 -767632171 2574 994
909922292 -208808988 2421 803
82242289 -321529132 2944 -736
328735868 824623569 2373 -499
-912490831 933420829 1950 956
661934300 -578041126 2726 -576
561499110 715663127 1183 805
323799237 -47500897 2896 -184
-381140523 624827 701 190
-132675497 -265751520 2860 -689
535000599 -462272194 394 -928
700359491 -251197160 673 426
891767660 839148017 405 985
-353384434 -879013023 2852 789
-53866263 911975097 2942 -477
772027112 285156890 978 105
851747388 -326112559 1396 -234
-259333273 942860589 2013 -236
-794301057 -995467705 2949 877
868302479 446388665 190 -65
263526643 -614789338 2355 -14
-993918924 -580193346 845 57
212174702 415820649 171 98
2860380 122652852 2072 -182
-226270895 741127025 1599 818
-708973519 -446348606 814 891
624198729 -971644566 1612 127
-975088264 -571106599 1470 -122
-379208651 771566626 507 953
-907634275 -350175760 2751 -37
-978666304 837937980 1996 51
207818203 625883156 2044 162
-568748709 -368293301 2576 -56
199110636 661550010 707 746
523178081 -10314752 750 905
760215 -558405655 1528 627
776278755 -726222234 873 -719
-674111405 -396626736 548 -33
-667999541 -497050931 2504 -503
517835637 175133688 643 418
-683707809 296144759 2805 199
179415342 936778036 357 127
-660694182 -991177621 1974 903
-880693144 688654251 1164 -693
294566533 -924752718 843 -439
505399099 -92538537 429 -704
898503542 -80572392 2592 126
116426522 -571438711 306 553
-505280229 111604294 751 584
-561405882 -76668502 713 508
178081895 -583287324 76 922
72806956 327948336 1851 512
-198673312 -471815966 1143 474
849099107 -913999611 29 603
-469770401 543038854 2974 -181
508099696 866329972 209 -781
913520681 -833261752 925 -987
160384143 -566422420 823 300
-534431253 -575858259 493 -353
534370036 947562124 773 495
-841847307 536433135 1527 436
-131051910 -754737772 2501 -119
-552594763 -799936955 2343 -90
-734769705 231532630 2354 -411
505776805 -405175527 2310 948
-335294019 -897472317 872 -808
-931449160 -764058290 653 731
809883804 343724707 1404 -264
422521494 183026734 2537 -388
-932614686 -991665467 743 675
-386322029 488200246 256 -942
379832039 -222603703 578 -423
-723348082 -194134232 1431 515
475636229 86488190 1856 -476
-830164368 -7074804 1988 797
324067974 525364613 2799 -335
-326660291 -163399392 1924 986
-434867191 12792841 2300 -533
-867026306 -91444821 1454 150
-200129459 310644565 445 336
-108136400 882457670 216 958
114545994 -702635155 1941 168
-286308870 825781805 169 -642
77249262 -120927522 1481 -45
-72342363 -388058992 46 -240
-619528658 540494656 885 352
-673726548 -311392441 1191 -149
339025960 640861522 2300 773
-34748594 16341001 2006 474
-899119058 695530826 380 667
492952486 -716552194 2597 -562
914499155 -663416451 1356 615
968330599 530769519 1504 -335
-82635888 827466803 2515 -506
-958714376 -53536908 2414 1000
335894093 -133730243 1619 -917
422475410 746682365 2270 403
-447365434 -321270333 1161 -541
658798559 853204175 321 -847
262045878 771002125 1604 -405
-613972500 464968909 2156 -844
301903241 604370033 744 -488
-136067373 -761155015 114 920
-17494307 895424073 1404 -322
-499552989 467913189 286 -525
-139519983 882984577 1405 -888
952921775 -53140816 1911 -362
-859841657 388745733 659 -578
84561979 -83053744 455 -865
-791341461 -976436207 2902 -899
562522589 -307513764 958 755
-882747002 -593680509 84 -76
-347481432 -100983725 2143 854
625208393 -457022846 2910 -5
428916388 -196076711 1834 188
-346018998 -876704215 1454 184
-299208799 -340631771 2257 -417
696619096 -285077739 2539 971
-857886383 -560770674 658 477
318808326 -796573318 169 341
-988402711 674077995 2937 423
-411426205 374365584 2023 390
414490520 -760491695 2499 -475
819839086 -557319412 2554 74
374163731 528802077 2984 112
869519638 -28228967 762 -125
542968464 173048003 2957 -537
-356784719 -68784754 2985 755
-997883999 672713604 1765 892
481265407 589266839 488 249
-518521242 669858811 2972 944
-669648546 -791051510 1572 437
-71499913 11370537 2607 -331
-142292366 -924860238 2184 947
759481133 659709457 1495 615
59742193 -994693882 1552 -713
725233739 -953653854 2788 -386
-961532546 281542864 94 845
-90666997 -628132399 487 -256
412656427 785956464 2084 -261
-995729049 -918221786 2547 43
-375073572 813133449 1507 -949
525318835 533117369 2131 -102
939173093 73618305 2599 738
-505548102 -796105485 1890 869
-151261390 989957875 1000 -228
449754376 760303550 1725 -427
809486061 348132890 232 -970
-156760686 60410502 1841 493
-868228816 490799 1875 -384
-204986825 -143200202 482 -612
254352769 432343760 793 789
-975432612 480952801 479 -740
-430683118 39863978 313 -832
309193441 510843831 2597 144
-629109428 977171555 1230 49
-470947388 -314211354 441 384
-291432852 600149421 2633 349
796510840 781329873 1518 883
-255088403 244223454 1579 779
-65682235 646024637 984 -169
40063812 -719998201 1485 253
514917828 -751036660 370 -961
-353761645 -479700229 1130 -958
-142764894 328648147 1233 705
156685075 -787249307 743 619
-522011736 -20729890 2573 542
192014606 -473181489 1821 229
306200153 -379101770 640 741
109642245 196739702 370 792
-142788626 -935454078 2971 74
-168081526 917281999 140 -382
-949762694 699461067 1449 719
-83756040 446744695 305 -249
-33474216 29240024 2764 -818
-345363902 23873833 341 963
113925394 153857409 2788 -540
461652862 714104996 1938 649
542207218 502392928 2450 -454
-103752019 452425653 1353 -345
-736254286 -162266549 2015 -795
330307853 -696839748 2807 -698
1128875 874640951 286 -892
536236812 -639628635 2871 -248
775077814 -251900992 169 217
46965392 448707918 2864 183
19104542 720790441 15 -768
-392886574 805877746 542 290
82213177 946791589 2269 156
726826215 -666260454 1241 -531
249406769 -707795343 620 -711
-490038433 -112247826 2121 134
773973858 -473759167 1602 -436
-119052906 -826291375 637 -78
384693363 807671464 1042 -430
-223314830 -942578851 2091 559
79506845 730316791 1210 850
820008557 312886261 1840 899
37796056 491096695 1683 807
-6932689 -376656233 2762 252
676909422 -960697787 895 -79
-422451712 -77406428 1740 148
944490086 -489773055 1295 535
276232194 -705046512 2577 -560
324828907 -58838785 402 -678
527847413 713830401 812 -861
297632026 -137937656 855 621
994138727 72138189 575 -827
-795279244 749782900 201 884
806592940 394044720 895 -152
694848690 839085904 133 826
-27623988 567539529 2107 -681
697494093 182831083 2152 618
-932209783 706317628 1364 153
-890773306 -247865545 2864 -314
633472900 -847137986 1018 591
601774602 -267366560 1201 552
-542604974 406776394 2450 -317
583564898 -580904869 2252 -878
-517045907 -64160946 1242 195
-136350246 321391428 2702 -637
-629406352 -929563857 1318 950
-896300490 -351895015 2405 -350
-50455784 -564113070 1708 -651
-777132730 329373100 2251 749
459525393 426760377 2095 -405
621957237 -913652227 2755 288
-829413587 975557938 2790 364
-296915957 -932067262 1342 171
-488231445 -551229954 2393 853
-485366550 -688389456 1507 488
176681209 176838965 1180 -832
179708283 956279284 837 123
695827026 -264306757 2727 430
-920026924 -125626475 1894 492
-963594478 994004640 602 -362
-263243327 347039050 2877 622
-682130958 148067219 1854 420
-139821989 -135092880 1622 -141
315962109 223237243 612 555
-721968790 -663710733 1805 -817
-267717148 920140817 1118 -379
-611594189 -537071757 7 866
-144641882 200453373 726 -303
-950067423 -46413234 1506 -353
-918083520 -681707083 1406 -669
686837925 189032839 1868 840
-434396894 -471405867 2884 388
685452322 -239082806 2896 -628
-216428648 665909465 2888 -771
-474081043 -801885241 1579 747
-928902504 262058219 2051 -38
-9632611 -308666223 540 217
658304790 -328787656 2196 421
-646436253 -934385890 50 576
-878873843 -854500246 2877 221
756715129 168900058 81 -368
752123391 -672960309 887 -559
649611699 971322805 1633 -986
899605484 471540312 113 -668
-701098992 -523805555 2877 -841
624004822 573030058 928 -185
984325266 -343667841 2536 -75
-292070581 780669582 1336 34
767858084 -454597085 1504 429
-998793429 -341069098 2165 161
784103505 193559916 2203 -374
725820292 -380361794 2675 -707
-88661306 207751433 1988 430
-486225860 918021351 999 686
156319657 718558206 576 277
380632170 794972867 2787 441
399564726 379044716 2323 -159
-290508485 880081192 2393 -755
142896937 183857835 1143 506
-33835471 958862452 2099 479
-911292259 364311216 1495 702
326151378 -487773601 827 -802
-720086523 -236356519 2592 -474
935367946 -430752043 1788 -813
-968376182 -328541990 2166 347
417450966 504283456 2213 -513
636326505 264586928 2573 222
-872554960 -468318158 1709 -660
60059001 480409468 2655 -648
-15342371 -796085841 279 948
-872521458 -522271266 1672 -776
-863982042 -891138608 1528 61
125486033 644063399 1093 -117
-821407594 431348795 709 310
337301822 402840256 770 880
-217283089 970744633 2253 950
-37258666 -345012472 684 -821
-70723195 177339511 29 -675
-425771689 792104306 2873 982
-335865439 625418246 2877 -926
-509199482 -795711498 1888 -82
-302619078 -614463347 1645 -793
590700430 -722294861 192 823
89849338 -304284708 1071 -806
-90733685 155032175 1283 -411
-477210931 642944861 2821 -553
685338516 43493061 2520 263
674494484 -805385533 1284 -703
916872116 164243145 1025 -557
166810007 260350770 1836 -929
-279259786 -743074612 2849 -502
329421166 -589507573 72 -641
863754902 -327186319 1007 100
-492582822 194841492 2631 669
-78836284 768621842 74 92
-239308932 -501726195 884 -956
-780073068 36820073 582 -747
-960251625 -493625251 1988 472
-90078623 16069753 2364 947
112795195 -998414720 291 556
-535020650 -318893759 223 292
-687866340 269691726 1358 431
421201196 590730447 2307 -92
-424420437 -503170773 924 -972
646644758 383929842 2068 617
-142762452 -211442843 978 -542
-759677576 -822167148 1789 -920
897014725 -6985367 2892 -995
-436686623 -192599898 2029 578
225009409 598538598 224 -692
-289451326 -649378538 2197 653
-706439081 992493796 637 241
43908686 -800319191 1444 137
957954490 -879372106 688 284
886535825 333654328 811 -265
-377355035 505832258 1166 -902
302141790 -456957119 2495 -38
-505277730 -76468543 408 -26
-647627529 -596758347 1078 -794
-8739726 351664167 706 -100
-941182453 102779349 1859 179
749201572 -416728816 2197 622
-775309328 170541718 1175 -214
-629258070 -627801796 1814 -323
-49665591 -226658388 1493 100
-287493324 -436615010 2884 -205
620684222 -606979529 1016 391
943352244 314054605 1394 519
720493845 736220138 546 420
769017142 953824768 1359 -251
-592560325 -166732053 2082 770
-204896633 -524584692 1883 598
173864704 -242062361 1381 -634
-696033000 57283581 1763 299
153063496 -939175835 120 463
-434750207 604148675 878 -624
-25501863 -39301613 1913 -886
642879564 535398620 84 -514
412295944 -976856891 2433 -778
75038248 979732745 2574 259
779545659 -42804098 1982 203
-52768884 381605894 1717 -914
-301806102 872289587 1648 647
-619448891 -93508724 510 721
840434897 273994841 143 944
42843210 -173850127 1648 -890
275789385 984212292 1075 -823
545233749 225675027 2303 463
-724628968 836549664 2357 450
78812709 465725293 1439 962
-335184098 40133174 2985 -172
-843994358 826597496 2378 947
123147477 -879838139 1108 970
-756134900 -994506119 776 -777
-632274905 -337218208 2645 864
633126313 925062063 2628 829
-246127812 828521825 1972 367
187161903 -461876988 106 56
-573051651 719951615 540 -940
-310795445 -535132477 2501 -448
-805539924 -705762472 613 498
911723003 -910118728 2541 -3
-728805267 -883286584 511 -682
365276459 669460231 2425 -57
749137425 540996776 1861 471
877105677 448892708 1599 -640
195165395 957519185 1167 843
-848080533 -965473268 1782 766
-684376488 -911380449 1094 -67
431957422 80786743 161 -586
159601858 835853801 279 816
-832615576 751377958 1470 17
-881382244 -571557495 672 956
228237676 -128893614 944 -380
-237717663 208914930 2024 -826
-658499890 -920447569 1262 -57
-628248482 -83930692 313 -187
72803027 -310358491 2551 681
-557839865 -284891794 1599 754
-566503526 -417475260 1066 -420
705403348 974274184 2722 314
101497363 -772649919 750 -732
437719755 594879122 1938 635
922669022 -539220390 246 -271
-643667187 283144636 172 303
-98145882 161774592 911 320
235325799 -102837166 2858 -412
212851251 -29332675 2882 246
-976121711 322540999 2176 -448
656328355 -955706864 510 603
531755886 -353584000 2268 646
41770084 -506762032 1913 -67
-777898675 104863389 1439 381
250508169 922030840 2899 853
-838955718 552225738 2079 104
-926689566 390729429 1555 174
-44386852 -932233310 2203 -704
-9961970 -385770025 394 955
-955455399 506117174 2525 963
953299856 909656477 2685 840
455900045 153175963 1791 400
215185792 -910857245 823 -916
-136304405 1300589 1955 810
225935898 -409267867 2311 -833
-881470762 457800109 382 -223
-133183944 559567242 2873 -764
-911763834 -24999723 623 2
-862309952 -78238022 1146 -207
-15820158 863800857 2470 717
661353496 -194819888 1523 598
605884768 94882505 2152 -740
619373553 606889566 2174 -688
687285230 -725856691 445 -558
-776939530 -560135021 2836 -6
75946909 842471655 1870 -710
-131721461 -871279839 2293 836
-521658383 214028203 163 838
-519259548 18674565 1794 761
-828761165 -380014753 696 658
-867723538 -996741660 334 680
-61767773 876208540 2124 -515
911869771 23343456 1954 349
34556233 -777296000 1211 -286
-272881846 -544930490 1898 948
690648116 -857005775 1616 -684
-536130996 241648282 978 779
-727932497 893311488 744 951
536999257 748893041 2952 18
540852452 -354648176 674 448
333386708 -755466506 1213 -166
249840026 871999275 757 424
-951035429 -986395417 1891 53
-511944506 48561167 49 -505
651686171 -81007830 2680 710
-815564334 -768572321 2270 563
160089392 -930182750 2004 -225
-376184018 -468437556 2024 625
450830830 306142291 2362 -886
-827146332 389842081 461 -913
-72678888 -499896270 1701 -784
621807162 815856293 1931 987
-941314353 680979517 2872 455
782869457 32341360 1000 248
163987671 696969518 280 -79
554916352 462840553 899 81
587608541 777528291 2803 767
-462742322 821680448 1861 71
403845506 -446736954 1474 512
-288542909 -486966138 610 799
-897411769 -574930172 29 733
-857262447 666506150 1598 -909
545691706 166789364 324 -185
874786962 901566420 286 325
938357546 -517013605 2876 177
50649595 891580025 2701 552
-417996072 -766700834 216 456
125402416 -542490299 1791 -522
975012001 580559551 201 -898
486756369 -185142777 2355 916
-336601288 922594011 2812 10
613823435 -735776838 2495 567
95200480 619746453 1099 647
993302009 -432539225 1922 -657
208461139 -147139996 2782 -150
-5518314 -7813521 357 -602
888195606 747329601 2047 -864
294170077 -408914321 2208 -320
-233946636 -813318701 343 781
-102590694 728917006 819 -93
672590845 493623867 1484 729
-740127979 -54022251 74 512
143619876 -582387324 986 931
937115231 -57602590 2360 -411
848508295 996600606 2661 128
817047161 -467201424 2399 243
-726555159 618484302 1789 186
170619815 13655729 2675 987
915723769 460373764 559 -684
-727273375 301922504 2997 672
-971518223 247351487 359 241
219295065 723707124 943 -843
708385050 745297218 185 -904
88172082 492917568 61 -107
711697735 205251645 288 -254
-606398687 -519978983 1244 838
769814058 844091094 138 904
332922839 305772663 2474 -710
-482902705 736472116 984 707
-176728983 -52311119 1080 510
-343142284 375132194 829 -297
381501220 -59679313 2381 819
891062207 -845763265 335 857
-341297857 -783493406 1393 562
586625537 -257966014 1891 -85
-918548397 -734658882 2726 -494
98304328 -894670190 1364 -319
411487128 -372215831 241 981
318173239 -607657958 2036 446
-59973415 -815992736 764 -363
-910188826 513241571 1751 -597
11298759 -260369633 2821 -403
-175780850 -892075862 2720 -97
-665446246 -570550129 583 -319
850200845 543836952 2225 -941
959385255 97568434 2592 -289
-431505553 982406134 315 -676
-397772435 -990890347 1931 -491
-842989423 747305230 2656 862
520737083 783970783 2568 -193
490092364 317917209 780 0
-675943392 953445038 955 175
431003048 -971986378 286 -608
198690969 534736698 895 904
160807831 -241789489 2932 -925
-487419239 -458516898 1690 790
-964669537 -671338348 2495 473
-735321069 157989828 2444 441
28820013 -923507582 985 -971
-235822650 500685953 2139 -302
518909974 -429263463 121 349
733130722 214324289 2498 242
577293387 865854508 353 -902
-443050797 502509420 1760 223
-467238521 657335981 1926 421
681636834 85067006 1453 48
-827529163 618561607 827 984
810866626 638458579 800 -413
-510896425 641555566 2929 -447
-116732517 765502227 43 74
49057988 -623744850 811 -29
-989751729 509803757 1140 886
929553125 -220582167 1652 764
485256872 -358237869 2082 815
-156008870 -529574095 1841 -367
-19493581 -717905269 1131 795
820876851 -952079663 507 -965
-963351357 806759397 2097 868
-97051767 807391869 2886 952
307368754 678023696 2458 -812
-597775084 592744516 632 -243
-677299877 502085266 2282 202
-729307445 -30050951 2030 -526
293338509 912844047 1136 941
434483278 426307366 1058 -281
510081249 -993552479 1264 869
29049438 -453538551 2546 921
-563634309 887462602 725 -122
923945002 931489843 2913 -233
-128542406 479890585 784 184
600136069 -887643506 2392 666
69574704 -722260925 1093 964
-359486406 -348263742 559 -355
435431290 273069180 2555 -444
-438713726 366883079 1931 -937
-867628480 177857587 1773 395
-606089894 -259000721 2539 -398
-699185786 551306849 1292 37
117434619 320599997 1386 -734
-248820718 -531640793 1258 826
974674654 797092520 2852 922
329488815 434832126 2175 -837
586963006 989444233 2423 6
865512345 -376924817 1599 860
801619412 -235159372 1201 -360
408473397 138051721 163 -848
-637193290 -595230434 474 -622
450534864 338030726 1920 509
510893944 652525686 822 63
478153256 -49322470 1769 162
998642986 -660636089 582 110
-364290977 138695568 510 257
898001290 -982347399 845 721
638626137 -489840749 555 -990
-746793529 -83820308 2751 454
646173198 -391895522 1437 -996
123796742 677844549 2976 -731
51312429 -755796297 1402 -960
552401387 -940097452 1658 778
942279185 -155913904 1825 801
-313550776 -834616323 305 994
-284913269 -229257224 1174 -13
-455855823 -953087588 1891 836
-716974238 -112657768 1935 -258
-122822792 373976652 146 -370
742188970 890029103 604 -636
-752447072 963218176 2937 604
-320998364 -72774589 672 -109
945056076 138532735 1463 -682
-80837548 413593150 2003 -90
-126844430 -171554456 629 48
328940128 -152257620 527 937
841963326 531358683 329 634
-663460079 -519737444 450 -851
-271405593 147472599 565 -798
-375105951 122577908 14 -191
-69186164 -553019713 461 -293
718390070 -24403929 1875 -526
609491615 575587874 2325 111
-744017204 -684359376 1805 -67
-263682593 -944001321 1265 -96
971302263 870961285 330 334
-420328088 -990691612 1216 930
626927938 349331364 514 728
-237605730 -689043991 2894 19
-392871153 672295694 1174 -50
-657179574 587338320 1227 940
-552017484 123265481 895 -792
-247109405 58323691 1928 -951
222749001 9028207 671 -941
104174408 -184642089 528 577
-593675308 -62807160 1814 -573
841489691 -49138398 2401 -264
-412127874 -293561366 2149 534
-845404137 -154917036 750 -440
587779667 927758846 2466 89
190963076 -430286280 2368 -981
418904022 -905744155 2418 391
198370658 916030275 50 -223
545724834 -79114191 2005 -1000
-674017612 785230271 277 -888
853249727 -809201412 138 -215
-331695650 565513244 1908 644
306007368 501406178 1986 -778
461312024 -465259519 6 788
701654134 615909268 558 -942
806537397 -554438477 1344 -357
558704011 -678170560 1707 653
266522170 777908752 1327 -875
-640383279 950338095 552 -586
-711408118 410501022 833 704
-44337037 -637000663 2811 722
789707677 -948357098 2035 654
-237974170 26762528 2277 173
994257643 341524174 1517 357
-608733738 651194120 2357 922
-402052401 986497784 816 -608
633802625 2536868 1994 -7
-572689457 -49659236 1356 812
-60436060 -456482141 2668 -1000
781617105 -836084808 369 -180
724193088 -709496688 816 709
207007025 625299575 812 -860
156285569 940951526 424 -793
-728730236 -937845605 2811 278
87194470 329793409 2178 280
-270533742 273187820 1075 911
-26126419 204698083 1865 529
799682109 652381239 2148 2
168680904 -66954558 2208 -506
-670969665 -675592693 2493 289
192840800 -917345555 1734 736
-826943078 931378825 548 -759
-456730899 699769746 673 680
-445752945 614490347 1237 -475
142855602 -866886032 848 -448
-12294200 504242033 1663 -524
565549354 253067125 1823 -762
736959154 448228596 2174 -658
941852141 4524038 2215 663
-552912884 294219859 2413 976
-908817920 -969925004 370 361
53075117 887749118 2751 563
396651836 -852421920 2372 -853
-175612576 749030273 984 959
-195454829 521617448 2458 -369
893598731 840527172 1190 649
874405149 -470048040 2540 4
161776508 917093881 2157 623
-888157695 -256825129 486 171
35242443 -481297735 2424 -674
-332982384 846734932 2564 718
897952697 -43066946 1928 508
-226653266 683941544 424 -493
188150048 323557080 312 -870
513115797 -557414445 2217 764
258853264 -63504613 1493 -650
-773491332 -779608025 1300 -784
-471800105 440300718 1278 967
-71804579 863625819 337 -681
676477763 -615884086 2944 -959
-490373337 -566670159 896 719
-505813579 -33314651 1568 -202
464173600 79799070 581 449
-968303639 866468018 533 -100
-969516053 -593862647 582 -225
-891467225 920730537 1992 568
-75687583 451420855 179 -320
-812956839 -969964401 1624 -588
-78878279 -229862736 1683 -819
-963599203 218745788 1033 984
803170811 893660606 1646 679
817628762 444893447 2367 -897
810723432 -162660979 1338 468
586382488 558689754 2724 662
-135339778 996712972 2404 -606
261832251 -921046785 1208 285
439115281 -671020808 2574 79
304617951 -922760075 2852 -624
-975813935 -567977833 2367 -736
648404934 442936539 2076 94
72768144 704017640 370 -652
-375342536 213840334 671 -936
-503290650 -453210196 469 -76
275385399 298950892 740 608
-284924908 593906744 1870 640
-946261720 263949217 726 568
733244564 456836369 1438 647
-842494922 283973699 1893 -172
-997158019 -771282988 1844 -240
822936405 791471175 1874 -738
754729837 685361323 2654 113
-266675597 902687606 735 218
232408793 386317825 1299 585
-662983789 -102726832 749 -76
-784046806 701896029 1146 116
70320023 264093671 2596 636
985641571 -972276708 2360 -454
916561223 581269230 896 -797
-888051611 -997128521 668 748
625263698 347649413 2756 115
152595252 -209069409 2135 602
916251529 931234298 1322 -764
932709181 -542866284 1449 823
-798494840 -351437085 2099 582
155929493 -626468182 2024 -619
-503613130 -188030968 1108 191
-303938944 330901467 2314 -770
-718605146 63360080 1707 76
-137304969 213008111 2072 -288
397968176 -466340573 235 0
186110605 579498901 1396 -119
-165164045 570573365 80 -399
-874252888 831985278 2942 -145
-896360357 -275965611 2100 321
257315981 -995207324 1512 698
-870061561 805109730 249 775
390394969 -516758305 2080 -796
95450032 18201122 1437 -131
-365204667 -933348757 2871 -231
350178568 -41657005 1385 -47
-804246903 -836931451 1213 378
575384650 368710023 1404 900
-656012363 -977930313 1891 673
745272240 -279380480 2289 284
878779683 828943957 2336 -959
-70850554 672109579 1236 -515
744406279 -831758515 444 806
16275239 650032482 209 143
121495929 703779589 2597 868
-647113462 -488137250 762 -814
-867390088 -121529134 1721 770
-750172964 543873729 1577 -605
393689244 -428604856 2797 866
-659773372 643364044 2696 616
632758456 606906114 1945 860
-673503880 -761196890 1249 730
958423824 639437905 2578 686
232171306 -783074821 2550 381
-161826218 -451864028 514 436
-4202599 346246061 895 -637
604286146 415895666 555 400
-850986830 663107978 38 -988
-652123337 476934349 140 -371
886850456 -653064916 1313 -697
275445121 -896971207 2124 -524
-550602622 -341006170 1487 -89
-183693096 -619579399 264 -821
953169386 -710071630 1493 -553
528586969 253205837 971 377
414681508 620294766 2835 211
159167931 154446823 887 201
597950136 -546521315 811 -920
758213616 -71348689 1453 649
-179702423 -912013061 529 553
749386757 -324994209 343 686
-180728043 -401811988 114 721
-348563642 -719188607 1409 -553
606782365 -39916375 2420 275
-10023248 855254814 532 314
-716890884 -868727796 241 -680
83588552 -271910838 1063 -303
292929520 802476767 577 735
-830358489 -391599239 1276 251
823632343 180805340 260 875
294778 -829391228 854 -439
786592435 7097269 2121 -972
-109580245 -686460923 1649 -542
59908780 493908699 2751 -502
-271592496 774530684 14 -331
-124065782 -265820015 1974 -834
485680458 73073620 2799 -334
287852132 -319260347 2268 34
-367690859 385740299 1437 213
-979921732 788480581 90 -91
95469924 111943544 1481 -603
-700179931 -860464953 1703 438
115629575 -488567120 937 -931
-244303983 -977786281 2895 475
-391406596 -515535600 776 -283
-543275432 464276596 1913 395
309098416 880033716 2359 -888
-289222418 -69413563 2752 558
-347885112 -64210605 2614 814
-807579002 915223546 2482 -830
-935535159 -924688885 60 -684
73317818 -259323170 743 -124
-839060834 391098400 2585 377
-868106211 -651922034 2697 -396
-468895503 661644991 701 -117
404799383 330937328 479 64
-739964507 -678032288 1499 137
903241394 18016748 1811 354
-36726253 -359611422 2909 -920
-682607962 557537954 1493 650
-450985099 654743600 1892 284
-866286271 104733417 1038 -609
-820778891 20931486 167 -578
-42902533 59387837 1070 -28
230682290 520662246 1966 23
-497487764 -184369196 439 -71
6489624 -838036594 2082 930
-531868796 741540538 1490 350
-587584020 354765915 1599 913
972908542 -612868073 2941 752
-192592288 -109613883 440 269
259990737 -978541068 1963 17
-587793520 -664304080 2754 -950
25911897 661950100 2929 -923
-466374438 -856694098 2535 790
864984712 -206391946 2841 -38
189548736 404297773 1344 214
-224004699 -361129031 750 -452
-196169081 -718899353 2495 527
-450928807 -992002728 134 172
997258325 -341668849 2787 386
905277818 997734916 1758 -839
-637582194 -677700678 2478 667
-131617045 -536528269 748 778
-813487092 -706653145 666 971
-212766592 520422825 1800 378
774630678 -640443591 1576 -442
699972778 506795879 2831 -185
-335304134 -350103219 1629 -872
-87078369 756973845 1124 247
-453464217 807088802 1534 -626
-550091987 540152861 2990 315
143020480 -851135743 931 -593
-997950849 -313942643 713 851
-334870347 496018348 2190 -25
2842400 -133548306 387 -482
762701638 -275924159 673 337
27324591 -270387530 2630 695
-253722964 -855235413 2145 -505
980951513 -270931834 762 788
-995195596 279122664 2075 640
275683991 836710465 510 624
835894246 613751284 1683 713
534301307 505901528 2186 205
-313449819 -596291758 2121 934
-85873776 -53992406 2041 941
-955044719 279278716 2633 644
-739955129 424400044 256 -293
259478069 964358601 71 581
-21331851 -90870298 1222 706
783835162 -625408229 676 -722
839551193 949118848 1792 909
-470662655 -663656206 1835 -946
539568410 847537844 1218 919
870983799 -342888485 928 -495
445942785 138701136 1617 628
109294826 -789418804 1349 646
107283730 -782898994 1760 763
-233557989 727240343 1700 -704
-943148139 834118948 782 211
-892998407 -745214244 2160 767
490709998 -265068593 132 -380
-56185703 843396673 299 809
-356620073 611935187 171 971
-998811739 191219643 1869 -775
829909136 -91455719 1205 -202
-572903375 17326831 2470 411
-831711512 249543472 456 -293
429898139 681963005 672 -650
748184842 93468214 1078 -41
525167977 -598288772 1688 877
450545455 68845187 646 -185
-600815642 -363628151 1059 692
582797108 574135303 1286 -86
323680270 -307222690 2182 427
-452415697 899503051 2005 932
33066260 -317803188 2346 -931
-980927504 -835137494 673 -928
-413046406 -478425760 100 -572
-979572783 -826586930 1554 984
-499585612 -483108402 1025 426
476042788 999705324 1246 -719
-569372988 548647501 1568 774
-609772002 193930570 2035 -258
423859915 347601873 793 -480
-927823248 36138095 1171 359
267902525 -499638045 698 503
-257333533 55304539 2698 -60
-908763656 966821974 2751 -172
-103346311 583861565 1513 419
-691023254 -452740169 423 9
486836003 723190643 727 272
950640584 82037046 450 113
366822765 685179579 1528 932
761005225 -802711815 2908 -270
-302349382 952563602 2503 -927
523934771 619633807 279 568
785282326 507193961 2342 -232
538461403 48644480 2336 -896
106286905 469912975 1729 -608
412721003 720008872 1410 754
-478741935 -251327391 1942 -620
-509062346 -158308670 2498 29
-359062040 570860697 2127 -796
-481502115 -759741652 452 823
368496130 -718784408 180 773
13497792 -810981707 700 454
-367026850 -726407796 2209 780
481809939 895605185 2631 354
-359417338 639062143 1944 -44
-506482541 -654396005 207 533
491994591 -187276511 2276 793
-295808196 -870003094 1245 36
750283762 961457884 2667 -192
885196889 -87906777 7 704
-847647317 9969881 2240 -318
608648171 -303667561 1295 -667
-527726488 -155851163 1681 -756
584668880 -620038788 353 48
488023117 720919260 2366 322
-339439204 813093299 1282 -455
389347769 832282254 1171 920
757919721 -358361466 320 -475
-735279113 94132065 1264 589
998638052 997197093 2956 -894
-625068967 -293312303 1837 659
-897930243 -892015039 2039 594
334072303 -920097417 1358 732
527634419 918475830 2475 878
-947894720 -440178021 1946 681
-978978128 737097547 657 356
548025923 -496169657 1463 -363
-914518515 392987933 305 570
-602842048 -926217450 326 -744
634050406 -547288498 1913 -458
38623280 -864022880 77 21
-665644991 -140851204 978 -736
986024605 -462154892 2341 -535
-36431109 -277311471 2768 -359
-714698866 -993441410 110 931
864826338 607446565 646 695
-879631191 894622457 659 -907
-928429550 -134402762 2382 17
194734032 -640578630 2042 -275
824842055 -2349753 627 -671
914714161 169918044 68 -485
986815057 -861777982 2540 184
-200278618 961772746 1673 112
-601717833 862829211 2799 348
-180293980 -145153835 2868 230
39503823 -129099367 2688 -875
-460868335 931216320 2881 372
980131901 384533499 130 459
-886939599 269800627 2811 202
182939205 -262429579 66 126
-269065133 242602760 2024 496
-558558000 7326652 700 -393
791628924 701419698 1579 -625
-887181186 -490716861 608 -876
294749624 131078763 1405 -779
-991647377 233277244 1926 -638
-542903653 -224245800 1900 -381
-947913448 -474594281 351 -181
-85270374 -617600176 361 -868
-514409860 -208414811 2009 380
240179049 294587293 15 236
-646477210 212708836 1825 -708
-177362699 -764449806 1271 798
252269452 -13316566 1513 -692
940346167 912068491 2288 867
-852182065 77349669 1498 -795
-197333949 498675130 1408 738
312001122 -757258468 1582 118
-12853 -24445192 2393 136
282546972 130062517 472 -849
234614154 -786136702 1344 284
777822817 -976778707 488 -558
-119524298 -773482230 2831 -265
-153570694 57262913 908 -153
346677927 -207935929 1599 904
-787269175 299850989 1683 612
173624222 188120360 1916 419
-121298436 32577043 2402 218
-356458146 -392072987 2336 294
309022341 618539384 1382 -471
-828391185 -577825408 1942 -280
720073404 -115902335 1938 -193
464571052 -279733003 2048 946
-164232019 -492954878 2406 230
34223774 403152103 1908 -205
941285536 748192575 585 636
-7552378 -39581979 676 867
221512824 -757371946 1641 302
23593784 -897994439 2003 425
332131388 985805124 1622 487
-579794914 -739222990 647 67
-796083146 599453282 1563 748
681194513 -620930740 2425 -703
588198871 -795817111 1150 255
740801623 922735064 267 -185
631408631 759835775 1102 625
702044832 388767609 2898 -558
454823639 -449817489 2042 250
-551662140 -482173185 669 -995
662572305 -930364338 765 875
-942667086 -76800835 441 -9
-16796545 454816807 1373 -559
879148070 100645201 2456 644
743291310 -217853454 1532 -481
482368689 -271440734 243 870
-774419744 -752567225 612 76
250879703 -695483866 2383 925
341489424 972672889 1661 543
-756476622 -761527547 917 738
943976058 118532622 2915 54
291157038 908864817 1404 -9
14747250 826823389 2576 -128
-568316077 -691694618 1986 612
-392271859 251347208 751 -250
-979299038 237777081 1658 -884
-999344567 30170603 1635 689
833380354 -366781820 1150 -275
-664910666 935613007 1840 32
878863329 613436202 1552 952
-927153944 527729550 2216 -651
-837614534 -861735861 1752 356
755496870 -723481093 363 -74
274177754 -765478837 1400 -113
-19682310 -728109656 1803 -966
336463973 -841956122 2174 363
-416533368 411611527 911 807
-787106220 -405971640 2923 1000
704633939 -743569944 1386 -382
-734623968 795381119 2330 80
-203254553 298988728 1661 -748
-371321662 672945422 509 -269
-64957855 -115366516 340 -382
774167295 -267734969 421 -736
197188810 -515001703 1775 127
-594745075 -831977157 781 501
-891776800 873549386 2055 580
948569975 682564002 2155 636
-975956172 -372443796 1175 451
305283425 408662097 180 925
595737414 -181797111 2868 -703
-242905207 -606557015 646 758
178154867 814476726 2504 -98
-860188589 472461563 1410 857
187212778 691374088 1734 -516
-353601857 -537804381 1630 -490
-809483513 370591993 2440 -4
-22882975 -119410323 80 408
459957444 -903109718 353 485
838347529 -500445932 1155 -106
-973530562 -711214451 1865 -1000
-441821265 860780377 215 -992
-341701204 718273472 1185 -447
446102222 206714940 1404 -910
95546715 -254364352 823 -705
-918491998 -505432349 2780 -611
-428539666 -356000592 2332 915
969743378 153647252 241 143
-178320057 -907782106 2273 279
153311738 -279797354 2190 787
432050336 -317770538 1526 -602
832473155 -604135638 1592 -361
625348535 -472810882 1302 545
-494199824 -130269861 1777 -390
510194792 -657237025 1080 460
103583778 -490741397 2804 873
856630831 -716696334 844 356
-673724056 -792597404 1086 -675
490864992 -463780210 277 -405
-417470190 155891006 864 217
-845432830 749594334 1872 604
120083061 -444692850 2614 -207
-964805954 -983995478 2454 -757
528288727 372734628 2588 518
719391275 -71524481 87 713
789376558 -379647117 970 -345
-844871043 -650441469 2075 582
285550456 -385414812 2213 -969
-725387950 675802100 1338 -795
-892349607 23443876 833 -78
503670622 -101072643 842 -140
943532903 127431042 762 690
32979570 -691243630 2505 -276
-718378024 631533527 380 -279
79643585 693317123 1892 30
-535605794 139807507 1499 -277
267001653 632371809 2147 992
-586644538 -109150546 1652 367
782355106 -645841875 2720 -401
27044298 -157436705 2983 290
440328094 584577727 2895 -653
586362452 298285563 1816 431
155422260 707285874 2048 -207
165590649 351837075 659 -324
65318504 342943673 1070 386
-236280863 -186574811 2650 788
406543372 564993277 2866 554
-539003474 -740153996 811 -518
-234305836 -784615792 1075 -177
536505348 411023372 5 -313
217657489 911075025 646 766
-807996222 -844718671 2155 -4
941351756 -707384041 646 33
363242480 460535995 976 460
916945562 497588848 1606 -157
-790708212 78188422 2189 775
-977268518 400479641 266 219
353330155 -90073124 689 -696
-72123595 838980485 2072 -237
-42605961 395553691 1684 289
326053411 -269339212 2257 807
388227413 -542981850 792 -672
194420694 957201212 447 186
-256796782 -927751478 2126 933
183558353 -340816816 1518 -572
35081546 -579133788 428 -394
-516388346 404706048 445 -222
34328405 319186358 1652 472
-142832323 -625719233 2698 315
-9205029 -465383124 453 112
-192685209 -150801603 1381 137
391930880 35613698 55 63
175502955 -176172642 15 23
726611788 -571436153 2299 -754
218274453 753530570 2964 -772
285906206 794935555 1986 201
480461800 945851907 1158 -556
-792032045 -381529114 745 -301
-163868822 -915727483 502 434
314990081 279178748 2318 -479
869032326 704283506 458 -8
-204108181 -577230305 1553 187
-973217859 619857494 2397 -962
986550242 -656600960 2661 -92
-593443192 340730701 710 117
-192020350 938144194 1841 -960
803023310 -474550374 1493 484
-253879324 -491754645 2121 -496
-780048901 -109539084 233 -374
-503063544 348101015 1829 -487
86556459 64232117 256 -469
-485681616 -468321185 2516 74
-980988212 -793880211 199 776
876922224 -814391781 466 -470
-506284920 985161436 216 -316
-681700168 -653064285 2380 631
-582478085 -607576092 76 -698
-439466906 -621801453 212 373
968213359 786234373 1742 -410
582430624 -106925754 1442 694
-804644533 642314876 2082 706
-25941198 835193434 251 -920
-534256869 921272128 2582 744
-361642948 218801312 2051 -640
835198538 -712096263 1555 -356
965406191 -719768745 2841 -556
145319760 -730394549 964 676
286004698 -96166294 1877 892
31681456 484370839 1048 860
253230561 25954995 2540 -584
-174878526 -341246542 2127 367
-541320614 710762823 1587 -442
-838233914 999033364 2187 96
-678083299 -803643879 2731 -38
-451662966 834681055 1112 -948
280545420 142465672 386 -756
360769911 -226846506 1148 507
95210302 497356062 447 298
-270213850 113195927 2849 -512
397774387 440795335 1434 77
322342760 774894827 1007 176
203279812 -43083984 984 -634
854624772 -241174818 2746 -978
735706521 749492115 1075 -475
-18206408 5362430 2241 -22
951911555 -635726199 839 -912
921432053 802582985 50 -416
8640997 -712953501 1330 -916
981789298 -591363286 247 -907
-222546754 -19523758 2619 910
-878904421 -476512097 1650 901
-876815332 593096954 2797 -822
423867803 213884050 482 -307
-302745100 -677149219 1992 121
453935302 447406475 2843 351
-65060698 699451351 2877 -896
646186881 -524529429 1857 -348
-432904059 -433660343 2567 -888
379360158 530572073 726 117
-611429656 561423556 1180 -739
998385639 216576579 725 -217
-840338174 -892622241 403 456
604325146 -347714958 840 -978
730253252 22539359 528 -13
-773035970 -200602280 2587 113
-855398287 743082418 2076 956
-891614288 -349079053 149 -596
-905988534 -223338126 200 -461
407588324 968652519 1803 558
-586796820 646839971 1029 -789
-439709554 387436264 1243 -600
-425595825 655651253 2726 487
194875512 94787213 1934 354
-251623821 -487675361 2409 -653
-25654186 -371440637 2499 -732
958629015 -383848450 406 171
-126475859 625485587 1437 -633
931988170 -33177280 2884 559
-317775050 970406049 2079 606
229080250 496940651 2724 354
86360885 488954315 1851 463
-429202362 -299373865 659 83
206233814 298657785 1128 499
642776417 -818288852 1673 707
680815023 505288884 664 713
790481851 670968958 1742 437
-417431527 -461161218 343 -880
137474945 423793330 2724 48
936529704 968958541 2173 -301
-704333163 -323425776 1611 954
-218379399 -575138802 2750 865
347103162 448285657 2434 705
54541296 -849568738 311 -505
175379075 -456378203 959 -961
550696545 -742448193 2082 -168
-359179794 799202476 676 478
-107109886 -252498910 2709 458
187819246 101863578 2327 707
183194420 194041973 2418 -451
-147620974 913970586 1993 776
-672645183 449894953 895 -923
258321623 942874394 2505 339
-734785231 607486819 2981 139
-743109855 -382450397 2145 405
551320785 -39479922 1599 198
593496225 -849528420 152 416
958997723 315155532 2414 -87
451138275 -993106896 2342 -358
-765943141 206196995 902 425
-798880379 131320986 626 -581
877664059 -285827757 2360 -125
-593017764 -913888159 2908 599
-875921599 278045457 796 -823
-168307768 103942847 978 -490
52386899 -480302429 707 621
-155855760 -725864582 1181 -648
942608287 -605396183 1713 108
-894088957 223792375 163 323
-754346669 11543284 1353 59
88684677 -428000012 169 -999
792017218 396968943 647 -1000
-581024067 738583306 190 435
-517953915 -476989622 2727 -284
-903752200 419497941 825 -614
437702718 935516102 1099 877
440532666 -582123507 2984 -648
-605260554 -556034565 476 -513
877800918 -525585069 1946 63
-347866411 -873015434 298 -865
-594401401 -169149979 2279 423
-667025323 -56136557 825 -928
723241364 -411625685 323 48
-18763497 -374823227 2902 217
-963137438 113645673 1629 897
-478124498 -662254622 988 184
-241254601 -145894590 2556 -659
-977474255 809441212 992 -65
310101423 -214423771 704 112
-841162987 -397306933 2400 -755
725460664 -299088552 2910 -198
-275923184 -904245309 823 532
303949816 -309555801 2288 -217
-587914377 -543188451 1757 -534
952311523 -381378621 2066 40
-565035408 36917559 911 -742
319823453 116119930 1267 -657
-826684041 411206461 895 872
-992738372 819655834 2861 -275
921448773 408967538 1278 -465
-683559810 417464008 1118 -170
-510653059 680007071 582 952
-86865394 938214622 2310 761
759663930 140828082 42 825
-510686348 561243406 909 134
-28727841 -879251504 631 -547
-272151057 -778081581 1592 977
442216219 -227673148 1649 -714
680899786 74901451 745 275
448879596 -156399598 839 -838
680043220 583366803 2850 -188
138835740 299504238 182 828
-611551829 -135938434 1432 259
-217589886 -427641184 2651 -464
-84307449 -691252515 1175 -102
-280651027 -513651910 2766 -638
198581654 -495565715 2696 -753
687139047 -263571912 80 585
899350312 891543677 205 -114
44531743 436376019 1128 667
-362559307 -710302213 2797 497
-228084284 329517256 1825 -365
-348248351 17489262 1343 305
924834497 -612454015 1208 313
120533178 591399722 2843 808
245419759 207273953 2136 312
-652511601 553683695 2945 486
379991747 961131524 1972 -360
-28392403 365978833 2405 -650
270562034 -35858428 2644 476
-471620316 -89488213 2068 -845
527098437 558657624 201 -457
353893831 -398953406 2339 -841
573467795 950642221 1660 -158
485656508 -420830416 2580 -997
327530802 -960694515 1633 -699
297464103 -546949089 2283 647
1097415 -650030188 845 396
-318960693 872696115 632 794
-415003813 150076447 578 503
-682237037 190918383 2766 -925
761291080 -967114871 842 807
438312857 752676567 2940 -612
-578469784 896723457 1438 42
15184190 335256783 169 -541
-708669927 -659217707 2327 849
-123955276 -534468792 239 -52
258896388 914538782 1166 -704
-495267326 10548679 725 -99
984669931 45445278 660 109
457844188 -569749463 221 -872
813451630 -246457202 324 994
410739024 607863425 1742 -202
-948917041 442296629 2658 161
-688952910 -294856891 219 65
116458067 -925740592 2799 -781
-12225026 -623897342 2822 837
824051351 346047202 1444 -933
-341212695 -459757202 1040 907
-982187548 223465421 2100 659
754490382 -394119959 1568 -832
689015061 -65862353 2840 -134
843378720 -592357414 1379 565
300724218 -538688033 825 -428
-608196497 420274956 2279 -389
524786175 16913008 1981 -710
201257970 -694244057 120 868
474290628 568302675 1573 879
408475316 662758128 303 -14
-553590601 626777675 1685 -393
358405054 -146907691 2535 590
-690507708 -129063059 2206 -633
979932602 547119352 1187 808
21812389 191897201 518 -226
-158085651 337076441 1560 996
83349557 -154956232 2486 -106
850040814 842930311 1130 -609
774068748 660500963 2554 529
-539123330 363359815 2963 -758
657841889 -842471374 646 -691
-528844422 -55928295 472 453
299675929 537399667 2253 -887
-533436097 -194483395 1230 864
893216546 116183504 82 -531
140705116 845269870 2508 824
-635022472 -913902547 2653 369
45949407 -500063493 2450 809
990078226 -28005486 2604 -843
681251104 -500954896 1178 354
-757061847 218045930 1131 -704
-592508849 -821536192 1397 -176
-283263158 50741594 2859 -582
753010705 542333705 434 -573
739973967 -283192765 5 -228
521517198 875862885 1328 -597
-611212867 919868433 2048 -139
51709935 -515353224 1765 426
765012344 -843921338 2380 567
263521826 -138088246 581 370
-95741679 -78240901 2070 -526
742936017 -978851649 2092 248
-89461830 649062529 509 872
-247922045 -874448953 894 -20
-209974902 724773168 2360 865
101507155 702538448 830 -726
180968224 675915560 1430 491
-327903889 602227836 2536 769
-373592165 658099659 2840 545
924192616 917696373 510 239
-983791643 473672039 1996 484
975416511 -38161480 1104 -181
13330149 112938354 1448 -877
953817783 109381763 1106 153
-518897359 708792806 2017 -11
453869751 -887087296 215 815
-153856969 618834031 1451 821
84307314 -209225111 1091 429
-966203664 -699595202 952 -31
-970196953 710017476 424 -575
936708355 -819407412 2501 668
562587171 -951140162 1494 488
281001920 -154732230 2173 -916
-959396291 -6596634 2535 -664
920622718 -641872987 2137 443
-346279188 275783 2173 651
-306929336 483693105 2619 754
-905330639 -394920950 2447 -539
774482719 -724719570 1158 -235
298637575 -378518830 2762 -46
458278983 -984969622 1650 402
569462780 -227322465 2391 -781
-863284545 622390464 66 177
-948772675 -582596671 87 29
958415316 167305400 1621 -148
-875176501 776418102 146 -526
992239106 268592808 851 102
153524007 276274203 538 -279
-606832576 637433862 1682 -347
89708189 -473319768 213 268
659317988 -113849473 510 -474
763485303 -916971394 2514 978
-142065874 -5904182 1715 431
-483181578 596753291 1197 -923
921385733 -695175450 370 -154
-176199458 143033621 55 -959
-644616621 596402674 511 -574
-117974889 -551521993 503 -142
88875849 435550614 227 -688
-97902490 304172422 2637 967
210569456 -788750047 1851 101
-90982670 -830598619 1359 408
670210007 709526637 132 196
-859978608 -943451460 2065 -330
791740657 -585774610 1689 365
803706026 -315617175 855 -127
-354396960 696266626 1312 399
664122800 419879085 1814 534
588762238 -247039898 102 -430
358432539 639578571 1510 53
-521729446 -192160074 751 551
-7460514 -761598873 215 198
-142792719 202153013 1027 235
-732741334 -438083138 2030 323
137960772 -241924478 1975 11
-558780051 -351763301 2695 -276
838727711 388665503 329 -952
838536820 353917525 2220 -697
109609420 -292912025 2074 -335
817058601 -159083529 1311 -119
543161247 -565707141 305 86
543553854 242372064 699 133
-380923656 -836216430 898 664
-89580948 434489182 14 943
781083706 193350006 840 857
-616221575 -428127303 170 300
-787382488 549143653 2689 -911
-740424985 -11846497 1288 5
359029183 -52044470 1164 577
-134989592 -618907790 209 714
-738134493 897478631 1761 -855
367546635 862218648 1805 852
998850685 -656895169 2250 -872
-527255611 961691632 647 899
-162920896 701798990 1685 343
-748788189 -374591187 1133 956
-721621083 -651507404 1560 360
981624209 458548661 838 136
875046224 -730289637 1814 -274
-990916468 -916101618 335 -836
-884691530 -500591190 2359 -504
62181622 359838094 7 -184
985633242 422142172 1659 -519
-986183518 599926677 1869 -585
-82435807 365500448 415 723
63914400 -848525882 2336 106
-552083413 -123629764 848 903
674358785 -363423977 127 886
-67626149 -441726477 2885 -355
40437045 -962263783 558 888
-737545641 -852926602 231 31
-516096144 924397182 2745 215
-625783291 -98706848 2672 162
596256064 515683552 2092 518
-412653148 226705749 1131 -223
-879443075 -989968443 2811 507
517163194 -359708566 2294 -141
32280287 379382559 1616 -924
660113060 612844973 1599 666
-797016116 13764703 1143 -67
709713293 -782402538 2651 7
-871989492 -138035051 113 369
-720224108 370984444 2650 -483
79498589 701115244 1070 -944
-332207827 323127716 1590 584
-704949622 545944386 20 -825
-362290660 297814834 484 -284
588371065 -827210746 359 -156
-47769102 -153688210 2623 451
-551473926 72584014 43 -138
-828769892 473829452 1424 -591
-46625492 -216840849 618 170
-580438053 196751353 922 620
-652190914 -308166354 923 -175
740871144 22469966 122 -491
341627631 -450152680 1737 598
146957472 -313991474 701 -37
-87313009 -755831376 2149 -626
-314110297 755699125 1864 304
808306590 -643037961 1619 -97
-560810531 311593364 1399 218
705310111 988191962 80 50
295882556 -920845940 1493 469
455608052 -688219445 868 46
855689843 580160474 1563 -333
-193329691 -607804930 620 -906
-831870249 -479961657 762 715
869912573 331947732 489 710
879188441 -139099207 725 -972
232480480 672410287 2866 -231
108759119 -263252627 1404 541
496036552 427664134 1080 560
-693660733 -508225632 1535 281
511481801 335567541 403 -771
-501441975 92286054 1715 365
-421681374 184368363 1721 235
-241356477 -973766305 1395 688
664132564 -346398259 1513 -898
-766225383 564464168 2690 16
-443236615 -421983709 611 -882
-450761558 735989035 2726 -660
116250587 988101999 427 682
235575792 952379000 2425 -681
-98933438 248160176 1709 272
663039530 726771733 2026 417
645587389 -962604447 2168 -180
-41011979 -71270159 995 -708
-822292692 -134368557 2047 819
475627919 850213327 2156 -438
512113423 -15958013 1856 -249
625148675 534868622 2066 546
-545803723 313466561 1247 -445
-123420709 702759416 493 369
410862470 -228047024 2673 -609
-205242993 274127119 659 -408
-311053885 -262449073 985 -596
824867817 749770740 2706 646
-854465978 872204792 593 414
-148256086 343252241 2792 -457
526970337 519485574 2401 294
674309389 422576224 1903 -930
368046359 -524181492 2614 756
-393753393 -729756007 1883 -43
236388277 -630190804 1840 -507
963194434 -194390450 2536 698
916043957 -504808024 2540 -994
-419117723 407025377 555 829
392146883 369932936 1864 -205
-961263181 677911062 1196 -760
-829089054 -877358330 2770 -618
547659540 -828964440 672 448
508124601 435340717 1379 338
-598620666 -266870151 300 -154
111620954 -213859200 301 -51
189926159 646532639 2310 434
956278461 57500435 896 -945
142275401 -427872102 1158 464
-961503101 -481053196 2755 818
-815591532 -594233255 1046 806
-435565130 -853927702 348 -399
615409021 877263705 1599 -935
722553405 744311391 1863 -414
-853968001 -992280119 1919 -311
-925868125 -781250584 2135 -836
278360984 -634122334 2058 -434
179110587 -350312590 2367 938
-319211147 366702464 1986 -730
-377826040 -861222026 517 -71
-783090527 192470331 68 -535
-94328106 -702198371 2501 134
-462439863 281845833 2838 887
27200217 996069614 2742 216
-282777365 559602428 1574 -180
774612378 594733567 1177 936
-568111396 12607662 1204 -940
-701737964 -342556514 648 603
710442384 -853400053 514 694
897256816 -81105446 2663 -239
653571096 -695174645 2547 822
935895718 146173332 241 -550
-516753420 370524847 2604 -174
202241192 2172857 171 860
938870397 647143107 2851 753
-925852758 -187216737 6 -106
-693215114 -193397829 2361 45
415834719 -935128448 1946 937
-224963991 -326025255 2366 -479
174648301 468355649 444 -584
-822858307 135729134 1214 15
-10589399 256854405 1777 -195
-40027040 -998516021 332 -958
-118564749 -895821125 2778 230
-886055814 28570590 2751 349
567846195 84286324 964 354
774170379 -171092060 2450 53
596477093 382816984 957 -716
129401075 274334422 1555 -599
-148689732 -617494597 676 892
496529969 -209263057 2273 -360
-669586452 -292705457 380 -537
50279735 -738416991 2863 457
307155493 950566624 1502 -570
-400236335 -816397399 1058 284
-763861376 -984763694 771 872
716857023 -828310944 896 -352
-129559433 -456582955 673 -668
289143889 797520200 968 25
828964532 661332615 2464 529
-333164009 166463506 1891 -162
-352205986 -568561183 2466 598
-339087118 623434093 522 120
841279064 -165260910 2523 -274
397852489 550259891 2004 296
-253342705 329600884 1800 -549
-612407686 932350597 899 -737
190688457 677163000 840 625
-901480714 602596133 510 698
850716205 892925736 132 265
811871398 365193162 1008 589
487376266 -138739831 1082 -921
-627761599 -63209353 2404 -3
-257296118 -256138504 2109 732
441088595 -102009213 1223 -929
-231743034 245609793 2941 -102
146246382 -148029438 1200 -821
-708036645 39950816 542 -561
440680537 -100735664 191 348
-978631240 -491120672 723 -467
347307861 -7192779 1526 264
133603638 -156081217 2916 483
-616810760 -751991556 2272 -892
-891030930 -975488771 488 634
-870175475 407892939 2332 -420
550095889 -522521807 2680 697
-730949395 308346921 1091 -750
534743974 854186047 2751 566
-249972964 267868567 814 -382
-659053680 -125875702 556 -229
658745134 477892009 959 -682
-820278182 934089728 1090 -94
840985131 -377609985 2945 -91
-75530968 -328087675 2460 93
-145656124 725869276 1210 155
596270620 86688303 84 -841
753581011 -837808735 934 47
-173934027 763639125 2251 757
-213026418 -622036524 2048 -745
987312003 -117012496 2478 -956
579619886 604779094 1915 -93
-960987347 -446827361 864 -685
504006405 -616040873 1966 519
-540140248 290211869 2540 -294
877997562 -932156335 1098 -749
-715112002 671687270 1944 900
-196365452 -416478112 2188 -801
188372706 485874381 1497 -512
-121521706 668264551 1130 722
449824946 -872348582 374 597
-686347308 -146501632 2342 697
228919778 451488118 334 873
370997752 -733654580 1222 780
-653717541 -932329166 860 961
664698699 207445959 2355 -825
268822024 -834679936 771 -198
149005372 486988858 2103 792
547946591 720511842 2166 780
-92397448 -541867933 2941 832
655915113 670113869 311 582
-169383490 939095855 1906 199
259717845 274653669 1956 -869
410928889 273538452 1393 334
875632983 -963764102 2876 363
-496705531 205688680 1510 -700
-723248868 340723114 637 -966
-919160664 -760633127 1375 463
-649878690 882383571 827 -297
-481319788 -901604962 2896 952
-789220481 -712937160 421 -457
705425916 90845095 286 -787
-922879465 -8902683 2547 -172
631635716 292731040 2774 -486
852437941 -786802205 2004 851
-973237485 253052107 1619 324
-562158232 645531931 1358 421
136550662 340614607 1930 570
963370900 576341353 189 -4
360438476 727046517 2710 -491
-597967240 -634878425 2174 447
-883075341 -961507988 6 -881
41768533 881021753 1898 -974
-694386445 -849255945 1175 -26
-173879739 604030433 510 445
-167174751 -210545956 55 -980
-968119492 -461210046 744 -873
-845625210 -371815073 1826 192
925755314 272317429 2577 987
-349340237 120473570 736 -17
-407234657 463451452 2895 955
-651453474 -385122318 1486 -757
-522794722 -33805829 2864 692
-876307128 -825070342 2937 -979
-255374107 514932090 249 305
401501931 -545204725 1359 905
690643523 -781894770 2907 -918
539883913 940802487 559 624
-244910075 694354821 296 580
-829457495 -355083368 1265 -961
-137619596 -9939221 2649 -550
-236583216 420834953 1772 292
400458763 745606103 2754 -763
523124633 447327002 2367 300
435106136 620850261 743 -204
-980025982 927462344 2007 969
-978128603 -611291218 1222 11
-595055663 -512215081 2163 -829
-886868308 -860952955 1521 592
-903938433 884072044 765 697
-810594727 842890812 818 327
598252144 146857336 164 -911
514743118 -961875455 2099 -870
981335356 213187765 415 26
-460557317 73675261 2598 407
-445083522 63036628 330 -227
-349567841 836887500 1394 -580
470532633 -989225033 2787 -387
973465436 -243058079 640 791
-680721937 -218442932 1231 146
-87351468 962765617 2981 -772
-410523425 774813959 106 -254
-559531893 -907188713 1898 -624
504729199 -59135967 2634 319
317581362 114111811 2801 870
-253410828 53283237 2498 -770
180896130 784098286 1946 -976
395487892 -44180631 743 -73
319279207 -720217047 2689 -263
850465146 566608495 2354 437
-682401597 583151054 1249 97
-478174837 -868539469 555 298
-411715362 -637254737 466 -546
541199422 -25253273 1689 -561
-325200764 335115288 1045 -321
-757066096 -509395226 1486 -695
-863119687 369268383 1481 -607
951336481 439270181 494 -440
-767680138 89001773 1368 -80
680722092 836402305 1993 -58
898247828 146043149 2454 271
593299776 -452008702 2541 454
-19416446 -558515649 2216 859
444754095 -739481580 2609 580
941404715 155269990 2709 117
-523918516 -286947794 1844 -356
276410963 -721335660 1392 -653
-489906152 354091986 1236 414
192029358 -194741477 372 78
-920248397 195435981 2082 398
741212603 626132303 12 -762
-965778283 -588299670 2540 -546
-831822317 -171899615 1668 463
779087662 -305514732 488 -710
-105129561 -681291460 571 -973
541352852 -274067595 165 656
587550554 -770039395 743 -642
-580977512 -31126736 720 64
-44964872 -349866438 113 855
-646369315 314339182 1830 513
-494800953 191491993 1115 -495
750887060 155987410 834 439
-36961443 -131745739 1595 749
-26605908 -146820879 215 829
-884339005 -516575439 2250 -358
-802366673 -835822545 744 32
638469979 -217590272 1815 516
-674297242 570937905 1521 907
-59644844 509915427 2574 892
558159720 -386319326 1709 784
525454853 968950684 90 208
598452963 583834192 2913 -768
712693363 525174084 428 472
517797920 666274950 2894 192
357627197 -15851541 1738 572
104671954 -457113720 1922 1
120065075 197685481 2567 -839
-914317802 -733910193 2509 -766
833935419 591948307 745 887
967304122 -822926621 1431 849
-147399580 146858569 1376 -108
181161090 -368293205 1262 784
-984694727 214377267 1646 372
412559 1491838 2783 -657
663706097 136011447 1588 231
-736820654 -309039933 567 -776
456937305 865128247 2591 -403
-858842670 130293927 1682 307
267490862 375868379 1113 942
610869111 -998862400 1166 148
256645843 -521834562 2773 723
-786849459 622159237 359 109
19087912 -853554563 233 -13
-319424777 814625760 1958 -78
699949804 -459389482 677 263
506151833 -1012702 2098 664
942303341 -507063974 2840 -801
843280268 12717188 1682 -224
-383057583 -555095612 2914 192
-29079437 -819378 2070 124
-241151043 873211468 2574 -660
-132180985 -137494897 321 461
-300817060 105094336 2782 540
694747339 395074052 2567 245
-707323774 959640123 2873 228
569062295 99076998 2719 443
-385551017 674558480 1090 -408
837352987 -871562172 2682 564
-550808055 771546689 2747 715
885719960 -597125028 2639 -890
650282062 -125649342 2423 -654
-414266228 -139621599 1029 211
-885142133 747505929 1307 231
911470358 729079529 2093 -652
-546585502 -667083805 1110 590
-432213595 628549514 1993 58
-361946272 -118947696 2172 424
-159599740 -144702676 305 956
949510495 738493951 2596 595
-261425462 -432265863 699 419
544732568 -782806020 2504 420
665720617 474933347 2145 -156
-933365129 834041542 2955 0
202039899 523024925 2755 889
-969549061 474498316 2952 882
567795441 70540863 1263 -49
-177778090 917353197 2872 685
692192543 255931850 1668 744
220887694 -403341886 2159 -332
393684529 -163014590 643 -410
-889280647 903238004 887 -37
-329909074 -669504053 1931 -344
-901673672 699240809 1687 490
30933804 -269311902 1615 878
-412702504 982352070 84 -884
-336065451 884556548 2846 -136
-972439529 559018716 489 -421
955231640 182649229 1439 423
-461674356 204515826 1892 -811
560988092 768516184 553 913
-766676745 183042002 622 883
598608199 813396977 308 385
-146148371 -92372967 812 -800
-637401063 -301601864 2688 552
180512976 750860237 2680 -609
970948481 813157217 2081 649
195170559 373698741 2788 615
638126548 -922765403 1096 -97
960392231 -923496308 1444 494
-297049053 -88872791 1872 -109
177749904 828773253 950 -974
-830962955 -703958181 1285 436
-823057741 956674232 1366 -264
-422574053 87066906 303 -359
753220007 583277635 718 -397
-673445760 526421173 1058 603
985003671 -60208055 2606 634
-605494081 -939235321 765 -820
95374466 -918286212 1372 645
524806066 201143714 2043 -722
-528573842 835912175 1175 40
324055071 334851812 555 -194
309514498 357565135 2547 -582
-459033236 -306423699 2005 -130
376573406 -110700274 595 -422
-827779232 680409045 2319 -844
418363042 702710907 1776 878
-89776331 -13598503 1214 852
553361951 -992471349 81 -121
-142977546 -287068810 758 962
218168890 -184435348 432 -570
464908815 -590729676 1222 -225
-815663413 -161863164 816 -294
-767077380 -195306882 1388 -535
551579017 -465630451 2204 782
213470056 -786157297 1294 -297
-59517823 41160874 1856 -322
477125573 342084941 1825 19
420079917 -456545262 2777 3
398239787 -984440684 561 22
403846573 482526920 493 230
629242536 -712869837 1702 282
670661151 550832021 895 424
-464696351 -318137074 2799 747
-258326530 -802571129 144 667
881749168 864012256 216 -296
-938160426 -214082654 0 -725
-664892623 -827738786 1993 -852
898650203 62769032 2168 88
-260212085 -259152041 513 -22
121289175 873597657 163 870
201273383 -930156146 2807 -54
801170311 -96982940 1142 719
-357181653 12580451 855 -41
763632491 960645158 183 -233
-339630996 988602367 1339 151
209911703 539348759 1113 879
338427682 -570747427 1942 -828
156885521 -703748634 2500 223
-717451364 -947792427 2804 -934
114211589 731710360 322 -794
768351510 853643 548 -940
352003676 -538906558 2861 795
921823833 -606307233 1908 -759
-107888970 661754100 78 -504
-864083652 847203867 526 503
700896350 -223207097 1946 531
612547060 126667502 2799 841
390756206 -72895566 2604 258
411547048 -966312499 1353 -574
762837303 -853325190 2003 775
-930855532 695421913 1619 73
236884258 888386284 789 -508
-557534474 290000883 967 -786
339834777 458585137 2367 -977
-687945796 -27299322 795 584
990109677 -652858990 1701 912
985867547 453714544 2536 914
211935207 378758091 1190 476
784505398 445187743 1735 -60
452024370 985218024 1227 111
860220401 917613665 355 336
-306832972 -759664512 1803 725
-651659530 -851002404 1650 433
169717848 -20835937 570 -321
443896693 -944100513 2784 373
612822173 -514983420 1489 455
862066637 867916812 1547 190
23784800 -806737468 280 -154
-521119757 -917143157 1638 453
-685501462 195459013 2686 791
-959953012 -114357051 1739 -844
-871638135 649816136 363 778
138448263 -667532909 1262 -364
789614855 325208167 2751 305
-989043395 -501750384 1339 -221
-865264004 -936611927 830 313
-686504378 -363063765 216 -339
40096148 -806210258 132 -303
-211142651 -984727307 1658 610
795520876 607003149 2913 -68
946609235 414149699 2977 514
-102818593 131096930 45 -90
36266737 333771796 855 749
960561938 -866132377 1966 -617
307155114 933989234 50 -929
-458120092 -306563665 2068 693
-936760636 -783373234 2382 351
-480274462 -360052904 998 247
649812257 -286071020 936 807
230453455 -401373139 1501 419
-788496395 336281896 159 -535
-112552322 -428266994 159 -465
-87595332 61640907 1098 834
414541859 523928419 1944 -463
114576672 -145116564 1715 245
-86475691 -696870791 311 -636
-43776322 39067442 2552 604
594860377 -125212487 2707 -493
709705433 676297723 961 894
-42800734 -116554217 206 -448
621910083 76063816 1757 711
727137794 -631916823 1565 673
802505584 146701047 648 286
194714700 712273990 1696 -701
252236532 58122934 2291 14
-612276437 -930961364 2726 68
543677888 238521601 2005 -338
655331843 892639875 1117 -950
-747309655 -358029426 2870 -188
537183786 949541349 29 814
687437022 105408627 2166 165
978287077 795678601 1721 -626
-233975952 -168242025 2423 961
873390721 344748280 1975 906
368583978 -260017080 743 -45
-432334528 827504897 743 -700
-494738150 -823066783 865 452
-261134465 19685832 1448 843
-785573744 351783337 1049 -821
35466378 -807929498 69 926
-980702910 911460904 2675 -486
-450596216 937038852 216 -865
67492988 477919616 1891 256
142302789 543786598 1653 -935
-482183503 -95985793 796 489
4062097 -63461362 751 -561
-411237068 533560267 2909 403
359556596 -785043886 2011 124
-109785433 669653332 445 -490
131817881 308279764 363 110
730692163 -589351814 2070 598
753683003 -98843879 271 488
-938790477 -671897873 1841 393
670835644 267987054 424 867
450916636 645527047 252 434
-845351447 970433472 2250 795
113834617 -918055095 113 701
-432770491 -600212919 2309 -739
970770049 432699735 2186 558
498197444 -157614063 1463 -213
-708194797 367027704 1128 720
-665386 -62875748 2981 -232
139590109 -222555101 640 408
211028402 -207400064 2865 -652
122626061 298845907 1484 -132
23045266 283835576 2885 -598
640808579 -588307322 121 -958
-992476158 -876793141 466 -681
-276924060 174460930 2050 984
674150216 -710580475 2404 -785
405303624 192567333 2540 490
-680921211 343067092 2057 927
-597721913 -201613665 224 170
174086644 -684722795 671 221
-84004095 -539311242 910 -731
-702906262 -596977250 932 588
-24310277 478852025 2462 619
541720780 118313500 166 -446
901891199 577268494 713 421
80776149 -990005451 2039 -862
-433048351 610998978 2945 -924
-661508438 -44372765 1171 402
-764807118 -138876963 1610 467
-525637772 120895873 349 972
-132087092 -877781176 1554 -460
729605348 296851420 1328 51
-442133842 847176126 2509 771
-398824745 -382195253 1586 -370
842459482 834210031 2799 903
452163175 307393470 1622 -753
1246689 954573639 2068 -624
236382246 -248690081 2254 731
-56334565 -109665322 286 165
674126401 336553019 42 544
375172080 -965630264 540 410
-224109872 946908204 317 -32
-611118233 -110337499 1091 780
-291710066 -47233291 1091 -834
-122807581 -401820557 1221 -882
36785876 197095935 2758 -565
-83542731 425313721 443 670
-646270606 975287684 1284 410
458346033 96325151 2956 441
555212813 766588827 1516 -508
-208785642 -20030250 1883 57
779876245 155851852 1162 951
985079619 -520563073 1728 10
144823586 528047779 2418 23
980248393 362019749 2929 -992
70306679 -51470549 2604 -44
-260333373 944525601 1118 -401
686409130 -111530680 955 787
42245768 -324103148 19 -129
392446173 -418820815 650 -913
-937864511 301789904 367 879
517063149 355563187 1598 -898
-171244678 -303133596 61 -357
875807484 -701811941 445 -960
-809428148 -832857958 216 713
593770665 -839142661 2889 159
-202685424 606889643 1463 -310
859528111 913955744 478 612
59168808 -356279650 2528 -335
-501105506 439671181 2799 -886
-324014998 395670018 313 -806
-165391855 -29714819 1948 -280
-139400084 -350830939 2909 182
408833288 -255315011 1642 315
972109347 635897283 2358 412
-109057103 346416690 2643 -207
-386452096 -756178524 1703 410
454189561 -53681362 1888 -524
301090317 510025656 1022 -318
518734483 572325168 2403 56
-536159080 -15034876 6 997
940862559 897384543 1094 -750
-900131458 874084428 2755 253
-184474069 531640496 771 445
-380866750 139923969 2884 100
-2909099 -226587042 2836 -203
449463670 700613033 651 925
-351280062 280032785 585 233
-840819274 -196607122 1427 79
-368367249 -702599505 2841 836
380262687 -991057625 919 319
77251054 210388815 1612 961
245828028 622114923 2597 654
136474563 721529905 299 -943
243480183 -69130267 1151 -714
-101374125 926479955 2637 -520
-230663230 -564570652 201 881
885609403 577059407 1338 257
333384017 -448030913 2030 -778
-227947267 609892656 1921 -859
-381311404 -351421130 1966 -170
900053472 -869812671 1621 -729
824395305 -367036341 364 482
497332721 113994854 1150 69
52523333 -990986416 2785 -639
-642835731 -592925329 1835 -538
764485448 -383463906 682 -250
599836839 575773674 1913 -561
-925498790 422707574 1947 -838
-449085605 619814870 1746 -992
872571484 -40720819 2697 -520
187371859 822717629 661 -876
307594026 -754899058 1265 874
-886478703 -777915628 1443 -938
-213929883 40297919 271 252
-155257169 -401212117 1103 -836
-500967854 462906078 2197 95
114284263 248903668 2219 -566
524208084 772576831 525 -555
142933411 -429637233 2689 569
-397811219 -567706509 648 -234
-414961863 -834501446 2079 -420
-313125187 816566775 1507 -894
-241397425 -319812609 1374 782
-814928150 -510792277 1701 840
-945113800 494567890 120 994
581075868 385061248 895 74
857217543 -602670300 2587 -446
-808506751 232768002 2924 152
278505523 483974405 1844 -201
594071249 -252039805 1619 -121
882539066 -394855808 1102 -305
137404151 -856275388 418 411
712689196 -435825643 215 729
705062512 -165531145 72 693
-712202659 -248424817 1616 -436
-224405986 897793275 2166 -21
208855985 974300537 310 -975
-928689854 683158039 2065 998
618278016 504135323 1800 578
-326932069 -591614432 2528 -118
2 2412
1 1365 477
1 2896 36
1 2159 596
2 240
2 1787
1 1558 -468
2 2315
1 1458 -748
2 2036
2 1616
1 95 363
1 1831 -697
1 2592 -597
1 1558 696
1 1463 165
2 2487
2 63
1 1491 404
1 284 -717
1 56 245
1 1997 -89
1 2625 895
1 586 -738
1 900 155
2 1356
1 2479 -669
2 1650
1 2708 -835
1 1793 -764
1 1144 -929
1 2870 -201
1 2903 -167
2 2074
2 2594
1 2662 -464
2 2551
1 2995 -282
2 2017
1 293 921
1 2700 -471
2 1968
2 2893
2 2289
2 1274
2 262
1 2541 -468
2 476
2 2681
2 1720
1 382 823
1 2578 -10
2 524
1 1905 179
1 1451 -942
1 2134 -917
1 2241 -153
1 942 349
2 2336
2 1689
2 2385
2 2825
1 1329 392
2 2201
2 2096
2 2218
2 800
1 2139 906
2 797
2 2669
1 704 -659
2 717
2 1583
1 797 886
2 2592
1 451 339
1 1173 -978
2 1378
1 1630 390
1 1313 -889
1 2547 -131
1 2755 807
1 748 -858
2 1684
2 1437
1 284 -659
2 2862
2 1880
2 1240
2 1821
2 542
1 542 31
1 1326 -566
1 1522 916
2 1137
1 1501 229
1 677 789
2 2233
1 151 -313
2 203
1 1123 817
1 456 587
2 633
2 1618
2 192
2 2767
2 1883
1 2426 -755
2 1628
2 11
2 727
1 784 -77
1 790 -891
1 1869 -699
1 2301 -163
1 1491 708
2 761
1 2334 -580
2 375
1 2008 -90
1 776 -145
1 1768 -370
2 2575
1 1713 -631
2 843
2 1199
2 2800
2 1469
1 2196 899
2 2627
2 1497
2 1065
2 306
2 601
2 374
2 1147
2 1505
2 563
2 343
2 1523
1 402 348
2 2686
1 2903 -514
1 811 -507
2 966
2 2544
1 564 -828
1 1189 -584
1 1221 952
2 1681
2 1330
2 378
2 802
2 1335
2 2316
2 511
1 708 952
1 2672 -692
1 1982 -270
1 1622 -236
2 2300
2 2107
2 2796
1 75 -229
2 2136
2 2935
1 1377 341
1 2203 -917
1 635 -710
2 588
1 913 817
2 1399
1 1335 -443
2 1167
1 1818 -942
1 2111 52
1 2507 385
1 2724 881
1 2273 -722
1 322 -592
2 2434
1 2954 142
1 1120 647
2 517
1 993 408
2 2568
1 2690 241
2 2941
2 1730
1 882 -721
1 2401 -826
1 2204 979
2 40
2 1634
2 1564
1 1068 -597
1 1523 518
1 765 -501
2 1933
1 1091 875
2 2615
2 1584
1 1018 -11
1 1066 915
1 1498 491
2 1346
2 2501
1 2729 -530
2 2255
2 2846
1 1658 644
1 227 -425
1 2303 -203
1 1875 -162
2 386
2 1497
2 868
1 2708 -953
1 2107 -104
1 1883 -256
2 2930
2 100
2 707
2 1169
2 506
2 2339
1 560 175
1 58 456
2 373
2 500
1 1574 292
2 2179
1 2916 -805
1 2064 -6
2 58
1 24 -273
2 1628
1 2399 -789
1 2102 -280
2 1613
2 1312
1 1036 -908
1 382 225
2 896
2 2502
2 191
2 743
2 405
2 2857
1 559 -233
2 2330
1 2866 -505
2 1968
2 1621
2 2084
1 877 880
1 2686 -568
2 432
1 1399 -445
1 2281 344
1 1563 -315
2 2367
2 1222
1 929 -707
2 1866
2 2241
1 2898 329
2 2913
2 1276
2 825
1 2104 363
2 1702
1 178 -366
1 37 891
1 2292 730
1 1968 855
2 2660
1 2892 902
2 2761
1 2499 -320
1 2808 -651
1 1055 -928
1 2120 -424
1 34 -624
1 2527 -293
1 97 -725
1 446 -804
1 295 -322
1 2412 267
2 172
1 446 -13
1 1401 808
2 147
2 636
1 28 293
1 2961 -691
2 1235
2 53
2 1295
1 66 271
1 356 -341
2 2561
1 1713 -17
2 2943
1 2296 -461
1 1717 740
1 1401 -41
1 681 588
2 2971
1 1763 -210
2 1212
2 980
1 106 603
2 1419
2 992
1 1540 53
2 1899
1 14 -546
1 2407 960
1 2302 -99
2 191
2 1142
1 1850 -337
2 1262
2 1001
2 555
2 809
1 909 -994
2 1878
2 120
1 2380 12
1 1144 -999
2 2523
2 1452
2 2396
2 2924
1 1242 -656
1 2479 -273
1 619 413
2 1050
1 2146 -231
2 2814
1 2756 721
2 547
2 1479
2 326
2 382
1 2577 -276
1 635 -722
2 388
1 1453 632
2 2711
2 2512
2 2462
1 1448 -615
1 2174 -493
2 744
2 434
1 886 650
1 1106 207
1 87 -520
1 1716 455
1 773 -357
1 1458 541
2 2519
1 1658 -260
2 603
1 556 -130
2 1023
1 2936 743
1 1930 -323
2 2017
1 2555 -6
1 366 -859
1 2380 -218
2 1833
1 2428 -813
2 2782
1 1279 518
2 2834
1 385 -546
1 1034 -383
1 2579 -159
1 2692 -290
2 1399
2 2111
1 589 385
1 1212 168
2 150
2 2185
2 2793
1 2485 354
2 2798
1 1328 -559
2 2534
2 1564
1 211 -972
1 1733 -927
2 430
1 2800 832
1 2112 957
1 276 82
2 698
2 1352
1 415 -920
1 967 -927
1 75 -470
1 1275 -817
1 466 653
2 2509
2 2834
2 631
2 1786
2 2942
2 1047
1 1177 -225
2 2665
1 486 240
2 508
1 573 110
1 123 939
2 1688
1 2125 881
1 2099 670
2 1928
2 2414
2 1317
1 1210 -377
2 548
2 1912
2 1982
2 2462
2 2747
1 1576 609
2 618
2 1662
1 1956 128
1 1170 751
2 1803
2 472
1 1250 48
2 99
1 1957 133
1 2872 504
1 2713 751
1 2583 -321
1 2622 253
1 1324 -134
1 738 -358
2 837
1 2981 -299
1 2814 -488
2 109
2 1465
2 2721
2 1674
2 2881
2 2442
1 1176 -728
1 2240 851
1 1883 232
2 328
2 2354
2 1596
1 1571 84
1 1937 -728
1 2414 855
2 66
1 988 -845
1 2499 -317
2 2298
1 961 316
1 2760 -232
1 1782 480
2 2060
1 2137 -441
2 2396
2 2780
2 522
2 2956
2 2873
2 2109
2 558
2 1998
2 2034
1 2787 -873
1 907 765
2 2043
2 210
1 2234 771
1 379 -334
2 2185
1 2058 -244
2 2841
1 404 -867
2 1916
2 2290
1 683 260
2 345
1 2423 -342
2 710
2 602
1 196 896
1 1303 -570
2 1544
2 2205
2 701
2 2078
1 1000 946
1 1615 665
2 913
2 2423
1 140 26
1 2982 -395
2 956
2 1415
1 1846 300
2 1556
1 142 845
1 104 374
1 1807 351
1 1784 640
2 120
1 911 -327
1 2500 801
2 708
1 2150 860
1 1590 872
2 2665
2 904
2 2780
1 467 -252
2 1688
1 662 -695
1 2669 -41
1 2640 374
1 864 89
2 1404
2 2869
2 282
1 2797 -697
1 2778 642
2 986
1 2501 -30
1 2081 -854
2 870
1 1944 -231
2 2550
2 1835
2 1239
1 2845 221
2 1901
2 887
2 824
2 336
2 1810
2 2237
1 1608 868
1 223 339
2 2188
2 1425
1 1598 511
2 1061
2 892
2 1434
2 1516
1 2245 -990
1 2971 -85
1 745 936
2 2642
2 2872
2 941
1 1476 233
1 2046 278
1 1641 -822
1 2685 642
1 160 68
2 2448
1 437 73
2 2243
2 2776
2 1356
1 259 947
2 2323
1 2619 127
1 1135 203
1 737 -231
1 1391 -567
1 1025 580
1 687 652
1 565 -433
1 1957 -769
1 2693 835
1 1152 -808
2 692
1 817 -411
1 176 668
1 1607 -717
2 2646
1 1649 514
1 1559 -526
1 2687 -94
1 507 154
1 27 -750
2 2912
1 1506 -478
2 2346
1 1590 852
1 2863 616
2 1982
1 470 229
2 2395
1 391 87
1 1596 714
1 395 931
2 1983
2 2550
1 2214 -330
2 2795
2 1726
1 1435 432
1 2845 -517
1 1460 567
2 1158
1 1023 835
1 416 -929
2 159
2 392
1 827 713
2 1237
1 1398 848
1 516 676
1 1048 791
1 1131 -467
1 2907 437
1 1170 -58
2 1273
2 1052
2 404
1 803 -317
1 2692 109
1 1376 -35
2 484
1 1598 991
1 1966 938
1 344 -219
2 1519
1 1630 436
1 1098 456
1 1942 -198
2 132
1 2466 801
1 2374 399
2 2349
2 2687
1 2219 62
2 1619
2 2451
2 2877
2 864
1 1196 -535
2 1924
1 2846 -866
1 1908 553
1 210 947
2 2767
2 1338
1 2655 -527
2 1683
1 2637 -75
1 2760 -543
1 1917 -379
1 2523 -413
1 538 -24
1 593 292
1 2073 -134
2 2881
2 2866
2 1709
1 1069 499
1 2870 621
2 2678
1 1237 945
2 1004
2 299
2 156
1 2441 -102
2 2292
2 482
2 234
1 2617 152
2 2438
1 555 -558
1 1905 -65
1 382 -924
2 505
1 1588 422
1 2890 197
1 605 -1000
1 185 268
1 2716 -83
2 2294
2 398
1 2809 228
1 2679 -125
1 1015 -659
1 2441 808
1 976 -619
2 1856
1 104 960
1 1021 610
2 2544
2 2128
2 2469
2 2595
2 1925
1 2810 278
1 704 -52
1 2277 480
1 512 -807
1 888 61
2 2927
1 2477 739
1 931 -579
1 2686 -174
2 752
1 355 496
1 2617 697
1 2783 378
1 1205 -321
1 1670 -911
1 2305 -767
2 47
2 539
2 1312
2 2926
1 100 96
2 2896
2 523
2 491
2 1101
2 901
1 1392 748
1 2362 -320
2 2030
2 2484
2 985
1 650 -700
1 703 419
1 1170 960
1 1329 161
1 2543 487
1 1914 -860
1 683 837
2 2183
1 60 -315
2 1472
1 103 -713
1 1610 -899
2 2224
2 70
1 1927 -319
2 1476
1 828 748
1 1335 552
2 1717
1 166 -894
1 489 -21
1 1267 -432
1 2205 789
1 2394 -75
1 2773 66
1 1723 445
1 87 740
1 2656 110
1 2900 -610
2 1513
1 2406 628
1 2719 306
2 833
1 2128 -407
2 2384
2 848
2 2684
1 1646 -292
2 1738
1 1235 933
2 2162
1 1676 -729
2 1358
2 2639
2 2255
2 2727
2 2651
2 2843
2 1470
2 2082
2 2933
2 2497
1 1087 -455
2 826
1 252 -288
2 587
2 79
2 2009
2 1372
2 1691
1 2193 447
2 2275
1 1370 540
1 1300 971
2 2341
1 2782 -18
2 241
2 156
1 980 -833
1 1293 798
1 244 145
2 2644
2 1451
2 1878
2 1651
2 2700
1 2407 621
2 1755
1 1083 -825
2 511
2 2131
2 361
1 313 913
1 2318 -741
2 538
1 1568 -387
1 1911 -190
2 1884
2 2632
1 2774 -840
1 1970 -454
2 1290
2 2813
2 1627
2 859
1 1967 574
1 1967 471
1 2830 -762
2 2114
2 1427
2 1307
2 1662
1 2566 205
2 1861
1 1399 -953
1 4 246
2 81
2 870
2 2528
2 319
2 1982
1 720 -438
1 2956 -996
1 2217 -406
2 1651
2 2361
2 2814
2 2301
1 2793 932
2 37
2 67
2 530
2 337
2 2028
1 911 -544
2 2293
1 2289 675
2 820
1 2251 -344
1 2392 126
1 1780 777
2 1401
1 871 -419
2 2387
1 782 -12
1 626 678
2 1220
2 2906
2 1143
2 95
1 1923 894
1 2836 -158
2 2499
1 2171 -817
1 1540 266
1 2375 361
1 630 -181
1 966 -635
2 1887
2 556
1 550 -697
1 354 -512
2 2671
2 181
2 1071
1 482 83
1 2929 -991
1 438 -38
1 829 -205
2 1395
1 2690 720
1 2617 90
2 1449
2 447
2 2368
2 1683
1 621 -231
2 1364
1 2334 -170
1 2708 187
2 2244
1 2720 79
2 2238
1 1756 -655
1 142 -523
1 531 335
2 290
1 2821 883
1 2758 -264
1 2507 211
1 473 -784
1 415 609
1 2320 -704
2 1986
1 1794 -20
1 989 469
2 646
2 1001
2 998
1 2983 -914
2 1252
2 37
2 909
2 726
1 2137 956
1 2940 -828
2 2132
2 2879
1 2876 -827
1 2685 -281
2 913
1 1290 882
1 944 357
2 1791
1 1707 769
1 153 856
1 1191 551
2 1980
1 28 -262
1 754 988
1 321 -573
2 2008
1 838 363
2 1584
2 153
2 2404
2 1335
1 553 -279
1 1905 -907
2 803
1 985 -802
1 1969 267
1 1903 306
2 999
2 401
2 2668
2 1257
1 2804 -407
2 2627
2 1445
1 2828 771
2 940
1 2507 -564
2 1627
1 1787 -203
1 22 559
1 1151 774
1 1414 -234
1 1922 627
2 1663
1 35 85
1 2630 832
2 1818
2 1260
1 1154 623
1 684 61
2 2857
1 1443 -498
2 1282
1 1178 -917
1 2497 -176
2 2802
2 2851
