3000 1000
852865100 -673337521 2585 82
526933038 -309873122 2891 957
401890131 861787751 412 216
143765420 284388760 2649 319
-23350690 -667625329 295 -156
641797434 -780355266 1053 692
-344555000 -83921 1241 -447
-253872242 291404597 2981 640
-387078390 826210152 549 -119
-918614425 -755486014 1439 851
76554880 948918746 1253 269
-499202575 119026410 1677 -213
571791405 -258794244 1855 287
660863503 31642590 932 18
-370642386 429191184 1378 390
-9779380 -908403494 77 484
59329482 -600407852 1715 275
404996460 487481864 705 108
-809160677 -967312820 264 702
-932461056 348031403 2066 41
457591170 20091136 2865 -674
-789038418 487644615 1746 769
-748331739 -261254422 1949 -731
51922935 781235566 1124 461
-28278214 -293032402 549 140
-717426610 287546352 613 656
-539577441 276706440 30 -863
-915901072 -492378319 2993 -157
-261064300 -318203632 128 -672
-516070438 401850745 2307 406
869983965 321581765 2202 -423
783736977 156509086 459 -240
-788073472 553184786 1068 -836
-754751894 -827748757 1330 -40
-440570666 948148151 1470 526
-548830524 796756007 23 -710
902177778 -860056545 2004 287
-911711695 -521028558 1668 -549
-38834018 602932639 1966 979
-924976520 -847001046 1722 708
520244543 375988519 1882 554
734399948 -146159368 601 -330
806495161 -765430510 916 -276
-713328864 529202913 2318 -582
-953301619 -692034559 2614 -464
-241078468 -690475835 2229 -335
-315126830 -735617798 2141 955
-156065623 -795164484 2757 -539
-455347807 -542106998 42 -647
-856252353 57682185 1555 -616
7117143 473838500 2929 651
-507476423 116110063 1021 -441
166434531 619961468 361 916
-815093085 11096789 1116 452
-600591770 678725143 1428 -922
-663225058 -805281593 2485 -534
-187751719 -302030155 483 -523
-558471722 -135722330 2882 841
-895409976 -523695568 1744 -16
188217258 838382668 1217 183
-353231785 447518199 786 -65
580694483 509750132 979 157
859196564 291039997 994 658
41042337 722173063 2813 681
-382232823 478998898 1167 -750
814181680 -54616400 652 -48
-312837342 244299641 2367 495
-723185916 696898348 655 835
-631204903 -514822297 238 -569
317786078 -47975183 1011 276
246147213 -663942687 988 -187
408902126 758491983 2745 315
599692817 -984100079 964 -433
539492402 -948930196 234 -547
-955599571 -987088073 2870 -321
722781911 943879173 1522 -602
-660276846 179539989 1190 -876
535377176 975796976 1064 -753
-258096484 -220322462 1589 837
608493661 -341448904 1068 347
-720000268 -963155756 1734 -520
-756992295 -476291461 128 -456
-863543179 972966971 1090 109
-359533104 -944664477 2583 -376
164326792 -783230340 2065 450
-239342059 109892819 2198 16
-837807468 274841120 2226 907
-143991517 -620634639 154 -768
881942220 -805540867 1552 -416
-394933417 -470478423 1657 -847
-960570634 -665057095 2647 969
111246239 -904273733 483 -709
-29124844 -593981592 715 -862
-32920385 -970692237 782 -97
410572805 -845862619 1226 496
-513732200 118815368 628 529
460937588 -121800049 1874 -133
533075197 692968068 1875 834
434877168 -509050465 831 5
-841019448 -481054476 2228 956
-752199660 834466181 767 -870
-434652082 645775836 2926 -177
-65358113 -533074476 1503 735
942262918 223837637 111 615
-62329134 743255073 2764 -339
-414427769 969041627 296 987
712912137 -567584237 2499 -163
325269860 403551792 84 414
238518451 -85151255 1934 805
-547724849 690657717 586 309
362653525 494701984 1887 -719
-281279943 -2898154 1258 350
-223667687 579564278 2296 437
-349905819 -989609015 860 -919
-470322904 62267073 2260 222
-209214419 -533996588 1764 171
-417852275 781468064 2614 -39
-718446051 -698286621 2202 -670
896091333 100731088 1108 999
-932850890 124758267 1831 -975
-112525923 403715577 2789 -129
544164042 -579307206 788 -597
-611832019 258032476 545 375
329121462 552016153 2073 -450
-192426267 618271302 995 856
825449399 -761716115 1366 85
-950346447 -339056369 2119 -578
940774289 637751185 1747 -642
-305284109 -511685707 2554 172
109536523 107404014 384 -133
193508446 -314316611 2992 990
-288278581 -1871409 2009 -668
-24182851 -793379512 2915 672
113383468 -809075824 1378 -213
-176973552 635450931 213 717
-6956895 -945130497 354 451
919978001 -840743071 608 732
560560422 719756764 2952 196
-536100501 266284484 1529 -969
584702899 -272685846 1791 8
-133739023 -245875645 1519 -449
107967024 706408098 2111 930
130480275 -594379117 2416 300
-996622333 -600221629 778 7
388634774 140729613 1349 -279
206646379 -983953058 918 -702
-426159092 -749961859 361 243
50153324 -229200932 102 863
536193984 -882725101 2696 -537
570155894 46605546 609 156
-262888397 814408323 1090 -639
-624813000 846907281 1537 37
-719599243 -532126125 2073 -358
-860410953 -508894310 909 -791
181603561 -435616438 744 -501
-542500993 -181467832 2402 -494
-532040747 466634835 2981 -44
-52632326 -640317790 177 643
929017658 574038788 450 533
32310030 427652171 623 -324
-954705131 -702261462 912 -900
674613374 624891183 546 -180
209039129 -682012961 1342 -128
-227827519 -381087566 854 73
501110100 -430335662 653 -295
-287723594 -487404657 1847 -761
127697398 628943960 1274 -329
-976022279 -258722805 306 864
-643085083 724938778 2145 -772
494956667 613243074 1053 -57
-879556215 -199823376 1987 118
352618437 118647353 2300 506
-863774015 -596244133 2926 -402
459256196 -368609846 2182 840
-839440926 -436364196 238 6
-378699329 636894769 320 580
-332792444 -941489092 1125 198
-715422756 -981997109 589 -775
579004536 956003193 522 636
392872366 -791431232 1623 981
72860429 867449315 2119 638
-474448340 991535468 1107 967
875801418 586754218 2833 -55
660864205 -564974858 2671 194
429110399 -706283049 665 -840
300299655 326933174 2519 -322
340217863 107950506 2917 534
-483390634 643822848 414 689
815746531 -524811087 459 -94
325189093 -612729191 1654 -756
414977548 640691984 141 -575
964381191 622367033 2126 493
-332251693 -704441100 1552 -178
-127755241 478365711 540 -957
-139897002 -693665449 651 -47
-714792776 921606505 586 -331
-115259201 -555152903 2577 629
313535750 -918802746 2287 359
157066135 360223116 452 196
979893231 188275998 1517 -509
820569098 396560108 1178 601
435511540 -57862260 2664 -466
524370777 -320893073 2684 53
420542054 989778511 634 740
-398185944 868188834 338 -961
753244463 855149796 471 982
-183660138 734263253 2922 -635
-162932122 -106932081 2838 -457
-287923886 517630209 1241 -740
-717898551 -888023787 2458 -355
585738683 691402071 415 -672
710868519 473246657 193 -369
690496575 333118851 1816 -981
637872922 -613414461 2023 249
-224540497 -359711690 2400 118
-370469904 -870939294 2062 851
-865354807 -865440710 1708 -38
600204200 -81189339 2797 628
-757464812 -348334619 2491 712
137559621 -438485872 1860 283
583993059 -978198556 880 237
-791288127 559437686 494 -979
-597872139 354563414 161 949
-390504660 -208515682 2214 -377
-55549448 -25409150 2085 466
290736688 -846172686 1091 1
992438717 298132959 2257 58
3401576 833346293 757 352
148235484 792865172 1003 636
-695688630 902472974 1407 564
589500366 -648981259 1314 433
-25035601 -982681939 992 -244
719745896 -129646771 2471 328
422242272 -248343790 2396 -883
986325642 227767617 1257 -507
-106516012 590006288 638 839
61651930 359507563 1284 119
-621756105 104710472 1977 832
900857629 -894475902 76 153
-486812825 467173979 1326 44
407481690 -999258223 2123 -73
441258537 630642085 2127 842
-799575517 840379846 2649 844
-170325605 -830357579 1747 258
157798321 -90880294 710 -305
895163335 428155847 1006 -12
487425565 19399250 2233 982
-862975149 -606037603 1997 -529
585495160 -709653180 297 208
656799133 384680994 2401 -243
-270229258 -650304311 148 -778
713791325 526792497 148 -560
981968962 -215867348 215 -188
518602120 307597092 758 -735
708980390 579336218 1441 -366
-402112304 -811945928 11 520
-243083796 -341912158 2843 -123
455115295 -780684054 1124 -435
-741987547 222683553 2869 438
141643738 974552418 2992 867
12373826 -664046549 2174 -807
955219030 525115867 856 869
373813092 -985307351 2987 338
490824799 -669988798 2449 830
793038085 958379989 2072 256
867289269 -889797737 1006 733
507639387 -83292948 2167 -115
770659901 -782409970 1057 444
665754275 -512628511 335 251
-601396818 -117218085 267 130
386234012 318455395 1772 -743
-156466397 -905147541 206 256
-301525533 867938698 1927 517
344092648 330713440 1730 982
942533761 697492651 1023 770
-341073094 717992601 2424 636
41901266 -60893928 2042 13
192438306 -156160966 148 -755
-980183899 557180039 11 -53
-772881751 823150493 2381 -280
-267615915 -451496620 237 -190
547374443 297455291 905 238
293466614 210437538 2470 -873
-303457944 943385759 2040 -348
165810592 -316703838 2709 804
526858870 540534897 1563 352
825112705 -227790283 715 125
-446648103 -366395648 2677 5
-973465750 993139938 2365 -768
-640894971 747361277 471 196
822255170 -52387557 440 875
422241650 834431245 1612 -876
65762580 900943361 2856 -661
487728642 -568753289 2065 -492
200118396 204564585 1009 324
-770902779 -633133639 441 -299
-664166351 -831068290 2126 111
400384414 86998606 2941 175
-357828772 604834753 1489 -819
-157551190 950128204 1399 -925
-194049224 121826170 2272 937
-647960071 -807288495 2987 -502
360195843 724548365 1504 880
-562829517 -118088524 411 18
-582958981 38178302 2148 -588
60571102 129858501 1701 -217
102459620 -467431379 1109 833
198709461 182531810 2550 981
492894740 214459368 2149 -454
-783981396 -495349712 2745 -266
797255761 810932542 627 -402
626070854 -862480273 2596 -322
-962744625 551781443 399 -989
985247721 840457869 482 167
141658671 -858781271 1215 126
976347894 -863676916 920 814
-898474533 -976295453 1014 832
889515913 952704892 36 7
807578330 -507415167 1238 130
-743621671 597185178 1069 -361
793493385 -649755823 2757 -634
-607440922 -933856906 2290 142
-462088295 -62711061 1109 -403
-116536746 745184807 313 -649
-355338750 197060354 952 -946
-75732595 -150435962 323 778
-803937056 639219164 2519 97
-345353112 235788267 1605 -275
-935381564 813357375 2993 726
249409665 842676120 1220 -342
457085444 246987762 1924 190
-547314889 -774173081 68 289
-115155851 -702086606 1380 -143
543079290 -717148217 20 -6
215817576 46880838 797 -490
181481243 111309322 56 193
-519118788 -536668314 874 986
892960158 87972817 2358 686
66262119 -985805887 2005 565
98412797 459819871 173 -769
-907178838 -361663069 2767 -278
69741171 868865346 2077 510
155902744 437366050 2678 626
-193988440 899401373 1559 940
643800514 725439810 68 396
479834597 -775753539 2597 -383
-969973291 581520080 612 -5
-665710892 -671259640 855 210
564061924 -616849163 2882 -934
609028937 -322046456 792 -924
376602237 -209169144 2070 -848
-773018651 -546831405 1605 -681
-981394270 266527787 751 -79
-598146386 128361209 1688 613
8763893 230162154 784 -699
271640389 418951861 1243 0
-688881324 -922238457 424 237
-428089652 -959635839 1501 611
-218191567 551334819 79 909
-803341255 -673968984 587 -126
37825178 19063553 2114 952
-821571112 794864218 2994 -962
-101126866 -28837869 16 -943
740759227 -628525394 2868 -370
-779167143 603494070 2772 526
-376764779 -910410285 853 -942
-706568491 472281698 838 -171
654835538 -157239871 1920 490
717833564 -379901072 2935 170
442523182 -267670699 1345 516
529984687 -535915147 2629 -171
995326337 910994497 1563 282
-541381181 632017724 2927 663
528672107 -121973712 1805 -891
-465848379 181681383 1026 5
401682528 383422522 252 578
-207354694 568828520 2298 -646
-385064270 -781755150 974 -647
159383647 -249917723 2550 785
-859005467 777436475 1267 -210
-965808246 -54431574 2829 -491
191716496 -591693906 1971 892
-306359619 -650858084 1952 495
492367828 -299042 324 488
297387564 924685247 2742 482
-923991393 -784375409 2423 470
-477908072 -996934588 428 164
-549164883 943001956 2083 825
475113270 -412438259 350 319
170703280 11593196 616 -592
136218492 -143144250 867 -859
-823982663 892247715 189 -474
942943470 854342390 2984 -970
966895213 344355326 441 -426
919402613 416699901 1950 -138
-506931006 592073870 471 -730
-348204411 766356447 1324 531
-926040674 430611932 1983 -284
812684786 745063316 909 691
-801066833 -815089128 2812 436
863798831 -874904525 819 -498
-373670885 183291301 2888 -243
133962729 -795693661 2273 -806
-321970757 -754509899 1850 695
-126029824 -465122924 368 144
195587266 -435800627 1664 -295
789491646 944756959 1126 323
490967770 -210307047 27 -589
735743356 -96527413 1842 -624
270325779 -667739400 2928 508
-865031011 -16688459 2813 606
770605385 -387954045 2926 -72
-619922019 -403079488 1799 -447
-794812009 -98300162 64 -649
766638130 776189790 2383 636
-63684389 954486534 1285 844
-347757990 -650140826 2080 -604
917922705 816035451 2887 705
-709435412 885756620 2587 -367
-960264505 -103029965 2544 -313
-795061249 -388598088 705 -702
546031036 659426056 2796 -955
166787610 24376077 313 819
709714725 126707492 2118 818
-73341012 850085706 462 9
592474738 406670452 2198 622
-773932180 -436675453 1809 191
334944897 -768661940 780 -698
-49318127 231549216 325 585
-135361635 -347808534 1835 -826
449526912 539557657 165 -808
-169305019 -199166943 2287 253
447133461 520032576 2471 105
37215847 629988895 411 232
124487324 494143114 826 623
-728948650 166335679 2502 -556
-363890332 -276144300 2198 -291
352407139 -950112528 1917 372
-460264179 386555791 2867 -933
540054135 665766696 616 -415
-221221242 803216479 1756 116
-83510255 862089748 2397 589
-455417582 -169993501 1761 -523
214024422 -862580762 1470 402
-322108321 745841675 447 679
840743809 645483992 1068 846
907183749 -46211708 2513 629
543380622 450705195 478 945
-612423372 491557188 2289 -615
426236557 -632589322 2174 -736
640835584 436063303 1088 -205
268669178 -677888233 2629 649
-880076617 -107867699 1596 -92
-42206253 -1709465 46 474
-448833007 868124077 1997 -204
-590263802 25267248 2926 99
189975958 881674831 1905 699
903168264 190252807 1905 -295
728744774 -159166185 518 387
-315845630 -700468140 891 845
-327865298 -121816514 1391 916
-767787533 530738229 2141 -433
-243851573 612382905 1874 -280
555994501 -176286099 1198 216
-519888876 40734082 908 -130
49758059 -17102424 1375 61
437011539 -140680637 718 -35
921725670 355926532 305 -533
225880745 259776744 2619 564
-560562790 810145185 1834 402
804189434 -71611136 1686 -120
259298847 -956436925 1468 -574
683441243 -438063803 291 -892
-677760109 443818087 1517 116
763946830 260070098 11 831
896288506 -139244919 968 -495
428184312 699898966 2226 992
923105175 887614423 536 966
583114108 719076907 674 -994
375491771 -313273546 839 -748
470218618 -180896559 2630 407
-844272932 457625694 2926 962
975062118 -381853923 1673 820
-535880801 -279812499 2677 -208
33991721 -86670358 1997 -841
-65653648 -520386610 2874 -119
-367318602 702672594 220 -281
-317062020 879295117 545 -815
665976383 -576783392 2120 -18
-340901877 -49860973 1018 402
-504252103 -527892791 1690 126
506822871 -538464857 1314 -690
-582445114 -147099124 2274 -122
-495553817 -225905725 2981 89
-415961999 439053504 997 553
-138157622 -802925525 411 237
922059291 494880425 678 576
413679353 -663530644 979 951
-230418369 405055902 990 -263
-538612128 -804265758 50 957
821367636 -237977076 1958 -61
702545360 210396722 1596 -878
625250773 -844531190 1762 260
-171237853 475651188 2645 -179
533212218 382296047 1045 -249
-946290427 971282538 2286 30
572123794 -406037071 1248 268
-424855989 -316011057 1736 816
290749356 -821779001 2856 -138
164801808 -614091276 1439 -537
58789871 771776855 1280 -478
686464301 -26870562 1726 -490
-446789894 -353203087 349 -429
-689061784 -792054106 1596 -25
996783109 739434960 2917 -43
-272429512 706766151 313 -22
-882587616 890841537 2210 -103
508278821 132685061 2928 408
-77904181 -30900693 1079 155
45806274 -689680096 2118 636
-861596038 646584263 549 -730
-411243422 -199969511 102 545
46856046 -226140516 1242 -533
-421049323 352487125 507 479
-319978400 -702133046 307 945
-632571637 542361774 1747 -161
900941316 -97398214 2779 -3
-960240942 -670628698 1293 54
-42497181 116780615 1003 -11
-16367618 276568733 786 -531
-220560605 28490572 1393 -227
54946927 601552143 2973 -969
505234258 131119407 1503 -864
-635610274 -745117754 2234 -550
-251588038 31369720 1874 -714
63637765 429856364 1280 913
991547 724183212 2825 -564
-983303385 931670957 520 -201
-709323813 980443692 368 -736
878047732 313198346 2175 -389
-919560575 -438530550 1500 623
287747375 329249067 634 -643
-859306328 820019721 2708 177
-816079040 22526927 322 765
135668151 -220461623 482 -336
829109885 779529270 1164 -942
993343793 -579821337 1362 849
581895027 199619368 275 995
-177718084 -140138849 2805 709
59996701 155838454 696 246
864989013 887068190 1607 108
490808097 980656045 305 143
-759670628 931788395 1138 -906
-300178806 -879178176 1507 783
-629212620 -654282288 2120 -402
-308768331 -644912305 485 736
979662979 675525167 501 438
-416613876 179242878 2637 -504
48644621 295032611 1825 323
-25371394 -9728621 520 871
833634522 -65451680 1697 -17
-567184651 675352948 1091 -855
-995926623 474049795 1292 50
-283906890 -334610970 70 -432
-681884848 -792189669 1226 -427
64237751 163308065 2574 22
-308793028 -362215426 361 -64
51553052 518459018 73 456
245776953 -529996926 2318 -160
735101937 142962685 655 260
-22173230 849483963 1518 806
481113951 475379567 1344 913
503729985 686390241 474 -905
371741107 866282071 1564 44
819407382 513542269 2224 -706
205323887 -799157187 565 672
102102522 -956203393 2847 362
732420976 -406661963 653 -717
-978912086 -372520767 990 556
-550654961 -671839592 870 750
-70673933 601548895 2897 -161
-958616985 449379281 2841 533
-476459000 342079369 2089 -346
-548946976 114384257 581 -482
921281056 -612725265 1257 201
-586780519 -792601306 482 -27
965494555 512011637 2757 -128
-924156326 -671440498 658 -479
352090829 -597523694 1026 310
5453903 115443911 58 457
-287686395 592627060 2895 376
314140946 783682512 2065 -404
624789984 190723433 1794 369
775090483 408621733 2301 -82
338192888 -272559766 118 253
-794935314 733652787 2304 678
352558357 262192930 2071 893
132797392 -712029336 2713 674
14849111 -123133267 989 -926
-711343463 -507623264 2857 255
-359468373 182403989 2807 -908
805967284 321426677 2821 11
-819910006 -543518198 1088 464
991258059 509424248 1540 652
13499600 439377317 2978 181
-447067350 -600594795 2642 630
914707810 830902782 775 -553
825965349 577298879 1647 47
-657483462 678954083 826 762
-596167382 -769742692 715 772
-166849774 891183653 258 358
-202837070 827646233 1001 557
-706637156 -626378714 1232 436
-627968482 735180893 1881 -447
-618811549 -378244647 2478 -76
-292046377 -433987231 1552 18
-249481174 914801586 923 999
-741929057 369153807 1424 839
-787874572 664781171 2879 876
74912241 -484356965 2444 586
-146849378 906754333 1062 218
-973541123 257973403 1164 365
512076552 -774501245 2198 274
-512309713 -137542906 1116 882
-623923109 -462633724 2547 -668
653939487 -988485580 2128 -587
585399824 711130349 2737 -294
-289320113 626236770 222 408
-454673253 335292176 2312 760
-157474035 -466927679 175 618
-786841781 77889444 2673 422
613587439 433081258 249 -123
526276323 -882807387 2571 292
-770360280 -847138352 260 607
-231605689 -548023277 1762 -137
62074646 -738009947 343 109
-739732611 -510494705 757 895
445185331 432822266 826 190
-29725208 -113613714 2234 740
743284862 532178073 1756 607
-144279310 94913631 479 -441
321604216 947676098 1747 852
-309988590 -302191532 2298 437
-438005110 -511624459 2214 199
198116286 926132002 2876 405
-851687037 -51422254 1427 719
474860356 -103722000 1974 -409
393169060 753225473 1976 621
-243051789 139651342 1973 -336
697739222 -975868019 605 624
378036387 -743330972 498 -228
-382523598 368657033 2308 -733
613205758 -263306042 2777 887
551453554 -253995636 2024 999
-1698043 -710171422 2130 -547
530674650 484193292 1014 618
-206562240 -705190202 2890 748
-644132151 -234760935 102 -415
-810556051 73811838 1952 -581
64055039 -170350089 1542 424
351634463 -544237805 1919 53
-77701368 -418591936 2663 596
418651891 537717951 609 56
217273628 596254298 85 -269
-594847603 351364926 1764 -722
-969917103 -154501428 1898 976
179146083 483977663 2325 969
-453439891 -848388342 76 264
566250779 -553910922 935 569
7218707 -261613542 826 732
-533813107 -105889719 987 -929
585713255 189387515 1045 454
996649926 137154538 1920 696
-932038169 -60504019 987 560
-751541730 -898098826 2724 -884
-610385192 997238152 1766 394
-924259251 -769641340 1442 673
555130856 -167051650 1407 -996
801062744 19597437 2188 109
961188238 866580016 2054 869
-22814071 242059174 653 -374
785941836 877362413 1987 862
-996201755 453491154 322 198
400070786 -820473929 1626 -319
855556329 -626585409 2818 -170
512974327 860649426 1850 -421
152471879 460008303 1218 -292
-898307798 938135256 1904 -153
476438632 -737372882 2821 -718
-121194914 354471647 1773 -240
926931593 915224107 628 -120
334881340 435731449 2217 744
753048856 -298910745 1711 -555
-587752543 378603984 2847 -57
-295209403 -655379951 148 793
317361989 -297646707 705 969
676514112 279044 494 816
-299708702 47310399 1067 -658
-983096868 646342972 1657 -558
-672335518 -332448803 1061 -333
773623170 -461863081 56 105
377289772 14145664 1962 912
-416064259 -282755463 2690 -571
-919234402 -907754646 869 831
-481841264 -692015814 412 277
408756953 -199317033 2750 -107
783906148 -904423470 966 -739
670256611 -11960905 1287 371
119320128 -531354879 655 -313
-31396224 676751449 1899 641
88224365 262599861 2708 703
-617665954 737333255 2769 -823
692494446 991331198 1022 -22
-402667443 925844365 865 -397
-286704798 -735237941 784 -382
18548667 250983680 2439 193
-334602873 -838479173 2214 -261
203464058 -929315841 2134 -256
-411732518 314271343 440 188
950354964 293888684 761 -631
-790542133 370449333 2744 -958
-56193033 402982905 1164 -595
807258623 61643646 1117 443
-95893889 -859683789 959 141
-642061603 -444669954 934 -735
-257574260 473200235 2959 49
-827208595 531207370 2338 113
-138142386 -245671525 643 219
859334586 619669391 1074 691
-49558453 530158747 2325 302
-268557178 -423071004 2052 -413
834308189 845676742 454 206
716869613 -660689965 2172 292
722335701 789095939 831 -755
-697878477 -385034220 996 322
-389772404 545333962 944 -52
202465108 285875431 628 -375
-69098226 388705491 1126 324
-486490448 -204783107 1982 -431
446089011 -24388478 2307 72
230886287 -721189237 944 -528
665417367 496341472 285 -868
-563769830 65691477 1694 -815
115498148 -286660245 1449 -762
949358260 -753425564 45 202
-130984488 264095895 2124 -585
-464191958 108959613 2824 -463
-120364467 -731085489 2841 -177
985701825 -854328579 1880 -835
-749228534 -224501762 2696 -904
-817863856 363636592 1033 94
-721922585 244116265 974 327
836438568 339957238 712 227
606619089 283417524 2183 720
162339361 249398903 392 -905
-774516880 669831018 1580 710
613632118 -478583044 1023 -374
-670038360 -432637523 2020 -866
641403930 966572791 1577 -418
895541675 38327557 450 -235
701081636 352942210 337 664
796820821 732769637 1830 -260
-354903352 22770270 1027 -251
-311491094 650512549 1637 -564
-286991801 -491105795 1741 -79
691932558 354159479 149 -934
-347246843 689624571 2658 -75
-715865465 722886787 2629 -259
797488522 542188016 2130 -23
736350852 -402350779 2788 848
296876856 -315281060 2061 -402
552004937 -619797950 2298 -552
-121289849 -730995323 867 768
964338960 212413042 201 -476
-259779885 -753045599 2798 -187
-233659340 -87445659 780 -445
900021823 -270274603 2536 -394
-132868285 461923089 300 -709
896133910 162751851 2114 -418
-552301393 -296397953 2629 -234
-678741724 41965810 1133 -503
52626631 -183985807 2214 -554
630862828 965771677 21 264
643444806 -628239909 1253 -649
-883926791 -523263993 2878 134
573987430 973827015 2677 815
441082480 -557403877 423 -519
-370774717 345506240 960 -68
-558327923 812695947 177 330
325473349 508418009 1600 -66
143637822 -982054106 2065 -188
-120516043 908665742 1860 -671
-976063967 924826399 2794 649
293832082 790022898 741 627
-332899816 451896873 608 699
-956768782 -650935381 1199 -711
583194306 -572399980 1126 -960
-348435293 -884164158 471 -100
568747748 106834378 2529 -881
-912405655 733674058 805 -607
-42143167 -520216551 2611 266
966140357 -602177852 2859 -580
-444647621 737271308 291 -442
-634238305 -220914446 2586 119
-991961717 15772627 300 -315
112186222 22326636 2503 -998
510143455 996118323 954 941
233237425 -54999831 46 911
606841649 566966066 705 256
529148394 -310675606 2804 -372
170118268 -744893232 1271 524
475656030 517724090 920 932
-498896060 314350352 2437 650
-836092123 -362654979 2296 -537
-481858654 -966969251 1583 -436
-292871579 -478846847 870 -410
-197636009 584997742 786 -68
954405073 -451906703 2706 -719
595789286 -626879953 1052 283
-174130436 777450304 2285 642
-943946532 -626404841 2909 -397
351259585 -223501772 2658 391
-487064646 -861777942 1703 778
-85126578 -154485851 772 397
-598932664 419289642 2906 906
-245833312 784213130 2287 127
231768310 -269639783 897 -818
294436176 -56953636 2422 -250
-647845932 836481558 2135 -60
55363101 -359424049 2467 24
65818661 377364915 80 -261
-429360106 -954658917 1833 51
42061124 -477119193 2842 -90
-212365061 -133995629 2137 -944
66845053 -738418902 2807 -814
193562271 -629641167 2310 723
11780001 621147711 2020 -666
-122356341 116312261 1442 -435
-191773679 917442858 1057 -36
-824030504 845365236 1935 699
305007975 538291032 1009 -386
-580395106 -854014290 3 248
541676756 -854488797 2309 60
-475820920 -573436401 2029 -242
-61381926 982281750 406 188
-333805420 929406697 1226 535
873847822 -768355998 1577 -706
-502856114 107478215 2242 -461
716958503 133770132 637 66
323545651 390801132 1767 -972
-850937683 -434905452 1855 -3
-581785096 -673191673 734 -789
-592583563 483857151 1151 248
158555402 694776242 2569 -204
918731223 154834360 1977 -615
-819118621 776224827 2020 339
-856110988 718682802 1965 -151
889172954 -548117380 267 -920
743816614 -991966449 18 -885
418779312 377430626 170 365
127201315 36732461 223 212
673137822 715168095 1357 -856
-640996464 -450257977 2870 912
904342235 385570852 732 -342
550833646 -296981113 423 -595
198938637 -259424306 2111 286
706943414 -850058891 2779 692
-850110758 -354187709 622 -540
-524029579 861243592 2071 -392
-130168737 498692832 77 -657
-675338988 -540306625 1977 402
75915198 -179090796 1850 258
-475601242 936425360 2077 -405
154324096 -748892577 2517 -507
357473822 -316295000 592 901
-157799243 975383573 204 87
737549420 917688496 856 -938
464324240 -698305891 857 -122
-310490330 -608464357 102 10
228178525 -698646541 2020 231
790877777 -327302493 2918 650
213920483 -440481616 1675 -399
-309804485 989829797 2643 -811
941542121 799684984 135 891
959049718 432211059 1044 116
-225913991 954391205 1752 -353
-727395691 -515500882 1173 -23
989814347 16218983 133 435
347713663 -87723334 2125 98
-61681048 498151286 2114 -318
-23222548 -184655806 1297 -151
-481163782 -643197996 2252 473
-64696248 -727530362 2639 -304
-309316339 736254655 1803 -636
-610304933 -775337092 1067 851
956340001 756508558 2202 -815
-702913790 -826426937 1741 580
329108835 -744553126 1161 939
-941231153 406954457 2237 640
-920558912 -850157460 1939 891
-736146387 -343960498 1133 164
-404233987 151435122 1061 -38
-352677278 -42678722 1234 -889
172919392 414104507 383 690
-41314719 -580628492 542 -382
-719804207 -594851340 842 -983
-262397732 113838656 2544 -148
132763602 -582635062 913 356
796324258 -687973630 2958 -427
-86369285 -293257461 417 845
-524123025 -433973012 646 -800
568551734 -669799235 2519 670
-848552412 547478064 968 941
232037882 -412099031 1228 -508
342507191 177891833 2882 -179
490801604 666364985 1612 945
-379485440 -72309533 1391 -848
326000286 -457236178 2182 -560
-260247543 -435324887 1280 510
364463655 131924881 2706 235
-67412278 -99320125 1508 447
-840341611 742957916 1995 923
-993796985 -216199501 1392 490
-59754639 822937424 2174 -565
-880827168 -929984236 2985 910
-1668799 -932612524 1416 747
-479087874 773534773 2472 -524
679201816 11613996 212 652
920553949 -205984647 934 -197
-81743033 -199355699 1885 471
-404950654 -899067571 1429 755
808199213 -39039852 387 113
481900842 -846949216 842 957
-720294257 48287520 244 411
-328741568 652076487 1971 1
-164951526 59482516 2538 163
-592834671 -412594902 1214 -689
428505844 218486619 867 -23
-735938512 440015404 842 -372
420483080 45262699 1597 -832
-837729871 529296772 170 -2
708137972 742120050 2954 531
149624579 -545300378 2550 -168
589236111 496007371 211 161
-594585785 135644095 99 -476
-834212652 888659139 1470 -834
-228151470 352138722 1251 600
-673620512 870182430 2649 -799
254619823 259636794 2118 238
73624400 667091347 1931 762
132099038 -907302561 266 40
929535208 -325995574 786 -860
753869386 930665264 1218 413
366106309 111079904 312 -761
-800281941 -975353814 391 204
539966163 -497870090 2804 -216
-250331109 405082376 2995 -190
719317606 271210014 1168 860
-924477975 -303517675 1218 903
-517374933 925216117 1389 -455
148443516 928207099 2654 -228
846256631 -449566678 122 -221
-97704344 751582247 2516 65
-111252407 -973958811 440 -342
550848533 -689490072 2177 906
750382497 -706057338 399 -474
-218902002 -753693940 261 -855
-117009539 -690656367 545 -678
-318849335 -418962719 2132 -27
-636602756 -136752942 741 -557
-251228409 973690291 1885 -906
-171413125 -44052204 2888 -70
-791214462 689902411 1108 -941
-638193161 -386351878 1657 -271
-533815696 500380365 2230 441
-959541146 -871852721 1297 100
-966111768 769660862 416 891
-67078824 -892235292 2301 -384
141818235 768284273 842 369
-500416733 84023143 2404 -733
-583418915 764147183 589 -542
-330600516 630937224 46 -558
-876901651 -464947029 2722 418
244207211 592943784 1368 940
498622272 846506124 462 -534
-135197326 203035541 173 49
-58989118 -549183352 412 -693
56152641 -244447290 2871 559
-849965671 -254616995 2566 725
854823526 277002485 1014 -621
44556830 959237054 779 -366
926406635 203819137 2140 -876
630982884 310581128 2081 -810
925811379 225955844 1295 551
65278794 307343661 1404 -760
324474194 116823110 2637 479
361226720 -462906000 177 305
-916270254 -542469203 1752 340
858264939 989489382 223 558
-492491894 6476793 1519 493
467983955 578643821 1389 924
-480674048 -340000102 1962 -570
-993743591 969791249 92 -651
-577706755 176255318 960 -407
-149922755 546200231 2005 -193
318834403 25626564 383 -782
44079756 465934852 120 188
187326855 90575022 638 -815
-39213470 663143904 1756 557
818132405 384526758 1593 -249
211430386 143053140 1218 -754
677412732 958602356 708 -199
517403467 -468223988 1938 615
-861540164 -167861829 2471 354
718658441 314485081 2260 -785
155654490 163643896 1627 198
387830020 901770040 1303 412
-505836706 -431120434 1358 667
905212315 -585170846 2136 74
-341666414 -760020894 1289 -69
-767967060 -730154588 1880 273
977617433 152623186 788 -295
-181650003 -535459228 986 158
-892762694 171530434 2055 993
597539329 -157267646 412 541
544558873 454325112 198 851
-16230275 -453878091 77 799
-493745453 -450166622 2205 227
680050331 14016088 1610 -8
93095528 -481131952 760 -803
698690001 871646782 462 598
-853508289 -951921725 1690 -374
880940410 49284740 2005 -137
-43041575 -325618421 25 -707
418950577 -59330588 2075 -293
510862209 -726404056 1124 191
603383488 -254548939 1507 920
-707686549 93878718 2114 -755
-9327088 -928988329 2296 542
-245821065 734798711 1233 -57
-827133901 -281291856 1472 945
291842669 219770911 2058 -803
802447423 931372281 310 353
-861024598 -561368143 2629 -712
242134699 -973637236 2777 737
832558104 271564890 1543 729
-912180157 885118660 2194 13
-254374167 -150091185 2636 402
-695311723 -785087366 1361 -66
500174434 210778602 1226 -354
142776689 732519336 1935 534
871792652 -459004512 2063 831
428546422 206040375 412 649
880345047 832645329 704 -498
471742079 -290059058 423 -372
-594747910 -231678538 2197 297
-421226816 -846558829 1952 -983
46371185 -314806263 673 286
154037097 258432246 1109 272
808509853 298031 84 58
794229305 -548447073 2391 861
-543552837 -488487294 2689 -212
-853688458 170115556 240 -274
519212440 506442074 2744 -146
-459604247 597026564 262 -803
84052418 751137942 2298 321
403723762 807742685 2405 502
401814529 58693548 758 -614
430927734 -651113295 1647 876
476584794 -328019468 2753 -786
-429986907 -86021341 2471 -642
295015508 852567354 1763 561
-40678944 -608883777 1048 887
-264838190 -19293094 2127 663
-203454474 -311947087 1596 31
473967885 565604116 994 38
-416445815 118594190 2870 752
-796164437 -834647963 867 -922
-671202665 185189214 2528 394
325932047 -489041679 1392 -588
-248899448 -618231476 634 -972
508521041 -779899142 1754 549
516730206 -254407559 45 -195
866658933 -678397159 112 860
313489520 138553288 1551 763
137929473 -749811667 32 393
-5557866 -22727886 2337 697
-403158519 -779139985 1594 774
-926052694 -322813850 2691 -298
-394642734 -680196115 2745 -1
-554172248 156847062 757 -416
-524284864 -906072976 2126 868
414630929 310633867 2629 829
491910661 -482361529 1250 -192
138005554 286472767 1566 834
346040542 780409529 623 -27
-634884425 867068810 2093 399
-735641907 -284723189 2091 554
782722945 -376190612 2352 591
-415367741 246372057 2151 861
406672123 363688135 2888 -16
80361518 -390551514 994 764
376281676 763524316 1952 -43
794258542 -560666306 303 -925
262787886 -710680317 1666 -807
-305320100 151380824 2172 539
-53760130 437545513 2951 -720
37781689 -630701613 2798 712
-932488295 599375087 1015 169
565832925 -651798149 1773 -694
-637272357 -130497524 187 -20
705929333 178610612 1037 346
439615202 900251713 913 -830
-741705955 868224072 1213 586
-132227680 -795677042 627 289
489294585 543662320 1366 454
-912940734 -716656024 760 -480
-344641851 -228210539 2964 33
-345950304 -213806231 1758 834
-510643823 684285305 1423 849
-328045238 -106738609 526 966
312044311 -322269285 2682 130
885566543 -498047085 872 -582
64526924 851443388 482 -322
-344856715 863976824 2308 781
-76465004 -455460495 2127 716
480600208 -502431258 2906 -458
962992221 -684364687 2456 306
29611010 671988321 2239 -289
-156892858 495270244 589 -297
752222306 711646638 539 818
502977530 237963030 981 650
-355973575 848734646 778 714
-911366856 322760536 869 823
-111754973 517875971 758 903
-769904415 763741738 1037 -913
323901629 744488361 2875 235
-815683763 889571793 2302 474
-254239587 -40644049 1295 541
-142657050 119462551 2308 -983
-375252909 532746069 2456 126
-131037302 3964766 2417 381
200486429 569249131 1450 -679
71207149 720631587 1925 -327
606407117 528565277 2721 -752
319534039 -271897287 842 -745
501699528 228052936 1295 -78
293699982 670076318 1810 202
-666717168 -12821054 2237 178
-680757654 802369497 1927 -773
-851400075 -224340729 502 974
-108668963 452799395 117 -624
781697269 892170883 2118 -364
446254168 -361949091 1444 -320
-297634619 -531365692 2172 84
-710394626 636854401 811 644
807043829 239510152 2151 205
-612197024 -135353610 984 758
842226299 484437382 1966 712
-921270276 268155406 337 -730
557559113 -705114015 2778 626
733379303 114995023 2325 -787
83237357 -226145193 266 936
222870597 -182479336 1519 -513
915830226 796679373 1057 -567
-731075720 923850283 686 -383
182458378 316380387 778 4
340513281 524705636 2887 -187
488007177 -49739700 1412 -17
-636778023 -823258265 318 851
74849886 577506939 233 636
-362679467 -896076820 2611 -507
-997665013 270029568 1529 -973
-731394374 -123971337 1885 349
426522223 -185098507 297 940
534847410 -698033903 687 -565
-100115921 618888671 2613 661
480245419 -524785120 2567 78
790510912 110075359 2596 4
-354237029 -37500143 1743 -748
980254868 -829331106 682 286
-289122343 874961660 148 -732
47401827 -113125284 98 -114
-738214566 -583533141 1410 -880
395076614 -271858106 186 -885
637696792 659665694 1289 -694
877774302 694214472 317 -741
124003402 485180556 1831 669
-168268393 572218404 2450 49
-952984466 -18809454 1747 -899
-225876336 -890731582 1595 97
606259257 -207946925 1518 958
-651891023 129603120 1133 -164
-903551230 -176408413 2759 -361
720995455 259950067 2505 -305
-681695341 -717223751 1229 -259
708351471 -993750320 935 -964
-948450594 407001255 2647 -389
-426526030 -165624758 1296 867
-568566747 627632000 2101 -767
460634190 -83551749 2961 -220
182771850 308458945 305 390
-444029189 -771196873 453 -466
-476621559 671055291 2616 -873
-168176944 -991444474 1053 792
874644298 49928634 1134 -202
2028412 -151319044 2327 -683
-586867440 -441344876 1658 416
-48646123 579494059 2175 -887
-753210971 -211425700 2721 770
248064441 842128306 307 -562
722336777 -268156645 671 921
-592217321 -123674055 1984 -753
490325398 -579049170 2953 -744
-787388047 745543117 2757 -76
741965748 -300128568 47 201
752450401 51992469 2020 510
-564483963 409424171 811 646
848198234 571877494 554 585
858735687 465898385 102 757
-415703157 443033981 2029 -883
-110005330 -710873768 256 -573
-542800246 -81621033 1149 887
87681903 -938936880 1846 -582
344641066 -825071165 714 -133
-665339672 841062215 383 -565
128137232 -846550920 544 822
-112029207 -192446426 48 -486
750558852 -855656499 2636 368
-311748482 368977750 2755 638
831224310 174214529 1287 -260
-962711459 -836668303 2882 834
-308902221 403481654 674 447
476234277 -634746137 2119 -203
-480990467 767815047 348 925
378962907 -257731968 968 366
-666058052 627640309 1836 -108
-949468961 366139991 1012 -285
97324050 -964663664 201 -248
-699733777 775291209 2211 335
-73573097 -765627630 2986 -602
704030693 -773910693 2764 -799
709925625 420053546 2362 342
-873942850 -104476834 1948 -824
890550632 -722852567 30 32
686665764 -819291493 296 868
-80833430 -77360502 47 -501
36544035 -767688303 789 853
-497356319 552804187 1577 787
-146990240 -53830560 2806 903
-546477992 -447533212 772 -819
742926961 -838804316 1638 -944
-541670146 392123320 412 147
-194291426 -818168163 273 244
-836755624 -811785674 1358 710
-795014502 181903869 2177 479
-786546689 86583921 1250 940
337625309 -771409197 2166 754
841950650 -488956601 2845 833
-661180159 18216933 2700 505
-418210880 -302303584 412 -626
-650392045 -523709231 1478 -252
-245242828 -439435582 2297 -823
-447457163 -47656156 1976 663
-214691977 -687882704 2433 -419
592717896 100062881 1160 625
-550806951 -838566201 208 777
214755197 904649856 2544 -875
874625176 -858144696 362 -622
-863117222 384259288 2093 -377
240168560 763770687 2613 -840
347333799 -102933749 1869 -115
611205763 -716352449 2505 -101
989795095 -49188080 1312 886
806044030 -440345374 1924 811
253799654 -464023165 458 434
-539026553 -248461244 1134 -387
-149819084 704803489 761 616
135318495 -864916177 1017 -9
-809224027 464273992 2813 988
460968229 333104230 1155 -435
-242845199 -122722020 1601 -923
-81954943 -703129648 2471 239
288172899 899720592 2213 -511
483201045 367419581 191 17
-767478556 917839808 492 -793
-580659010 684454523 919 640
269718256 -845637119 424 259
783099430 -534379724 2064 944
-37020607 639247295 1816 -450
819274508 259325205 1857 -340
337864650 836029249 1715 653
-149025122 812872346 1562 111
-291669910 -816373213 1415 926
491671782 523143432 856 -119
-337777683 -438870537 1519 -256
834240619 -228188273 2785 -521
165935635 525884314 1582 -521
784969058 -502814379 2696 -165
300185168 -217582665 1104 528
42502631 -65973941 2831 -167
-518479611 -677337059 2140 -222
225958801 971215686 1341 -35
-48653989 498014858 2215 -366
-49357321 382830959 2355 540
965504115 975676203 985 -995
-694124521 -265122636 258 -529
773864106 892064084 1607 -869
-525884586 -213559930 2049 130
-837412677 -580505889 232 -856
-344385542 -670100557 593 -545
121602218 872705399 658 -729
-722051650 -801841840 557 -308
170388939 657652256 2857 -437
-841003585 -59462629 1339 536
98198607 316057221 2536 472
-340693107 625439659 361 -184
-64850758 -992090408 2552 -285
-861313986 993341366 84 -366
474241479 361518345 1563 595
-186838752 -540346639 1990 869
577394228 325940162 2304 -62
-43549372 617161497 2807 175
-700927417 -578570976 2898 -40
383536675 954665422 1363 965
-965032927 -923625477 179 776
692147374 -894312921 531 -466
-80144703 541787153 1045 77
854235587 389395045 2567 -674
657441428 367218041 2868 -695
-917853035 -805764064 2119 -890
-909744876 103621584 52 -784
-466234546 751664205 562 301
-977973314 -416720073 2477 268
238554573 458176373 2898 488
-557437168 -487309521 2396 -269
518855760 293672684 2342 -701
173557767 -598134326 2133 6
991482940 891965858 469 -470
517893314 -607429831 223 -807
-252488821 -471212311 2261 972
206945906 -565902294 11 471
472141743 -500791089 2005 38
424149258 -708190450 191 -698
19173058 -803574477 2797 -247
45812969 -472441394 2296 220
-601909960 -75042567 2215 377
139341812 773984951 457 -97
-750185242 -872212274 2156 -515
-256931133 -441703877 2362 732
812489310 865613338 869 -777
872689020 -369672747 2781 -25
663631617 -932289015 1391 444
357617687 507994175 2485 506
-233523471 356064828 912 -836
351617122 -200762577 2585 766
595557273 -584608039 565 431
-178108447 203376615 2813 -810
530159554 -25724060 2547 -660
-835041131 175814043 408 -298
423480420 -482535876 698 405
344095765 916750024 2857 -371
223545438 -40325223 193 -995
145992728 -776022937 2057 285
43553506 -269245498 1673 -455
994879733 -203292511 2085 -191
-315790123 -884063829 2266 126
6985796 -116497291 1780 764
545368070 375183443 2309 -478
344249435 613376251 699 -96
-230790034 563908785 1138 -308
-246199964 -725176673 277 452
-437910876 -927232549 54 34
-194538327 567650531 1025 -74
892909920 671828910 2807 89
260867038 -424345792 2177 476
247339819 257399503 196 -83
348417459 -572506802 2087 -946
-674401226 594426288 515 -397
233007590 258203217 1974 238
435264468 -238672151 802 33
-40355025 157047539 1248 -698
661777640 460527008 1501 -729
-35530851 -263557557 2011 -359
89625485 867755343 117 -927
970668638 790870380 494 -839
-421948439 890318340 609 369
-85923980 -529313942 211 -176
139416856 -504796655 2926 801
-866715313 -96066106 1179 114
781243048 -902115753 2813 -385
-962090416 -130394397 1481 -463
864623357 -960588588 2290 521
388168028 -232836403 795 -802
-262936177 -170707309 1449 -291
-784794718 172583849 2788 458
-878522680 904305111 2200 -87
-133442301 -511979302 2563 908
83904264 -53314029 2485 -495
-807889340 -746438877 863 484
769550558 -328886360 2296 -469
841028479 760175527 1234 -607
863687633 946035850 1662 249
-961146596 -200230609 609 872
393628819 857345684 2578 430
-439100290 -109347165 470 -969
-355931062 -947423730 241 11
320409806 -458563762 198 -911
-388252239 665589390 1155 332
934191470 205048459 808 -111
-592698657 977349648 1595 -244
-686893642 915941442 1306 -81
-88528107 645528162 2864 -677
-674370854 -875289864 1327 893
-193239440 -937424535 1635 458
-660429306 67780556 226 571
-590012400 243715559 869 401
-661477806 -827146127 1086 732
-43405404 -401134971 781 343
-889969821 408003462 1209 -540
225403771 -268993668 751 680
-577963767 939703732 801 -999
203598054 -822385982 1734 -503
579001343 89277252 1746 -133
-246886788 832282964 1080 -424
683765170 758533805 1159 -240
94489072 281200752 536 -585
-190659637 -853586477 225 876
627001419 -551759734 212 463
-114662405 -983568917 2857 970
481062597 665363131 1834 -797
-194968591 -167285946 216 -19
-8126979 783551479 1049 -761
-707845381 -972822191 2013 90
-274749505 522582418 1972 -680
917266936 510699233 2477 -162
720770032 -7645118 1794 521
759307516 54483412 2828 108
-164089124 -358920648 2389 937
489622690 606150442 919 -968
71378292 442225243 1091 -698
132124529 -739249522 1441 143
33960681 -641379369 2117 -178
972088186 818990075 2327 -463
-183436753 378572236 1800 694
624605236 -761243281 1183 853
175392449 -523964008 2596 -781
-326167595 -91216133 2636 -878
264721708 281687423 2089 574
216251565 669031267 739 -761
968212858 698281742 699 -843
-743493394 -22140474 353 628
-281898826 820640952 1078 -476
701562464 -540662974 1375 -272
-756930552 -171981143 669 943
-696092254 -716970222 1039 -455
-436542350 -281065501 225 -241
-358392220 -878093825 870 354
246718206 840602305 2926 218
368444870 233574960 2741 -359
586668341 700518454 1074 884
858469701 769512242 1247 38
-742379401 163723684 519 641
214238713 -358505287 2814 -498
-648542361 -898561107 2974 943
-973680488 -446592436 2340 551
-994757964 -501228211 2418 -360
-742237541 -399296624 2575 -297
-525451914 -358570966 2122 -855
-66034422 693961510 388 253
627533433 -155781549 1109 310
198099645 846654734 103 634
-66713981 769064944 1329 -775
981351625 446912961 2804 377
-711488243 -814337284 1959 -370
436458686 -481644288 2311 98
967438222 -462382373 2767 950
-880377074 -82181593 1261 -163
-712938705 -433074429 1357 965
-675926335 -738677163 84 879
809537007 649969495 536 52
-455054187 998622856 2719 17
355927740 -305637806 758 888
597079163 -106284504 1709 -353
-388071810 518001217 1153 -58
-511004151 529250485 1715 586
376971270 915628273 2229 -922
-119443748 790032198 1207 882
-170983860 18195086 822 -489
268907538 694169165 728 -569
-947741012 167474223 598 436
661409004 823595453 2303 432
276698410 -288366591 1834 -653
567894027 -589129050 1269 -448
-775757269 384614045 1018 -307
-577513137 928262250 2656 412
891925573 -489553434 2851 630
-963449708 -78470352 2762 773
-740826857 -890122050 2206 -774
-393984587 480962365 725 -12
-719446693 -175372148 213 -166
-293408827 -471732777 527 -923
-573709571 -263099093 912 -231
62680843 471065432 2302 405
-831757099 -464627607 2774 139
852290767 830274824 1833 -307
22678256 28338008 904 -50
-927872693 383181534 1190 -164
-827518612 -319884633 1070 -782
-342132134 790328839 1460 -486
-840551353 103042112 1293 -730
553408458 -937515194 159 342
996738800 57708239 966 918
465855862 42136108 1449 -608
-361629904 73519714 2053 399
150201524 270512619 1472 -899
472669286 583151776 2392 953
-702090977 444956764 123 556
-848684919 639769004 482 -203
961652365 -879176557 1124 447
148148213 36782367 2873 -224
-545081512 691950268 1053 -606
352211563 -739085727 2527 431
-468781128 -826648090 848 221
-227798723 769462109 2139 -540
-483478602 801940085 1734 -980
-453620393 -251238655 2573 197
-177555446 233127055 2547 747
-815906785 -971697253 2745 -381
235810332 75310676 1066 983
-693845787 693417857 1319 877
946879821 803058658 2722 -745
-370051552 237376264 1982 600
-381232954 171866746 2761 -954
356136776 828431943 1871 873
-701516246 -74406309 1057 -561
894622729 -761736885 1802 -118
989946747 524381008 2536 929
-674059412 -823022297 2337 374
-267293237 -807315713 173 -468
-390937791 -835025444 1732 -773
763702941 242050139 741 893
-878438688 -371830888 2986 -497
868690650 -840593033 1653 142
-215629416 -106453584 791 -129
994218307 1832218 173 815
937459182 -809625581 1097 543
763213963 920614403 1067 -220
747741882 -964515119 103 -230
531329041 952273822 1830 400
-616402411 99583494 2912 -568
-381687642 33322483 482 -656
-693275440 -148635445 2207 -655
138423421 229546344 2472 -538
612515998 -782022619 374 595
455519404 893617799 543 345
-610334321 356578674 1520 -363
-591127392 -593015690 2756 -382
-724555356 -141183000 1583 -519
204942397 818137014 1842 527
326272511 143435162 995 793
-219207224 206169474 1287 -240
867130937 100267109 758 -63
-419704969 -720002175 2071 -868
-688861658 -642303038 2527 875
295601696 -61236622 1971 479
-745324795 -613641260 938 87
886861995 -218887549 478 632
-754852450 399988702 123 -95
854677041 914011353 2735 761
564870704 381735156 1666 735
-336264736 -523223194 1834 -107
-364528787 371032900 1375 759
-554881405 -172617467 1851 -327
-615062016 561656046 2272 -346
247530037 951726102 1304 896
-493735932 531888238 2898 718
636381200 -35663320 1330 -294
477522324 -846379224 97 -289
882860061 306442342 749 -526
794407792 335735369 2030 438
-179469084 356251299 651 467
-798268913 -907070884 2205 -644
-634498151 365882733 2968 150
-40034919 -316324539 1697 -673
-379225654 930950354 2160 767
-36494215 26255500 1117 -411
257989247 466369354 1423 -888
-841645272 944130896 36 752
607195178 200297362 2507 702
-47585006 929399570 1661 729
-143637744 -202324047 554 -951
56399317 607634421 339 150
941844199 -841479893 1541 86
-329964865 241840345 1019 813
-62909713 -853924952 2261 674
400766513 -987580922 2978 643
776382834 -946152840 519 907
-947658134 421846048 417 -871
-974731300 671315171 825 -620
546163827 557441781 877 -684
-655410475 811871617 2374 -406
-431675719 -711253040 1354 305
-408563203 799992502 1432 170
-150935596 610784829 1816 -304
110157463 369543032 710 -395
459660730 -261479865 2260 -477
24986186 17864688 2353 648
377850638 -46452043 2278 -89
293672459 57853323 1679 -50
-716719895 327937675 1066 -101
-121677963 839670702 1911 -171
-767722695 485207202 1045 -591
-775789348 72775305 511 -50
412104613 838877511 41 -575
-227714841 -3498023 1905 844
-753764200 -677313497 2327 -228
-782143633 -795459750 742 667
662134568 -205702184 1376 -854
-614872134 -732312468 2753 305
353505476 -394438136 2583 163
-305243179 943064429 187 300
-439734927 -922179613 725 168
-95911471 -896545545 2477 889
583656017 372721109 2794 515
-135687259 -312444561 610 -242
-184412163 269308595 52 456
-971623312 -814442036 2851 -417
261234385 -593405521 760 -876
-579447759 -696784539 2215 -272
-336004016 -843892438 683 -733
321154135 -516108900 971 -19
-562880311 -628572025 1996 -995
507541490 -642838303 960 -198
-535628222 -838513780 388 853
-562566847 948177461 1862 549
-64518699 846223091 1017 -278
-309133445 871099833 1734 293
-671458603 -171617658 1393 361
-504778247 -739890426 224 876
-521319449 -213609363 277 704
892570849 -944842372 674 920
896117078 -204805066 2813 -907
-6691289 854846392 413 37
559753136 218979917 604 307
990389390 149262291 1806 876
369836687 32748802 1287 -892
143671620 -158849684 594 570
570939852 -407714742 2002 931
-872365395 349375897 1172 484
938615269 -912646039 1814 -482
578798140 21995248 2037 712
338957310 935225651 856 788
-961030261 -677542258 1949 -536
-49049156 -949204204 1417 733
-278090031 -127406271 2121 733
613294233 115731093 1597 806
-626450927 83291641 2992 -651
885702640 467776112 2704 -294
149809449 971997960 1703 546
-620682087 -184003973 1831 49
-953004704 -975032597 955 -947
-988380384 -832349087 1036 -873
-77223258 -798414305 1545 -383
-601612039 -996298307 85 748
-121516174 700682712 835 208
6527494 589356342 1157 -752
830614811 967623064 1497 674
572858923 -885314792 241 930
-642681866 986934545 2603 952
-216536875 131704135 476 455
-728669288 -47845030 587 268
-203556873 -573244027 261 -134
789349608 -162727184 1915 182
201760704 178819868 2238 -72
-217513127 424106246 2106 -936
543816365 325690382 1665 -815
502855606 -643976996 1171 -135
-584836667 -868943672 874 -18
-768632583 -170570553 144 701
38743132 -447107731 1965 -839
-47575682 398838395 1539 857
794300139 384434645 890 392
-665415297 -72987760 2761 843
35428824 420721223 409 865
98549100 -68170404 150 200
-754809374 -342239911 494 765
991695144 -700779605 80 600
9579747 -631503022 2378 -782
361920544 812478415 1540 -808
153807920 -703988700 328 -290
-312534312 -757944268 1492 -430
744409292 887416146 1389 -478
378224559 -353871589 187 757
5066681 799044238 1874 -827
-596765467 898911080 974 -831
666485936 827364150 2574 448
-408115581 456057936 2091 -94
394231257 709819517 1314 175
-500906806 -774531517 806 -130
590612762 619332342 1049 -766
-857662878 12592845 31 716
-946277641 -973787337 522 -95
-38596243 -833896780 1541 240
739452439 475568831 1554 -601
-128168619 202271085 423 -162
-983141693 -575640608 406 853
24736939 740710667 2127 -712
-866860237 762922983 2798 -904
666881555 421630105 1119 -126
536029173 753234018 388 -503
85850042 105304378 1356 -707
905216122 970841682 2585 -630
143327213 586816990 536 899
690985296 877699857 1880 69
301903850 -276134348 1259 682
636856621 -651537071 1022 -481
-144606874 -447604761 441 319
-85693344 546202726 2782 746
-468095134 -429751528 2865 -700
-244307489 -931227831 46 991
34770903 -87401094 244 -121
-319794999 572338316 1362 694
821955043 -696509716 785 795
688835659 984168645 5 -898
285126384 929579632 197 -549
961782935 137033894 2080 -254
-570515124 -342381451 1741 -719
-946386827 -494320665 2856 932
-169082064 932537998 986 -870
-551448776 783892599 635 618
424035292 588016462 262 -672
-973969254 461154511 1295 -483
-785436791 -736867260 2020 596
-771874435 -841392695 64 -64
468691728 -447167023 765 -160
-297421493 308660783 444 -449
-312935650 -118397577 1624 870
855137487 291597434 433 903
-299106073 -451916196 2748 939
-268926455 333477209 2737 304
881604220 23779630 33 -223
-106365194 955389642 687 -75
-813173426 -971298545 1454 581
-901781087 -262850911 912 -366
-156592386 225226110 2613 -756
-560499413 814573031 2553 -803
1901023 744228650 50 916
89863651 240937116 2930 -270
-464940481 29822526 1882 -881
434287170 -274308924 2353 524
604059532 -767503344 122 789
338153629 -439881426 2672 84
383189666 106914312 2814 -378
75043082 978012991 2527 520
350746825 -565076764 1354 48
729745806 334007300 947 601
-56035480 -797030011 2856 -572
-566375432 -583941480 2585 -793
-16420360 -162607819 1993 876
-7434975 -407519831 2191 -195
234704871 -206116523 1949 -712
-760248799 -600854837 380 -670
413187172 -825022967 1977 -186
859943611 -873530329 1714 -681
406079941 -202598729 708 139
-168697905 -261395141 1508 -676
703099151 -848727091 2337 640
-843377614 -333188920 982 303
-295053458 859463747 1820 898
-886441316 -185789010 800 340
55978935 653040958 1389 -218
225558878 727896194 1882 540
-544915334 -986532856 1109 479
-370531061 -11481979 1889 -519
-88818527 -378968045 1033 -818
966212406 -804144702 2675 -999
-990327714 -544481471 1719 544
172789943 -383818437 1640 191
-581378643 -236720045 2080 779
-714913870 -458282593 753 823
908951791 -110285577 776 351
317452540 -875493837 732 816
880434693 -88680727 1822 -592
332088104 -292973501 780 -796
750877873 519369841 1060 578
-548909901 999872998 876 -911
207305207 -899086550 1404 -727
623175764 386122431 2536 -83
-763089128 388494561 2595 -127
409427150 912611546 960 801
551742269 294379222 1974 -831
613955865 -583783624 2463 -292
-866245551 -721875104 2710 -881
-467978014 -677837121 1635 -209
-80944725 730697673 1545 537
266233228 -139107324 2927 288
-786955883 411205679 261 81
-737749731 -217324769 1920 -15
484327446 -176372839 1346 917
395818615 138762536 1982 -609
343849035 -982105404 2473 7
493332884 124136699 148 -434
518825747 -184930415 1865 968
722354474 -622649046 196 -687
547346082 94432550 480 833
474757251 742482421 2287 -965
960104242 373875735 890 -598
53924593 -706234366 1037 630
-150566286 -975850523 92 510
798497077 -266556961 1186 -954
-887623040 354854954 1728 -151
-66337903 939325282 2620 583
-178118691 -746969044 2865 -261
-12927439 447465003 1761 262
496247126 186437723 2118 -975
-919229250 -641552653 1151 669
-240780665 379725550 2545 -960
45670782 712534997 197 539
863709938 389003206 2781 985
248171973 -835132588 2623 828
-215690050 384186624 1925 409
128779024 256191713 739 -516
79978549 319634538 1501 85
186602385 691855391 2473 -572
-841942996 895277624 271 523
-76832984 -270965241 1925 474
584940740 -99985249 2905 -336
204915669 40034146 1577 -963
-392909290 217149076 1401 -793
-862798520 968678300 2304 -24
88094934 -575460944 2188 289
-591491180 -22097065 421 -446
495329860 -311955401 2856 -417
981816699 -870071623 1768 -696
-98054986 -200684131 483 814
23847821 932173094 2063 -711
-117897500 549965175 610 -671
-64464049 577089405 2620 489
183523038 718893137 1857 100
711478616 651108278 1102 682
465751377 414812313 1508 328
-786566449 -813237366 926 962
378317446 -897558500 1482 795
298317493 655225138 2892 -1000
-504044283 232870236 522 -192
-619032624 388964069 2495 -213
592689364 -878938774 1583 -140
-385311456 -243821272 99 -17
305195964 547098374 1218 -226
-748746231 776174820 856 60
-265154950 315502635 462 748
-262877311 522848606 998 871
-210847258 492266682 2353 -244
436970236 -97591292 2677 508
612051405 -753267729 11 -619
42366850 829591282 757 478
-39591458 990694143 2820 135
-864596705 46625054 21 -380
966022376 -460181137 1794 -233
994106024 186983597 2869 -116
22917057 628160583 516 -326
-810042455 -822180577 2887 597
633757540 271744698 191 -330
-121074564 -2951589 1966 -277
17936994 844517725 2471 193
644763167 34964826 1916 -540
-502232485 -388991552 192 -101
941024886 53220503 279 609
-54068169 -489418908 2565 -457
-780397471 -399203305 411 356
-568106606 -302977785 623 -905
701381352 -246489963 53 -665
677921684 590024923 2857 -435
-166019268 -986243996 2670 585
-92779 -737656483 2676 91
-239708211 881080914 7 -307
570259317 413886245 313 473
-426606064 179688266 1061 626
-245207136 -474750903 173 818
-348007421 562392994 2296 -804
-562165978 -684404559 2935 -627
406067369 -935205805 2360 725
668325222 570548386 1661 343
562284914 -453318994 2553 301
71043248 620716978 1819 -613
190402603 366117427 642 641
-307561065 -384699719 1740 133
272675376 546594018 2522 477
6074372 444481036 2616 -146
503593917 769742573 1805 742
-530992956 814885477 2534 664
-83853350 814592271 1854 657
-139875150 -743313401 1563 408
551685836 -459349765 1590 -757
-173152661 -629330024 1344 -301
-899898228 785549228 1112 -283
-157784189 864301393 650 -65
185106241 -165763887 150 713
593025872 -247297539 1023 -136
-615249480 -753104105 2223 479
134155029 528448229 2023 601
623993075 735236785 25 -331
-374576299 -840637910 2860 -173
-754793938 364393240 2096 -561
143457804 479851224 763 231
389300966 758771279 1220 639
-479107936 -231131132 1538 -130
-230874449 376314072 1755 -742
903966257 20575706 1246 -9
480699855 -970301007 1296 33
-727459559 -547715593 2943 127
413957053 -782153074 2235 474
111327589 501851943 2472 151
-550397 -851521565 2805 219
517362185 721835135 2744 127
-690370031 876551325 1140 946
463325073 403618035 1880 601
-2784263 796576528 1416 -109
-47719926 305497409 141 856
-476332573 -362187049 2883 634
884346183 416422509 586 183
225362958 -195261761 560 567
-555554262 -942861632 1026 321
-391999257 995608976 1174 320
-757689821 617849284 2264 -629
-836625033 -380865849 434 -191
855407433 343471281 1707 25
191256335 458081695 1276 795
169696427 142367619 198 -202
490419706 -295591942 113 30
278121109 923898718 1815 -105
371579396 -690483927 1215 476
-85419024 -577743647 1262 576
789647396 -35418122 2718 569
-89527748 870823902 2898 631
-369267371 -884174561 803 659
291975639 -493663472 313 -211
231184328 134358819 2677 -445
809266197 605778191 1883 340
-76441877 -467423322 1060 -181
-50179474 -55606012 2516 -467
-301189543 -564694155 1384 -138
-589948268 531913560 421 -305
717691474 -160283482 1664 772
-526747698 997933624 954 935
670125615 -232267268 77 909
-870084137 -747060537 624 -987
535325837 69737159 1293 675
-629490591 -916632441 779 343
-588065412 930211045 978 -8
540125099 -398954561 2437 -857
425235997 175958581 951 459
-402569548 -470125123 2695 -404
515528405 -664700611 1289 -814
-716281454 -352266600 1984 222
925066015 -383269589 497 915
274113645 -422113616 1597 440
747617439 864414670 60 -355
596175482 551579589 1911 393
483837286 -611173119 2903 948
191920765 824663368 2724 -385
-600636690 732506842 986 -44
-947785827 -533752488 2138 561
90648103 37894590 135 -127
-219528722 -805068825 230 -987
325319450 157129357 845 -317
-551598932 -146398528 799 -16
-436761468 -897512434 347 -272
421234900 289380078 1310 -549
628035025 822209866 1546 -816
-19308012 589367124 1005 92
-297689573 702280847 1299 -192
583187891 -433100741 2813 -473
264012667 -700301818 559 895
-140389999 -46948819 18 283
-558497675 171443329 454 86
-536241599 -311353493 1728 -197
541251471 -988868481 1037 -752
12270596 -656059239 863 451
562117317 639798417 2305 -539
-537928989 -101504913 2175 -440
272686743 -181849083 2458 111
-524017036 -587134264 1314 777
167475623 706967093 2172 -910
168674898 180685931 2087 -104
229000598 -8715604 2215 35
20064906 -253371794 1986 363
-412296758 -93499458 696 478
327176009 -775563019 1288 -900
580955309 28925470 273 620
-526363272 989313027 147 440
549396552 945666893 2114 16
-721761579 -726814562 924 -178
-815781001 -822159830 2533 -7
-456566866 257632606 1093 -938
804028996 362294363 1986 -426
-344327140 -490875047 1562 -688
475560397 637123209 1241 -591
46961056 -869067732 896 568
521458691 662033843 181 387
736482163 954019373 189 -477
-127685621 620654246 2670 482
-74814838 830624946 2205 -975
749240133 212896390 2062 852
-177467680 829104866 420 -995
-499916912 931804355 1330 -628
53084076 151651802 1362 873
389111122 311891567 874 -767
935106767 -123703927 2835 456
-630782170 210911660 2710 -506
136615012 -524405335 1759 -648
-506857043 -745177046 2818 681
-27809259 43697140 858 -739
790392876 586079239 2472 615
813043282 212417447 374 -854
-812592005 -974678930 2759 -874
-81588311 709897941 609 789
-791870475 735197833 1154 18
-7031429 -571052779 412 193
-621150446 -192288436 2986 -154
13412495 839993209 1500 -251
-150210496 21178926 303 885
456995435 709175571 740 302
-954124884 389637129 1147 356
-76672102 -950152081 2220 -730
853692044 531380605 786 108
-809769492 -996555388 2225 700
236382064 327589320 1871 96
-959502865 438106614 696 705
-201791392 -724631969 717 -370
-744695400 -430207153 2670 -719
14762478 -311311723 1883 -123
-120908048 -189636045 2175 274
-853537985 564954616 42 144
-537567187 443904713 2716 -618
-753911813 474925069 97 -261
-959259135 -668409027 2009 725
-271103534 320853691 2678 230
-721248611 -583903589 653 -17
-885093939 -898801393 2353 -329
-838297409 19829887 801 690
433200192 -764128439 2529 -822
-393679661 312006881 1348 53
-45264371 -983544738 2437 650
740244701 -83384998 2156 -943
396551945 -604780457 589 -942
-457174074 -948923352 988 311
-679231079 -181588247 1958 -865
-584223829 -507888175 809 83
-517507346 19833627 1182 -296
-270440481 -799195501 2906 -988
-849563028 774331820 1347 542
-93027403 -289332544 90 560
-295352412 -451775911 285 -214
410513730 641057516 1136 579
170138179 -452395980 1985 822
14359154 39818527 2994 -501
47214762 -820338454 2076 781
-704609940 809758938 1034 453
-513499752 241115934 1854 911
713521975 236068013 2308 787
-289382081 981683768 148 580
-246016990 -373638108 1392 703
-175832914 -549113556 148 -29
-737420831 -942100046 991 -614
158754901 770195847 896 -519
390086351 -519334152 609 688
648082148 472736786 912 833
-902632422 -351351178 76 -287
-843613919 968411740 46 554
-842006549 -84747750 1479 384
786458004 -773880219 909 -629
821998719 -738350297 2765 -426
220317563 -433318104 2526 -675
322483410 662842894 1543 -972
-95568472 -991760574 978 -122
510698423 -653101584 196 -681
-99544774 -812411590 2569 -505
409906578 -864561715 2928 672
909990824 239455985 1092 -82
-318311567 -207761286 1973 432
-526345075 472346460 1068 274
-622899401 -34559400 2149 229
-958010161 296286746 2777 849
981159376 33170956 1974 980
-409845681 472760856 2687 -717
-397398610 82456871 979 -721
-179788111 -174886671 414 -903
507935853 229578129 1092 -242
287572238 525679098 595 518
553453706 -319582906 1816 -829
-169720756 -863541354 1312 -761
465703379 -654850964 1131 417
288902445 719253899 2191 -410
-425301740 -299166002 1008 -149
314644558 -197180946 717 567
37244333 -174686140 85 -533
-180281676 984179269 21 -268
-611797594 832609090 705 453
-280521055 -422271812 33 -307
909848389 609963632 254 852
-878639066 780366044 673 652
99322655 138585823 26 374
458669839 675336383 1061 815
-355388421 860595327 2213 505
687966257 191764509 1097 236
981454124 71186135 2500 645
877950132 611929679 313 -426
-462408165 -797126643 1384 -412
476457933 825149858 1504 50
729760690 -65999036 900 301
256063238 754262234 1663 -653
-92776731 -969519235 2613 -740
977805537 -593472978 1338 -126
-924324731 872845001 1996 217
634585279 826080547 1553 55
905728225 -699529621 758 -703
761393978 -84161214 2553 -498
900370533 -957308279 1326 968
603875390 956884136 982 -400
-72697484 622595433 2620 171
-304814778 -413685081 1026 -429
-984431056 -757415378 2542 75
629010301 284595555 1518 357
393814120 869074497 635 -808
274405662 859447475 46 319
-120618292 -425129779 304 -511
633898690 -907216455 1108 727
424483937 963956435 1124 616
-896925074 790202045 2552 -551
-614962343 445790733 1709 970
656699039 -641788819 1541 369
712034602 50763006 1261 -832
582592200 -885438022 2992 938
287196086 823720214 1386 -755
168190781 -638126604 2639 634
-415310661 -476011383 782 278
38137931 -587975856 2287 972
409129301 328400417 1117 838
35186750 -535803313 1427 321
-128611742 -201227179 138 313
-639654 760655849 186 -7
-388147644 -936114461 1311 813
-391835326 623437737 2584 -726
283808197 -56308942 760 11
-885617052 790649238 886 -83
-831431399 148260280 1022 -910
819353301 -390264090 2071 226
778621810 -930416728 1023 -433
-397613834 -927338335 808 -817
445852660 -702882542 2813 104
-653959736 -978640786 33 256
311719474 -953270570 2290 -29
341238329 387221223 98 317
550442626 -99759871 609 -410
145395215 -575764921 2042 -369
874392686 -800543272 2722 492
726953750 743865425 1441 -419
265701034 -873698153 2087 212
-566964609 -664104657 469 -595
273072353 716433384 909 187
-44395563 892473316 2448 -163
-937384198 -854058671 396 -709
-17167686 -542505773 1964 197
408256744 103140880 88 -699
-654904177 479874154 2891 44
236544808 381952458 1921 -816
270634720 -572118757 150 490
-810343822 -569296416 154 -443
133683807 -812824483 1986 289
-109270701 227261640 978 529
475519346 -301473980 188 -761
-318462733 -895615627 1068 684
-775406197 -144105361 904 -324
-107575242 -464847385 1825 237
112894173 162472450 2174 -899
596854273 -502727255 822 -456
-626365629 518357810 1217 556
973525674 -89088822 671 218
168588305 359134414 2843 -140
885363398 549638415 1006 -676
267187287 346179677 1231 685
-326063299 -642994840 1937 -623
-674163264 328831740 1619 -350
-419427902 233627177 2544 -777
310509818 851958409 2978 -685
222506308 -187535961 804 371
440344378 -751426658 2115 -473
450369028 -616024602 2295 -99
743014066 -524833252 1747 -106
316094363 469911575 536 -12
-697807492 196851545 2089 -878
20688641 -337550749 2959 352
608844152 -107317919 1296 387
-172644112 -771232358 371 957
797061830 -288216649 1596 -517
-617039657 908924061 446 -209
365647724 -707872519 1362 452
-665759607 838856058 193 -826
-336862180 64502666 1943 -387
-880827283 -25022113 2777 -885
-957411890 311708150 536 906
634785624 525717940 2139 -502
-832999117 -496949508 1362 -500
-764688797 102105532 1658 -304
-424096288 11845263 383 -762
-525610769 162533022 2203 -426
578813172 -790649441 279 471
284448261 81967089 685 57
-846526727 -472958296 556 -372
173153389 -404304114 48 -169
950240664 606417688 1293 882
429089710 527005849 2121 696
-948054074 -417399596 244 -358
-617797891 29488636 826 775
-815582502 398713789 2353 -709
743835347 37590453 1016 -272
-524243321 -302344720 2484 -467
662160228 -513664046 2613 -413
-336020120 815651646 369 -877
-285696303 368553445 2439 -242
-482688181 237727118 1091 935
-798502972 -621127933 2765 -575
923810185 383197383 2302 865
264794095 -649883780 2637 -881
-937566111 -178244340 897 606
482463261 -385883663 1896 24
-162152584 67095744 2926 -88
598634780 -150522369 2614 -765
-790889022 493801886 173 847
957620047 -510157052 1224 -790
-748729365 -37354052 966 -765
-873246372 -852480806 1172 657
632399387 644413238 1280 209
-846907034 -940088607 1461 891
-35003229 -867595964 2275 -263
760127207 597717369 1350 489
-963194883 270701691 1409 185
54307789 -966295315 1571 1
908604122 -884394116 1735 403
953167204 -433210524 2546 -206
729222614 942432104 446 -89
830970749 -35170520 284 228
-160783674 -481084864 446 -43
74343655 719908473 2236 528
-14171085 -808064189 1029 -150
-199113955 664410307 277 -387
-815421503 -625471344 1688 764
661652775 733978306 849 -180
-756957472 812028340 2275 51
-620984045 -424797410 979 -346
463001452 738444481 22 -924
297066516 968516669 1739 712
851776456 -785245337 2495 624
-221926199 926302351 672 132
263468814 -242216336 522 704
-792913894 -923475524 2707 258
-116301861 -814543882 1166 -91
-994356476 475108242 1986 561
231574200 -421189869 2814 992
-939693642 -692803520 2629 412
-657240443 834965260 601 143
-727911876 -734572942 1117 -768
207023848 -969201121 1807 616
-355349237 -360793323 1478 -604
-460835008 -328120690 330 -41
737742010 797097531 1066 940
-325524870 669811535 2133 -937
-644089420 -398171800 2567 888
956265509 204639613 2915 -134
449236988 222227268 2383 -588
902444662 -400389507 411 -664
427129546 -671006515 1856 640
819815266 581102551 610 -207
-28679129 -11774401 635 411
408406961 -286214072 634 -671
-565830971 267547910 1101 98
-965600994 604068452 675 637
665968994 818174896 2262 684
673069207 346322081 2277 952
-375819543 67845562 2892 566
-831211896 995111586 1746 734
-598831096 891281588 42 320
-110886657 -737032157 1291 -893
585802176 -30267199 2531 578
-354776461 -642153709 2437 263
-641927079 -840562798 1920 947
596869805 368739077 2690 765
-553518641 -113120055 791 -729
822538500 648518707 2852 32
15685570 -463256927 1322 -970
-433072322 -692403775 2498 -142
616797782 472200091 2569 -149
642780928 407222968 471 276
774302307 694798774 2118 422
-547830265 -797712197 2619 -925
279139541 821772990 586 -839
-508716576 -72470692 858 96
-928883938 -244247334 2175 -659
293734233 680603141 1427 742
-76110033 644826581 2797 -375
-675712949 -679404801 1245 966
-316399552 205643613 2087 940
-332368351 144442998 384 -235
696409713 397716704 2335 665
-663017952 -789986616 412 -810
71959819 997727193 173 -471
355512056 356722541 266 -922
226372422 86418185 1831 -65
497626568 912759893 2295 286
-458127224 -766882799 1664 -714
826241356 -566594609 862 -138
-627744405 -251639367 572 341
-384060195 -166353138 1220 -375
-474627983 181394849 1196 -794
-809483069 -810661300 2580 -336
375405146 125709848 261 -726
-213572199 574985733 811 -771
218022537 -639538957 1729 648
-659216458 -948336982 2613 486
-550491554 -602688875 2072 -339
-149450197 -522731493 793 -312
-937706140 176617642 561 130
338933918 -914483663 1857 -378
-420848355 452370952 345 418
883064598 368593920 1939 39
175530319 870664111 2904 104
-855257923 -359026756 2563 -750
623896230 -720429025 1703 996
87074880 -354173948 1770 -355
704625944 -902674280 2203 -747
963296728 616267840 671 -926
-485035122 -934238546 2654 -778
125287516 66758938 2639 289
8020229 -303234971 2707 259
635702211 -950953857 2302 -332
672824024 394785425 2179 576
-536429517 -603991683 2121 94
-728814926 426451328 2011 -45
-868298241 217980463 528 -10
-22231037 947664098 200 -812
882871820 -733205771 2857 -680
254436161 -142158377 1627 123
199968132 207269222 957 -529
-146142907 -964347252 1252 621
938420174 -540736986 2649 -91
-800753577 820216754 1455 -56
896954255 -127932948 2241 -87
-382621377 129041405 2569 337
-205668714 -26765748 1442 178
74769086 -652106222 44 -533
977977238 -872651255 2308 921
-392635001 254247668 252 -634
660966085 520428250 2018 -168
-749993949 838477064 1894 -28
-605432266 -602640810 1726 -942
-131113652 -461260262 2647 -252
-299604885 941105073 701 -911
-845951806 184325028 47 340
-80843817 -412658738 1050 -174
178394941 170978146 2745 -814
-728986429 285215965 2174 -397
629874315 278243869 1762 274
199996050 -418636195 2217 879
-65809341 403560965 1293 589
-407301642 342811492 292 499
-386594206 405365012 2804 -389
-269329941 449907391 2133 -355
203267961 -606965790 1270 93
-70401565 -299563829 2111 -242
-755448976 565999723 261 206
656320659 28767165 1325 246
-339613064 -882829284 1543 242
223226553 -22368497 935 728
471298297 -132724041 2677 641
246798749 -916110413 444 -150
-87474998 949903497 707 893
928084350 934984574 1607 -291
-777793437 -775432941 2814 929
-75832297 -371002934 2819 614
4836304 200141668 745 -452
584826806 -903095883 173 -762
-702995643 -379375506 868 -709
990215800 462363309 58 488
147269075 -287564677 1344 -68
-891798914 781428710 651 402
127600899 -802144351 1104 -413
590539766 727035087 670 892
-93001424 -118930006 1567 -881
-775722520 354368977 1389 -454
750615335 -297713904 757 -759
194521701 -613968010 2414 322
279635553 -894693902 2493 -98
-783244628 974672887 2868 -169
306639120 -51250007 2391 1
-491333117 776404272 1683 816
170366436 -171500082 2296 885
-978963959 143123375 791 690
-927103993 525872250 1533 398
797914041 -371648505 712 236
-549135179 -818579208 2135 863
257396850 -341658788 2547 902
183503279 471077091 2046 553
-681665841 -294050498 1563 -847
967648318 906056144 2421 61
310386360 168236645 1930 165
300147867 13406367 2102 -58
32701634 -36207368 118 18
747151725 156413882 1743 511
-756037568 48839059 2980 64
-234696445 -288067341 2736 -829
-741480814 409349980 1562 21
-703299713 -943011335 1295 775
-464372868 -533081317 2614 -965
985834096 -377984572 1504 465
-266985729 836375269 649 -997
35585858 661714527 298 453
782206312 -80726188 1055 -684
-880898495 629207709 572 467
974830720 297872856 2375 841
66827531 -452564604 1927 371
-236691070 110656390 959 235
-945600375 -717942695 1297 636
834469099 174596399 1431 -591
-200014497 -900754172 1006 -671
774027218 -488370087 2629 -462
825674592 936230626 407 386
-357829682 -989513383 2448 401
332769238 -325544540 2414 -280
135446593 964937886 644 -253
-326628129 571925994 2926 681
-539002199 -450705969 1831 97
52744014 -225201243 2325 -9
-411234320 277693216 2409 -554
-984313568 -858637281 705 -311
-796849403 228499973 2020 -707
-227593704 -639063570 1423 -18
129792553 721847865 2089 243
-643011811 -210227803 432 939
-540596660 -158488243 1124 -834
474111864 -44005623 1906 989
220656358 345733550 624 185
816015333 470817366 2571 758
649682325 -30783528 1746 10
-811970895 262471561 2796 485
353550936 908145226 193 867
633652341 -705847275 1894 -418
-633063378 693171697 2502 -495
-203384481 -351021541 1140 344
-642698277 364014358 405 -916
442526144 689050322 558 -962
802817991 595631669 375 98
743078238 -93460781 1011 -143
-106305261 -774856806 970 397
-168098736 -574700718 98 258
510592491 -226607876 824 361
-947031041 988581714 159 -584
457111832 -611183234 1867 175
-820063879 -58350360 955 230
932712658 936516597 783 415
-908066581 -439188393 870 521
714266719 -686061919 191 -954
-914107326 854428038 2565 591
233056450 755216030 1663 360
-912128224 -306371916 1472 -393
-299927975 509863624 2258 -150
-935777221 -74646398 1820 351
940137202 -16041073 2127 752
326859999 -349001477 388 -919
705973570 -257154170 1218 -564
505423237 576393029 2229 -372
55543823 -333792433 1607 -719
-131024474 695043876 1974 558
370443918 71588255 241 665
-206869158 -443103627 2456 480
-842371093 721170825 2093 -888
-100159995 140554303 193 484
358093462 -885306223 2957 768
-294514744 110052087 2018 -362
-727892655 316621963 837 40
-456136770 -934394 2003 343
-73303469 -785366655 1719 442
164703790 82318920 2757 992
10221401 -403320344 1006 -28
-435151500 -672598396 462 248
-366498328 -856013429 1487 374
-493856916 -784540990 280 -804
28476521 847474623 925 -288
917623382 241746232 546 -966
32774005 -468897969 733 735
646082744 -80103591 2781 490
397940154 90703031 849 -471
-752994599 -123910052 411 -761
-235896449 365160535 2214 -532
-480958356 -991914411 909 915
243922467 955092930 1905 402
-95869245 882111165 2930 604
-83288302 -523577091 2409 640
-885910351 36035608 857 -116
174234070 -334135030 1279 132
629882200 -592135422 2321 -179
-946790614 312607682 849 -229
860000042 6667260 2963 314
623676402 654455621 2087 -715
-85957462 678123490 2505 83
-292801873 693094749 1459 -319
-644035041 -342441883 634 299
188913361 126914338 1092 -850
-563032196 -336617907 1526 164
-319038375 155417061 96 552
286673993 41227455 346 -990
311759415 108560348 559 376
917177667 -49886148 29 -663
-10120545 -365108643 2152 446
-889616084 -274196388 1490 359
154817730 461233865 123 691
550407412 33262979 2013 74
-314895793 765870441 1124 102
978508753 -934542041 2779 -658
-338203722 -947372011 678 434
290133090 -803228987 2295 -719
17459487 -457114257 955 582
-535934656 -97490912 2559 -753
-686354477 216941403 2217 -288
446894745 -229839582 549 756
-575682144 -349866437 2937 -103
300202723 198884273 1295 -473
967385712 -656969739 3 274
-837583465 -75165642 2613 673
-882984105 -431616375 1579 -586
789476023 235098279 1574 321
-627215889 -595383431 2556 351
461660512 -101081969 312 344
648089384 -539055896 2196 347
718409084 62123731 2252 395
-914997378 -427876732 788 3
-816430087 -420262423 516 562
-404815595 -566513798 2284 -727
-14635015 911442085 1928 -315
134369017 -440065314 455 34
-194896371 879563370 1987 924
-461546788 489960761 236 -274
-45920437 -580331470 148 803
-738658484 208692948 476 804
-720705442 -60273423 1855 776
913429102 -632914786 285 -79
659366600 -467066491 2238 749
646448301 487555722 1104 -631
795210423 229336534 1722 688
340409446 860856856 414 0
876961639 797915109 2435 467
-735402703 -828682640 2613 277
751349160 -128410962 193 -484
565294804 -363997732 2063 894
-126513577 -414315575 2141 542
-574680238 409911923 391 -661
63787662 560055742 2041 -468
-305243494 639974733 2396 -498
-436697 498251016 1818 591
616070170 -529031583 350 440
-556837983 183605499 1921 993
-390569098 -247332257 1062 -704
209942814 -944659216 33 561
708914514 -911986933 150 -750
44290307 710760187 1483 551
-146688860 -126671633 1287 432
924716690 -236369482 18 290
136013251 434688220 2353 559
389603995 -808365988 410 -945
-481223222 252536465 837 285
305043900 -508590585 2170 263
355217158 403030392 1052 -622
-963244551 -595743941 2958 -783
-569159664 -386553400 2322 497
-610111991 508389234 1899 -726
456192666 -439716153 2926 200
-142767324 782563227 2250 -869
986731095 795644207 736 -186
-947367478 618249923 1548 -495
302753125 756566023 1983 427
-334489842 -83974389 1656 -724
710258143 -201333770 2903 516
-904039085 -427144096 450 394
807799242 516405156 1862 820
-354360559 790768636 1483 944
783714897 506183063 2052 -16
332947473 -477619578 391 -444
391164918 -779238368 1237 -279
-4481491 -109140080 507 560
-878465794 714451190 2713 527
-265576487 435669764 192 -789
841204763 -397253520 689 636
267899355 780646692 2569 408
429689966 -333756542 2922 235
-145889285 -500517652 2797 30
-899735004 -637577464 2687 -917
154232154 627417353 454 -260
-31018585 -742196835 810 -209
-354218724 -328894277 2563 123
4063765 149005382 2813 -930
960122290 354642493 1178 865
-874280135 -337298055 2046 436
-801058143 988076546 1504 821
-156702130 -447066077 653 877
-614247774 938159374 810 -466
977194038 -747456562 1384 536
150762349 -351268517 2096 -406
-936685148 758556176 827 -653
-9436750 -109967738 1952 771
970094094 -91763973 209 203
-103792124 -903213681 1936 -547
-754621109 -466612333 173 471
436196066 -49796954 2290 443
987989166 -408658983 1808 755
-146683503 185086317 2689 109
417063810 143369297 98 64
770943040 953150270 47 -919
788286916 223677692 1342 -156
-549048342 -108102592 1238 776
-904301181 4459957 940 -725
754683894 486665381 421 -753
-501172785 310926718 2974 -947
-120118979 680856858 2174 -363
242446584 280648225 1953 -449
50927048 -68249651 1297 483
589226115 -111285172 2463 143
-348175360 873486951 1028 -833
793846194 -533008436 3 -736
-717870471 -311565303 1093 114
-369523806 -100170320 516 422
-994631991 -909751233 772 -995
463905342 -431742471 990 925
-146105848 -595229357 2379 776
-977216156 -352397845 70 263
547731103 328439139 1664 658
351620129 -842053831 268 -450
617278389 986094209 1682 -319
-217481423 -988147580 2805 699
96672326 -122315081 488 405
-599797335 -718348173 698 469
-675164910 -91877433 966 -878
-246553298 -972886160 603 133
784796243 888117148 2680 87
-299495014 965540229 452 -79
-541533526 -407195822 2986 -934
463239922 830738037 2813 -274
-426302590 -136241517 1205 -76
523621319 -734789074 1021 -296
115881786 -732051171 2449 -378
-777404653 -483773801 1104 -89
438699952 -270737438 2096 -304
337559722 -767160818 173 -122
-114966214 -777697904 2748 -379
-382275952 43948334 1384 -88
873915533 199356532 2797 99
724059428 948494493 565 -507
968491901 246973873 565 -871
271841548 496699409 1538 851
-944800068 -615128735 2726 -531
421217258 478054539 1565 -974
221804800 102511526 1459 -520
-385050204 875263996 1124 -396
923634027 251345138 1357 158
-176695052 508359404 86 -581
-425373214 -91276204 1071 51
971406415 -534883598 673 138
775373300 170597196 1136 -311
-780133817 -7134214 445 108
-124916573 902860560 410 -542
-302762916 772381842 1866 -488
-603100721 323386710 1055 439
-639453646 -69330820 1248 321
-5078683 784716416 2774 -793
108710984 -64504246 780 -835
117060143 -944503045 1868 948
-604173301 -851170628 546 561
795966172 685052665 1005 446
103012703 167196310 452 -18
-423892650 -943924007 2930 983
-101417190 506909091 732 -971
47185776 -728789968 1585 -342
979266201 -989919278 2218 302
720087765 310684325 2767 -592
833548112 -96531465 867 -971
796304359 859699105 1368 339
830386488 -450414980 123 728
-392832443 -117312849 1699 -825
-469947804 633135667 1880 -310
842432531 280946731 161 797
-342540598 577805602 1965 -896
-24694053 426780802 2619 232
-789439306 -85150714 332 144
-990478272 -310278196 2624 279
-284266533 -871332394 1500 -83
-465907945 964895399 64 -658
-405566389 -43161177 2179 95
87878848 879956491 216 565
248894037 -795576103 167 -769
-806441166 -283078097 1304 42
401035000 -184098832 2496 -371
-185818219 -284578718 340 359
976040624 -83324587 1581 613
905286310 -52819564 26 770
742702492 -941079265 2841 705
-925420540 -256925801 1022 -892
542964176 -671459766 924 -59
-50702473 778586918 2150 -800
-410424602 -918323589 877 164
47315743 -269141944 1140 325
-163642621 922719179 1509 389
443420998 -654789832 902 -724
656644528 317075937 2987 698
-992027467 -144822069 721 214
-969034484 869463690 1022 915
151052330 587194410 2517 855
742708249 585519842 643 -845
-320166122 659372787 2898 -370
-523556196 -600793610 2174 -528
-669924174 -167919979 872 140
993973484 -9345342 452 218
-911271980 990899728 509 -478
-445202693 467508410 235 -588
42722468 -402445266 540 629
-600103758 121559053 1209 -485
449912483 -303499328 622 -647
-198424686 -362341143 2321 13
-373924582 -405387997 779 56
811735667 833105785 2596 834
669932912 -727195450 1882 -837
35427835 924753768 717 -31
468897452 447838230 912 521
-852236499 818011889 2885 -995
30507827 911074076 1962 -372
974928449 443511304 2293 223
921451272 874193196 1145 267
-363435266 -459613107 2689 -726
659295712 677992389 593 -361
-887669264 -984008612 2979 367
972592691 177071458 1467 527
892162786 183309604 2156 522
-644967307 -127811705 1605 41
788441300 9050471 1030 556
-110119611 395874725 1322 181
157302110 -675535681 1605 721
-304468487 471082533 1078 430
-736730856 -899341584 704 751
568050797 -454286099 314 -529
707651837 -43518356 2047 43
-246690680 -382436389 1787 -149
-875605998 -711035862 728 293
315088763 875229587 1643 -296
668163956 104659577 2967 363
-831458572 -495876881 577 -126
-812162711 -710934463 2172 511
-14817944 -554957131 2260 -617
692397133 -177147271 1508 159
-72903171 -802821064 1224 -754
-984650891 990448226 2544 -117
-915763763 328921658 191 657
-680809630 106623764 2533 -977
861990936 386193067 1939 -242
248399220 212273525 2856 98
377271332 727330126 732 188
821818968 145094213 2873 -812
-712270262 -959066236 544 -963
964914353 747536850 2188 263
-715885155 923198044 2396 -764
910919501 -965294986 2042 181
-442767260 362737023 1065 670
-313088439 -678874769 1456 963
219370665 -920872709 1796 734
37515646 -641914417 1399 -86
625081008 -620169390 2710 285
92097607 -986008995 880 -35
-843430019 -7553583 224 -754
-785637005 791859468 1563 -484
-449608819 -692594968 2471 510
383477504 -970402080 304 -674
-157865933 141920050 2437 340
837329959 347249636 1635 -770
189427451 -718018100 758 796
-920781549 -957269931 2300 -979
-87222277 987664951 986 -405
-184134496 -443428251 383 -327
-931831159 891947329 1533 797
698805570 -647737480 1347 -474
129514174 -126298697 2096 -71
864068789 -236387741 1935 -341
-813255874 918610621 1453 -552
-602709941 49414545 2126 -385
-101589556 474868171 2041 -237
318225740 -86335345 2794 -908
536197771 -662912397 1164 120
-566404829 -169042583 1734 -504
-866606983 418372476 2883 -317
435979244 -98171025 1220 50
-926805933 715462652 2888 -857
404405871 -423366992 2505 778
326778343 917640870 1434 377
467218823 -402716358 2377 781
-102610896 795026252 1333 204
-977638549 -304837528 870 -522
-167113508 -436882052 1732 -252
-447659882 -763286834 2083 295
-287591076 1547569 2805 -21
518915352 -34455669 1103 -255
801096773 -56146327 2194 211
794756850 -388853841 39 -376
768829973 826465029 770 258
-270902949 -296946160 972 -154
-845007804 -850805968 2978 958
-721676758 -875089650 2613 -144
104506457 -395182091 545 -669
-841412303 -964973691 2516 353
-101902977 209924453 897 -218
-524449075 -532840177 5 -886
191041652 968094411 2087 59
179434339 121394036 1719 743
751798345 629370240 1097 817
384338621 711820140 1076 858
814943359 -69562118 2380 465
412548601 -419633853 510 43
385964940 471929385 2091 -646
-49900891 -946781790 1026 302
-326780030 -114540923 2284 312
82460927 984659237 1105 -124
652322221 -70604933 1392 129
-303026104 928148365 1486 697
758266466 -292822423 2763 -76
-555101856 735283263 1220 -903
112088646 667804712 2172 -333
-425140677 -810916560 2374 302
-959201004 437841525 793 986
444524778 -130127539 515 915
783420640 -914047196 675 -381
-331506691 469068931 1870 -186
-573248386 -919945574 1850 410
-531045107 -388852397 512 631
298873295 -251086314 697 -147
-96262240 -769665228 1594 -239
-922730366 46592400 1634 423
-349907286 137731095 1518 198
-343991993 -448271419 1072 494
-406916430 -261393176 2541 -206
-113979032 -410190108 1990 -152
932997995 -345795829 2095 814
779228009 -804783220 1256 249
-982044222 158464453 2843 196
926834976 36720018 618 -670
-545686784 -527027835 2462 -251
339471009 -329058498 1623 -810
-425162998 -337717329 1836 -688
723595760 798563558 1503 324
-945631110 96137904 2696 645
-135541163 -389418918 1503 508
424104512 343584259 1253 819
437910333 -17852954 305 -159
613995075 468755898 1066 -604
614949814 544388284 994 223
-862549347 -824132654 206 -48
68521058 584739837 1325 214
-627969175 -993490079 301 85
-706597961 -499461887 2808 -679
946484684 -855855894 223 304
-5773154 -364712566 1303 249
-897415792 -587982121 312 170
-472223592 -887912747 1816 -568
-484290983 -793191260 644 -456
486270640 886579535 1250 -418
744728619 -50080991 2888 -79
-53806231 -98354567 2134 527
-688816140 869183666 1307 -257
662015334 153126613 182 278
983266475 -981873822 957 615
-977921693 714381787 1006 -332
906563194 -680526678 1122 -810
-310072145 185940208 2571 557
566899813 710778721 2568 -219
683598246 512575927 634 -9
-162375488 -151664034 1408 474
541767849 -889528685 856 -601
-51572077 389724559 1529 -144
-382831527 128270741 2375 970
-397229378 854113084 2062 -177
-381906635 388812114 198 883
329406131 331921943 1762 -561
-46642674 -851833164 2745 731
-85949037 925367772 750 461
-388255999 -157979375 197 74
-63195891 -223563902 443 689
958008788 419191652 2882 -308
-766671351 -323485623 1308 990
908427844 113882060 1197 216
981588186 -289198002 1790 -357
790107922 -993579756 612 -650
-635020599 -190940938 330 -364
15208290 -765874594 877 -432
26479917 885599726 2563 -767
-893802157 462436943 2554 652
-142647305 -856547504 500 679
341785379 845849226 154 778
898952606 -308090543 2782 128
490860011 282623621 1154 347
898894079 -555476850 2578 13
-667269747 -898505356 1257 131
371440825 -853524861 2267 74
75531924 419298900 98 622
-135250001 -451666098 915 -342
-395521843 730245903 960 -439
-994745218 -276009003 2015 -612
-99825649 -254678696 2818 736
295619426 41780066 1951 968
621422058 -351112091 1760 722
172291933 -264624365 493 216
940381244 -726579438 861 -640
638001373 421802078 558 432
-968039800 -742744879 44 -568
-496507639 638113246 394 -533
374836222 -640288926 236 868
-553064145 -547202466 2680 91
-508133655 91417401 1293 -326
-299973931 -964953431 2595 -492
746643880 -563388579 361 -1
-63810753 149557863 551 -144
907807885 -609277095 0 899
-506309598 -422123913 2573 -817
224531587 895349900 1253 -611
-749942921 431759254 2942 863
-436349778 602613327 1344 -108
-276349418 -528775304 1603 -716
-710251199 -481283106 1301 -574
-488358674 -733975802 2885 -657
-867885443 -248702428 424 -184
175351319 -593776661 181 -812
-595363030 508078612 2614 -299
-152871413 221882032 791 -832
797318423 -642095957 434 809
930751725 362717521 2698 55
-169717862 941652167 2616 -316
-272282957 -52375339 1562 -656
-299501120 -443811448 1253 -913
406300878 -209616590 2994 -795
786465328 408535604 1237 -186
257136375 -516819069 2185 648
215323594 -508866502 1209 165
-228943609 37804112 2524 782
369618673 -822631425 731 -86
-485829459 514753867 2320 -587
-100012081 424529285 2751 -252
10064405 -861861511 2529 626
511630818 436637889 2670 -354
-802006106 717627271 2069 482
-399503439 19471434 1183 331
-940357417 290547845 2965 908
551026484 87762640 1210 -203
-134958631 -734644188 2095 -612
-173185741 484081657 1253 -287
766924303 522755288 960 -937
825752085 881343332 1350 -968
-627440166 -197310078 2194 775
239120928 -733365139 115 947
968974499 -474629605 583 -638
396859215 418425315 1981 -958
563936937 -4360811 2176 296
-580851685 593031062 2603 -884
457838623 -455733941 410 -613
-652945339 369875352 1267 194
766304963 -257486338 2868 -611
-22220706 272376255 1221 754
3982500 -200020469 2838 -778
-363389666 -628411116 1820 -115
-248731581 862488329 2273 -547
959902445 -318743278 2080 -463
-339641482 265831728 233 200
-379621673 36333432 1001 469
828405804 688683780 2710 -214
-794650600 7714741 1552 874
-426362392 -352049132 1522 -221
629912856 906340516 1011 -939
822708728 -268794325 909 247
-664808440 -439646007 1229 377
259925490 -713424824 671 -880
-150499112 192441389 1164 421
452232144 -109370273 434 -397
676539084 -731284490 868 -435
725145019 980215508 1732 151
790508232 660986329 2314 -214
827520846 -466246050 1744 172
969289331 -581733355 2081 301
-37211835 981175074 954 -353
-668299551 -281855937 2577 587
-155842809 -190205195 1754 -911
773136158 -572236127 1015 -419
952612857 -850422709 322 928
-932079395 95459620 2438 773
554517715 -830811196 1083 431
-294364870 -650072254 444 756
-388253147 -386196453 1635 -983
836434356 440748281 915 74
1 745 -14
1 84 -475
1 860 328
2 2369
1 2250 720
2 1713
2 2044
1 2429 285
1 1338 967
1 1232 -786
1 2062 973
2 1467
1 1648 -121
2 415
2 1003
1 2714 -444
2 2027
1 1447 -723
2 2636
2 2891
1 1491 -121
1 1063 691
1 719 -343
1 1588 503
2 1996
1 1342 -823
2 1688
1 2496 -352
2 1897
2 224
1 7 -836
2 1340
1 2306 -579
2 1719
1 1233 117
1 2435 156
1 1053 -159
2 1326
1 1081 -517
2 2356
2 2966
1 1764 278
1 1188 -964
1 2663 -655
1 2504 -845
2 1277
2 1658
1 1963 -566
2 1727
1 1958 -13
1 1060 606
2 288
2 2947
2 2271
1 535 261
1 634 414
2 209
1 219 -854
2 788
2 1152
1 2958 346
1 2984 -718
1 1626 -772
2 863
2 1207
2 1911
1 2310 -118
2 66
2 1191
1 1066 815
1 868 -452
1 2268 309
1 1307 -923
2 1265
1 2439 981
1 2901 344
2 1543
2 2258
1 50 -10
1 2395 -466
1 1363 -583
2 1883
1 1826 813
2 805
2 275
1 2718 149
2 2048
2 1855
2 1572
1 228 664
1 160 -137
1 2890 -617
2 777
2 390
2 466
2 650
2 2701
2 304
2 152
1 562 -245
1 1391 -993
1 1367 849
1 1886 618
2 328
1 1625 -738
2 2871
2 2541
2 2232
1 174 -799
1 562 821
2 2591
1 2857 625
2 199
2 1609
1 322 -680
2 1415
1 1484 92
2 2222
2 51
2 2756
1 1271 -371
2 904
1 1443 -327
2 1513
1 2412 598
1 2486 927
1 2288 790
2 2388
2 1131
1 2658 729
2 2384
1 709 629
2 104
1 227 -867
1 385 -157
2 657
1 16 180
1 1300 -833
2 1512
1 1586 689
1 2426 890
2 1098
1 1352 -168
2 1
1 2684 959
2 872
2 1874
2 1062
2 2635
1 2298 787
2 1538
2 1555
2 1079
2 320
1 2125 -544
1 785 -404
1 767 -324
2 1697
1 122 615
2 623
2 1387
2 556
1 1972 -204
2 2801
2 2563
2 2599
2 1647
1 2443 -669
1 2493 -844
1 2319 75
2 1244
1 2003 449
2 526
2 1490
2 2306
2 21
2 347
2 2429
2 155
2 1978
1 2155 71
2 2314
2 2887
2 2813
2 1679
1 1409 544
1 2611 -47
2 2319
2 1593
2 1526
1 494 -910
2 847
2 1070
1 264 954
1 2962 482
1 2533 551
1 558 -939
1 2052 -314
2 2013
2 1558
1 1350 -510
2 2874
1 1378 -271
2 2768
1 2749 128
2 2053
1 1403 -624
2 1284
1 2244 800
1 2501 -696
2 2618
1 1591 758
1 1988 329
1 1423 -999
2 747
2 2693
2 2
2 703
1 2015 -33
1 1516 450
1 2618 454
2 957
2 1925
1 2046 592
2 2567
2 1441
1 1724 251
2 2413
1 1609 -916
2 1778
2 828
2 1525
1 168 -695
2 1587
2 2824
1 702 -285
1 1561 636
1 2366 -723
2 253
2 2975
1 2546 -894
2 15
2 2933
1 2501 -779
1 2564 -315
1 580 367
1 1860 -622
2 2918
1 1860 -117
1 1641 -3
1 901 549
1 487 816
2 293
2 2833
1 1304 366
1 1420 -849
2 307
1 2790 -503
1 1749 551
2 1848
2 2274
2 2758
1 1994 702
2 1841
2 564
2 333
2 1590
2 2801
1 2721 -610
1 1495 -42
1 2743 -962
2 2887
2 2491
1 1620 -851
2 1455
2 2589
2 423
2 2663
1 2646 210
2 2873
2 2792
1 2323 -875
2 1866
1 807 681
2 73
1 1145 -945
2 2325
2 623
1 1407 -732
1 2291 718
1 10 -896
2 732
1 1394 892
1 1262 -759
1 1519 -252
2 2655
1 144 50
1 631 -616
2 2999
2 1661
2 1624
2 2752
1 21 -202
2 2164
2 731
1 1492 808
2 935
1 1847 694
2 2679
2 2208
2 1117
2 1230
1 624 -480
2 214
2 2815
2 2174
2 697
1 139 -418
1 1678 328
2 644
2 906
2 1366
1 1436 -777
1 431 677
1 259 698
2 1223
2 2478
1 1614 -416
1 1916 -827
1 2138 647
2 1407
1 1856 966
2 2429
2 1402
2 1137
1 86 -352
1 2406 221
1 1998 -384
2 743
2 579
2 2212
2 645
2 2077
2 3000
2 545
2 2870
1 1527 881
2 2475
1 30 -975
2 1359
2 2245
2 1514
2 1913
1 2387 -422
2 1789
1 2605 -452
1 2731 -626
2 1305
2 2660
1 2937 931
1 1841 876
2 2000
1 1607 499
2 817
2 31
1 2488 -703
2 1895
2 2766
1 848 740
1 853 622
2 2717
2 1689
1 1791 -313
2 2239
1 26 -641
2 224
2 2363
1 2434 157
1 112 -6
1 1422 432
2 912
2 1991
2 1284
1 198 -298
1 2090 -902
1 1590 -727
2 1142
1 648 6
2 2109
2 2522
1 1814 -913
2 1877
1 963 -974
2 451
2 2265
1 2974 -544
2 2317
2 663
1 1343 -858
1 796 297
1 1880 267
1 2877 857
1 2056 407
2 535
2 2617
1 649 212
1 214 432
1 125 -528
1 1797 954
2 1179
2 2914
2 379
1 1182 95
1 1712 -81
2 152
1 176 994
2 1272
2 2117
1 1415 31
2 102
2 1052
2 261
2 1003
2 2020
2 1989
2 984
2 2330
1 2007 -984
2 1764
1 1474 51
1 741 253
2 1303
1 2663 -632
1 1900 218
2 341
1 1575 -929
2 2240
2 119
1 1125 -900
2 2996
2 2356
2 2830
1 2514 -31
1 975 961
1 2647 -87
2 1687
2 2465
2 179
1 5 114
2 2210
2 2915
2 1127
2 2776
1 2238 270
2 1370
1 1323 -403
1 1016 425
2 1592
2 2909
2 1838
1 872 567
1 2263 -830
2 917
2 1179
1 229 -33
2 2081
2 2088
2 2726
2 1028
1 1399 -471
1 2771 439
2 1030
1 412 208
2 2608
1 1447 695
1 311 -94
1 2557 -637
1 124 534
2 2606
1 2171 -195
2 1418
1 1725 449
1 1885 -241
1 2569 364
1 438 364
1 224 107
1 1527 212
1 1939 -969
1 1188 -899
2 2265
1 1079 -284
1 1000 899
2 125
2 2316
2 1045
1 8 590
1 1744 -292
1 1504 402
2 2303
2 1225
2 2351
1 221 60
2 1657
2 1478
1 590 449
2 631
1 1746 -419
2 601
1 258 -940
1 2451 687
2 520
2 1460
2 110
1 1775 -189
2 2993
2 1822
1 917 95
1 1341 -107
1 1137 271
2 1514
1 1424 -784
2 479
1 950 -56
2 787
2 2310
2 929
2 1193
2 535
2 1980
1 2134 253
2 2061
2 267
1 383 700
2 1658
2 1074
2 2272
2 1208
2 1236
2 884
2 2944
2 226
1 201 327
2 1930
1 2345 -867
2 1536
1 345 295
2 1601
2 782
1 2830 789
1 2812 820
1 658 -551
2 1401
1 142 -609
2 2996
1 927 -508
1 1925 -250
2 2562
1 189 -582
2 2403
1 2704 157
2 2111
2 882
1 2691 -226
1 1497 476
2 318
2 2276
1 165 807
1 2791 331
1 1976 -864
2 2999
1 834 -708
1 2328 887
2 972
2 1943
2 301
2 1151
1 2184 770
2 90
2 2782
1 118 -697
1 1296 924
2 2866
2 1730
2 2038
1 1272 447
2 1979
2 2962
2 2643
1 1499 398
2 1747
1 2634 914
2 2944
2 673
2 2609
1 2057 666
2 985
1 1987 -633
2 249
2 1369
2 2363
1 1657 565
2 2709
1 2985 -714
2 1920
2 1012
1 2098 61
1 364 -745
2 1504
1 380 -351
1 203 -811
1 2937 826
2 1663
1 1658 -469
1 1989 -889
1 1046 -358
2 1029
1 2048 307
2 1037
1 2593 -950
1 912 666
2 2266
2 2777
1 1377 138
2 2141
2 1931
2 771
1 2044 -927
1 1392 606
1 1190 767
1 111 -224
1 1054 -402
2 2321
1 2568 380
1 802 -647
1 2693 603
1 124 -505
1 2942 -211
1 906 606
1 311 33
1 901 -926
2 721
2 413
1 815 -35
1 2557 82
1 2373 -821
2 2779
1 2802 -750
1 328 59
1 893 -190
2 2703
1 259 873
1 16 216
1 322 -197
1 2614 804
2 1813
2 1626
1 1252 -886
2 2184
2 2716
1 109 847
1 1992 119
1 1868 -240
2 1898
1 20 -973
2 568
2 465
1 901 -506
2 788
2 542
1 272 657
2 1150
2 832
1 1215 965
2 961
2 1675
2 1672
2 1062
2 1242
1 1242 579
2 1522
1 275 -338
1 1525 741
1 272 -833
2 2366
2 443
2 1717
1 615 -292
2 526
1 1843 -884
2 2182
2 668
1 914 -304
1 75 460
2 296
1 1018 -720
2 120
1 75 257
2 1597
2 1697
1 1617 -462
1 1134 -290
1 1956 -600
1 1829 -696
2 2284
2 685
1 190 -796
1 2860 644
2 2646
1 1652 218
2 2872
2 1081
1 55 -5
1 1265 486
2 2516
1 1215 381
2 2189
1 8 256
2 1299
2 2208
2 390
2 1227
1 2005 -714
2 540
2 2451
2 2712
2 2214
1 1349 43
2 1314
2 490
2 1812
2 1631
2 1183
1 818 -726
2 2515
2 1887
2 136
2 1480
2 2510
2 471
2 2234
2 48
1 378 -882
1 1256 -209
2 1621
2 1299
2 2871
2 1557
1 2684 80
2 1472
1 1447 441
1 2104 453
1 6 -591
1 783 -813
1 552 -243
2 2043
1 1580 516
1 2680 -437
2 2036
1 1655 91
2 454
1 2623 703
2 1294
1 505 -524
2 1469
1 533 707
2 2397
1 1255 89
2 2659
2 2367
2 1824
1 1900 -247
2 2287
1 941 -391
2 2654
2 804
1 333 356
2 1987
1 2888 -349
1 401 45
2 1185
2 1813
1 2307 504
1 2154 -478
1 608 -990
2 123
2 353
2 420
2 2310
2 2576
1 18 932
1 427 13
2 517
2 1947
1 1542 -686
1 1449 631
2 1375
1 2166 -570
1 1687 -82
2 419
2 1290
1 39 397
2 1440
2 2058
2 1892
1 762 579
2 55
2 1045
1 1237 164
1 594 -849
2 2433
2 376
1 1744 260
2 222
2 1318
2 2131
1 338 359
2 1646
1 2832 -799
1 2729 -945
2 985
2 2333
1 2861 437
1 2929 68
1 1609 -141
2 2951
2 132
1 2777 -640
2 1350
1 1102 264
1 931 184
1 2496 857
1 1655 400
1 1571 800
1 2065 626
1 1509 701
1 1994 -103
1 881 -497
1 2768 -138
1 2406 -624
2 2267
2 2652
1 822 521
2 1203
2 1150
2 2498
2 2571
2 2972
2 470
1 609 -63
1 1421 559
1 1898 -100
2 2930
1 1796 -808
1 1525 900
2 2925
2 2747
1 2006 -190
2 1580
1 1066 192
1 1779 -469
2 1423
1 2912 -895
1 893 -18
1 555 -14
1 2063 -537
2 978
1 872 747
2 2349
1 1175 432
1 808 -497
2 1575
2 1379
2 754
2 991
2 2484
2 2748
1 2379 -759
2 653
1 1957 408
1 2385 853
2 1198
1 474 -642
2 2406
1 450 -581
1 873 -192
1 2766 899
1 1611 878
2 2998
2 1818
2 2515
2 995
1 832 481
2 1286
1 2716 -180
1 1237 -472
2 475
1 2875 643
1 2623 -665
2 2457
2 1635
1 983 408
1 311 -543
2 188
2 2888
2 733
2 1416
2 1250
2 2206
1 1113 642
2 2141
2 1138
1 1681 -350
2 1890
2 1578
1 872 693
1 653 -988
2 2677
2 1840
2 2923
2 503
2 626
1 145 623
1 359 -59
1 524 762
2 159
1 1608 573
1 1524 429
1 1808 -219
2 320
1 2196 722
1 2618 832
1 1323 583
1 738 -233
2 2240
1 1415 48
2 1257
2 2882
1 1291 -127
2 1164
2 750
1 1051 -665
2 1114
2 115
2 2655
1 733 -631
1 2928 445
1 649 -797
1 1467 -707
2 2194
1 1492 -915
1 2734 440
2 2184
2 557
1 374 247
1 1038 -802
1 2549 -64
2 956
1 1545 -647
1 2859 -334
1 1303 813
2 2702
1 2467 -618
2 2977
1 2763 -40
2 1267
2 1332
1 2111 591
1 2610 374
2 2858
1 1981 907
1 274 674
1 1701 -704
1 1021 -469
1 2859 -946
2 1788
2 1440
1 2912 -402
2 1440
1 2815 -576
2 1375
1 2244 -326
2 79
1 689 -671
1 1199 626
2 875
1 338 30
2 1179
1 2123 600
2 1818
1 1809 -590
1 804 -2
2 2008
2 1907
1 1441 -277
1 1616 156
2 1618
1 880 -883
2 1227
1 2399 -647
2 354
