3000 1000
-997431948 -802905999 238 -606
-180474663 -8553635 1189 -873
-549236440 -479844051 1412 -708
-806159059 -854818265 2182 -714
449443022 319383765 2342 -195
-296327028 266749861 1969 506
-229064281 975725333 855 711
-132289063 -82760863 1215 -588
-514523850 -795545388 985 222
-771724790 -304854990 293 -633
632750261 -463584186 1607 171
-775489386 -437879229 2748 859
-408249808 347917158 539 -828
-608784032 -694496225 597 241
360326575 402273090 859 858
-814186793 724147660 1380 194
-377153780 -715508179 2711 450
554055327 558427778 1631 -885
879054865 461157884 799 -964
-803664572 -9530557 1640 11
733244509 -818733697 2045 317
-71170701 147307838 553 933
-440418464 762257069 2622 -971
-523021666 333462361 495 543
-25443700 563860162 1037 -237
579613139 276314834 1964 -587
742161388 181660876 1514 -716
-464467508 -131783594 2267 -560
-121528181 -929760577 2196 860
269190021 465835234 853 -279
491189163 -410836711 1483 295
246678333 -860816748 2556 573
-716220592 627456312 2366 -204
-192965845 -92870231 1163 57
339018061 727190490 1045 -290
-528074505 310442948 282 490
-400058667 914808578 909 343
592832058 673284253 777 844
815184740 -207229320 2081 -782
-266273264 -256198685 1538 -630
920773928 -63682009 39 -584
-759672534 -672845715 1450 359
-552158495 -888673977 767 86
580422594 -543976571 2888 636
618270982 796368002 1951 891
-660168267 -440109614 391 -71
697876078 91810473 1308 -168
-818502354 322208721 1646 605
-965863059 261882451 585 934
-631060419 -902802834 2187 339
404869152 555657417 1117 221
579730849 -56367944 2109 66
-431278382 -84438542 963 -564
404155890 -200245942 2380 616
-668393111 -216625220 1147 967
79295469 99655664 197 -468
570450687 -638960018 2600 -724
155039907 -317421135 2718 237
-588775969 922639292 2347 335
318954411 623409980 2563 820
607650211 910014799 564 21
238756224 -788316384 1090 235
136452765 159435232 2709 -410
-389554926 240628940 109 -360
629510011 647987470 2605 -726
707922364 -322801684 439 710
-272149555 969433114 1033 -150
198121204 -904369229 919 430
-706726619 -472832911 839 -244
356649135 611485723 1640 431
642049124 91240205 2493 -962
649065311 690371967 2483 -25
-473479776 126453009 1681 -758
-674822229 346270128 2735 -467
971967719 446002978 2982 -443
-933318658 829216817 1094 -883
86678768 -66698177 965 -6
-771087935 -963735394 1129 -417
868609681 740840117 903 241
-843581476 -502180279 2689 870
33442963 -296031437 632 -932
-822947927 -500464098 2409 137
258321620 -320113813 843 -250
808436885 391779854 24 19
-312776362 426006638 575 -26
-231950280 336874709 2844 -238
734054157 -441654203 688 -742
388373036 688230612 2790 886
797792624 698632422 2238 -473
495216284 761645102 1349 -570
-176355001 -433526568 2169 -294
231037942 472307172 2322 -682
795731184 -347004022 1509 973
-937572351 -644604380 2773 775
-500665331 -470421077 2535 -174
165179051 -260396077 2477 -422
-628901955 627291391 1765 788
-322988419 -479462263 1450 -259
-996103182 -588271442 2069 955
-528242720 815268576 2981 496
928407052 668824246 51 110
63895345 -387234099 317 -377
-506866556 -650510811 316 251
955399633 -643472396 567 -404
206352621 -104229022 1725 -101
16999814 560556216 2598 356
-868620089 -336597274 772 -71
-360571936 76110640 462 111
-872079338 150822045 1171 -498
-835241211 256092266 689 663
-738577489 -496119528 2300 286
-251467030 -65397496 447 -633
622213793 154945934 2089 -171
-514606767 -119876627 1699 73
-720275694 990601625 1438 -853
-492460048 762134166 2919 -819
-925933780 -956982589 1441 531
-221588079 255996691 1070 -356
29369765 110003406 1970 -366
183668667 -403255696 2287 -731
638292172 -227671795 1408 -294
307010376 484693614 1994 -137
308586682 -309106670 1015 -912
577953820 -732560910 1984 408
280432313 -709190123 675 398
-636756772 770341899 364 -209
-882794025 -777280252 172 192
-41937630 142783428 2033 82
-687407096 79781082 1150 57
985538448 -638031187 317 -587
770077576 875174438 102 21
446727209 763957960 2268 -445
388209178 131781082 828 -659
863393360 257884904 2357 -620
797416026 776151567 1017 2
-872890812 941509331 868 870
91833480 692802909 1045 -5
-64280999 -41917898 2279 540
83126279 310716756 2048 487
423985159 703808287 1432 -225
52501882 271306909 519 74
35322879 934192141 2866 795
736588046 -610148546 965 -694
-526889143 -699678818 1248 -806
-628753112 -619278840 87 -636
-431515948 853027035 402 -529
553941128 132471653 38 -265
-511998968 955247143 331 -141
-499697919 801970889 2480 -80
826377134 442923614 2528 516
-792864301 -259496091 2217 296
797978336 -930078251 2205 562
372619488 -196078891 1728 827
-973739800 646022792 2499 -930
-324982870 -25790661 2448 996
13606932 329987739 2788 437
410547636 -563995752 374 380
-626740598 -764656490 786 80
193924198 -673780726 182 -323
913436238 298037685 2783 859
-409247922 -676113429 2947 -702
-442510886 -831200673 1224 -87
-821507543 -93509886 71 439
278832536 140337972 1596 710
608216641 717665292 23 896
-740266305 103926834 1000 -958
844785963 247033937 1582 -442
-109394412 596736225 332 -897
319068367 824438793 427 958
-445933798 956692526 2275 438
-86685138 226708479 1111 -163
602906572 829246941 331 -365
-761995164 -809534239 2886 787
-237792890 35928221 818 882
915994767 705372939 2152 -483
-557269487 -433959154 773 -770
-56452172 33423507 335 702
550612016 -198151731 1224 -511
694724993 151726464 2947 -725
664723578 460391939 484 276
-77118567 -47291879 1112 103
-510935641 6414815 387 836
-937063982 -228030847 2901 -403
995441297 682280889 2232 382
-490529719 -264162610 815 823
-146076995 -802909538 1204 -371
26839958 -416923764 706 -135
756901995 506034397 1365 -156
338492944 -38081504 197 872
788599614 -802884418 697 802
116777395 766363088 819 -838
928631604 -829505653 1251 72
600246486 -410973511 497 687
648083682 -900717849 2919 227
133604295 -880619084 554 654
424640328 -462820397 1860 884
-894992840 239717120 2790 469
-554462592 333870423 29 517
-613112309 693874091 736 196
557690790 -699787803 2885 -812
-427838548 -429769486 2284 -810
-357842548 31380797 891 178
-196158276 -35027486 2061 -509
-499787408 361802601 354 -44
-716351055 142942930 1083 309
-155330774 398683556 2134 87
-891176047 919186051 194 -129
-823700302 975474676 402 416
207562450 -136099390 591 -213
-96885397 21590829 2812 298
885679402 474598902 2571 -236
376462176 -402471775 429 -222
-299573987 -156763593 1651 76
228185204 -114413427 1084 -756
396990370 -813507518 2656 470
285415108 643656047 1334 983
800672200 139697806 1681 -696
-329244468 501170766 1365 245
-852949 412394571 1815 665
302958563 -331412705 2019 652
19451781 -542135201 964 888
793047405 -167652858 757 856
-505925394 -420337981 1398 164
657118438 -484716729 413 221
57914850 -595212544 419 939
-937391191 772694062 2973 589
409533463 -314836099 2828 251
379614874 998442917 789 416
-968698389 315848906 2189 372
48756358 -313182948 1726 607
-488488657 -962320778 2360 793
866364772 965797944 1718 108
115968928 230507347 1678 944
-732003544 670792896 828 199
3086317 -581666975 1280 166
-606825612 118157261 1440 -326
-474973819 -205728275 772 -556
-569946659 455252918 2265 498
2210729 -831479365 1268 -587
330242790 -430049430 2217 436
-238260893 653708433 1190 578
-304697075 -690287262 1277 787
316975552 433445410 2523 -787
-388097047 -790418240 1753 -385
-314622972 362758553 1011 662
741941408 59028394 1996 907
-829163240 -976811014 371 253
-45588992 997696309 2711 801
-77945748 628924944 2860 706
-169778087 -87812843 2445 -310
176328257 -612680442 4 -743
534919619 -593998940 1606 -793
-445903832 -977070657 2775 987
-304055132 -598218554 575 -121
-155828151 775772487 1128 -318
427719718 -498477768 575 -305
260218186 -212737643 2870 -745
219028813 -543373871 540 -702
183940344 46915613 109 -425
787464938 656493651 2193 141
153232541 -536805487 2398 801
772948389 -791936122 885 441
-780951002 927885057 552 152
581358575 -346728888 2152 -909
246990876 558180753 442 -651
394434279 926784601 269 -586
927716962 -603966570 2207 -310
68132754 -84255442 1337 -486
-705882027 671751853 1640 -281
781527287 109597906 458 -851
-158796894 885533008 2275 -587
-247686368 -715952143 2227 249
341026018 848863847 48 -265
761046508 456541617 2526 997
-54057732 656953912 2533 631
956788679 789463425 946 531
259748364 700636027 1693 375
224224760 497346936 1198 -56
-702398261 749172915 1432 402
558136025 849572710 1248 -386
720451516 778496722 2596 741
-646454422 -729243014 2265 901
-553325273 -758628847 639 -207
-448033220 -69182724 2689 -826
755132595 -176793629 675 -45
-917924659 15626441 1972 -386
950564440 690018132 282 -30
693961108 715457145 2061 -377
-542942892 278132408 1293 429
-996475884 -8080181 2757 -703
-959929980 666232837 225 202
986911528 909364707 1753 880
855271061 403287201 62 724
-573500307 -423647926 2161 -230
-495453314 135934891 954 729
-998857619 -619071104 2256 -419
-529434286 -193291765 1323 -180
456561238 -527021488 396 777
-856972752 -844428795 1055 920
672968676 364857182 2758 -801
777623023 437974680 152 -526
81339196 385827534 416 310
414541972 -484130154 1241 -562
-647730852 371915159 1224 -596
482470393 -263373532 1477 549
-862343307 -102154887 367 597
-490877935 -123363583 2937 -367
-204389135 493254838 2402 -16
-544932999 -802218447 416 -81
664788767 -282574984 449 672
988193374 76314370 1209 585
415522905 -127510899 2640 -648
-975731689 296166000 1463 -421
-520320993 -999902563 539 170
-788723475 -209349527 2556 -589
-846087563 -116869597 1011 214
937370018 -910143102 1438 -528
525827667 -320377398 911 736
716186527 -570411929 724 -991
-330490878 889904863 2352 -261
-521394295 -468570189 2439 514
-608987040 -365185328 989 922
-267466940 763319106 1167 -711
-624380307 -776753713 2273 299
-231051519 397996766 1926 -135
-192308129 612552237 285 -275
-824451645 -323288340 205 -35
-248627077 680790910 297 697
504414791 -244611472 1146 -846
-334598621 -203715088 1060 -463
-326046394 100091959 1982 -515
81558143 758138327 2366 722
571789856 -871213732 77 -351
49081115 -825740431 1970 -260
-570915047 -456323392 542 -257
-880049233 -435574365 662 709
842556415 -34144799 2643 -660
-483752752 474274780 1038 317
440195669 -794808696 875 -181
796943598 -398973005 64 -72
485497286 -857095868 1930 680
-784543907 -96356768 184 -603
-150416073 103722566 736 -183
-947852751 702213322 2776 -610
-469407084 -482446964 2666 569
438795473 -657165755 2378 -527
536222203 -4274308 740 -617
296431417 691730225 2157 500
-799509961 -822882021 1249 529
859429524 279458157 721 -126
317650084 256951888 1182 -719
-53801490 558846519 2141 -161
-696103062 558427753 658 -536
-177702418 -624499549 1292 572
150517899 561116513 1447 -814
-171177016 -627183633 1765 577
497411559 198221588 2102 -877
604230531 477218877 1229 -497
921102676 871721545 2645 -547
972545957 80806338 1181 723
-805252761 214162122 1099 47
813798530 -373611384 1468 -749
-387371847 846579238 567 -625
499900404 324480367 2804 712
900634638 -201954249 2194 792
-470655015 86209048 2150 811
557104925 122855781 2571 627
-994400930 673661951 359 -25
337792478 -943960776 2071 713
-458868669 -272549334 2966 890
-19313170 644776108 1952 -386
460278352 -497463307 2010 817
-887426782 614260597 87 -959
-295962888 703526681 2446 -736
193720965 483049400 1093 221
-195750685 213543469 396 -682
948009904 922507814 2809 824
-244083529 -392566111 1161 -794
14499963 -391367990 1938 22
614485422 -753776427 153 143
-241125928 -79748574 1990 -350
232254406 -78347425 1576 310
889316313 -683570470 2158 33
-398945636 -968337799 2621 635
340660076 990092846 2989 85
260590085 -613351227 1773 471
-968457513 -982395089 181 15
-66438507 156425180 2965 -401
142091200 -825982156 998 -739
523104224 242344805 216 -633
-933461971 97742488 2634 -100
-965923020 656501018 1159 -870
-196419608 998731030 657 -416
-214081302 -230766447 676 -365
785882097 -182208484 1248 -303
602078622 -792324321 2679 -196
107704748 909518791 1181 -553
583423921 -467701222 2275 -716
-714298010 -413447210 1177 -904
-136476873 393585682 1088 507
-589979978 569107671 1335 823
-36487273 529711445 2752 757
-479002539 801373969 1343 -855
-563915720 -341179622 2064 -422
718081891 -495605212 2430 -902
-600588719 -753086342 1231 -612
-81341007 761826029 815 -306
562224685 709031143 1193 507
-986591392 492569787 502 -912
-511951535 630522121 805 166
-877545264 -651846417 578 -554
-21942824 552992424 2983 -997
597157059 166687453 1959 847
17614525 597065748 1145 -159
369522136 541067766 1113 513
-106313799 869557202 2996 395
-955918480 -238616549 2679 201
210622347 -889933063 1619 98
822613750 -11286696 471 1000
950469639 -854860139 1237 637
487498539 -148475943 803 -183
-887703203 -460332942 359 -601
-422453381 734758046 1101 -185
621451229 362658323 851 -494
-637600763 362497666 2505 73
-212202824 35734405 1374 171
186181933 738517219 711 -483
468637288 -496835720 176 47
-333365062 829255970 77 -601
63922998 296876191 2873 488
286558479 -740014483 901 302
-836262568 32665600 1753 55
319380759 -968221460 2300 585
-238834715 -3927655 997 -144
-79675462 -412468767 1310 -750
-710205930 -397513780 1803 -213
-807742778 823680393 2355 -636
-129411595 187944694 1682 802
-710945484 -130327510 2676 -25
154090867 605361485 1042 -159
480865038 -416183963 534 139
219797827 519136776 3 -638
749440178 -69049846 833 -695
-185278456 -360786061 1391 973
-765491638 441985886 960 -715
272492159 -106985412 2222 -658
-414924016 640299665 1171 671
-689758907 86437120 275 365
890483469 -127073094 832 -379
-571824541 614519749 1653 898
48836511 589385943 674 28
621499445 710896035 1098 163
-522281772 96669897 165 163
33233635 -650427671 697 204
-645281372 -778932051 1569 428
758316874 685468724 306 816
534815785 -918323515 2465 -456
-632591169 -167980247 1092 827
-605659029 122054617 449 -649
-175404198 709819033 173 -651
841588622 -554019596 367 -854
-855984862 282524248 818 827
-737901602 712244776 2422 -820
-537503132 915673144 2873 500
335213416 374846481 1248 -174
985662096 817305898 1802 295
356409404 89103881 1597 -797
756941539 -219042685 2551 -6
917504032 -274788247 181 -979
753492097 541109548 2946 805
151097267 -110300507 2061 -823
-897976834 225056213 2943 195
893658473 -626519611 77 -92
517658619 879597541 372 -405
-547777185 -686687878 2819 290
-786922205 876569413 333 -10
-273121355 788992302 2434 585
156450897 -419483610 24 388
-403290934 -9628307 2384 -518
936487539 116619941 964 921
111031218 -195564421 347 -204
-764140996 222142511 2957 80
339846504 -88999840 2113 142
143203075 -804751106 2507 9
926216400 -477593026 311 -527
226086284 -940683339 2918 512
-238912230 -574116994 726 91
877185663 448895504 1724 460
99922281 -188729667 182 633
-674140395 -488745675 2031 -990
-989392827 150593516 807 630
31405466 -309269249 2328 -318
-957043263 420527985 1867 337
-239192299 609490183 1452 579
-861374220 389103009 1438 686
-38446352 -113733899 1344 484
-561065271 -181750158 833 39
-681940902 -492446803 2460 615
595279254 768770354 428 -111
367964335 -812615628 66 786
29375321 -177057660 2124 142
-223154981 57035846 174 655
-975578078 -575486331 838 490
-146558708 -389003032 416 127
-759095788 389209293 535 -133
656598991 -960298521 1610 -470
149907596 182528008 1934 -53
336030530 588594926 718 -945
-427682376 -28295321 621 29
979599494 801393548 554 26
-142016754 -672812454 519 879
132389215 -10227609 1610 762
-130330685 830890541 1913 19
-614979520 57323501 143 -424
-151405291 -69869413 743 -18
-33634482 243683561 2646 971
-150253350 -440978401 2589 141
773855363 957115227 586 -992
-721894111 166226939 908 -333
76828605 314747620 836 546
-969448828 -375965600 2910 -777
815273064 898959442 58 498
-703923840 -233774622 852 -831
386481601 -170125523 220 510
-89090352 -487333504 204 241
-788928500 -307554433 2864 742
-512176912 -337588994 1211 -101
-269503756 -189162992 2936 -960
-974495910 -344498838 1755 -206
-597544518 -32550760 1326 477
547731229 908116929 1045 -12
152239258 -823903551 2359 -122
-163699491 -979742968 2852 478
282610033 -489162032 2951 -893
-584311909 674081417 1549 447
610406884 -15974530 2496 -879
-53278783 774109680 807 -301
-732736661 786306970 414 621
469051834 621750127 1112 301
576251084 -536450336 2290 763
136331557 -980386117 1334 -828
-376794813 399381921 2592 -520
-552653721 228371913 544 -58
-286175089 -25688194 2714 -865
74645114 -183319884 346 824
-936487909 -621698689 169 -408
25049539 125464504 2386 -505
918262945 133554472 170 985
116639466 -462944624 1021 -566
-535304593 214096211 1348 -196
890601199 -627827085 2681 823
781209113 -902240417 2296 321
594052099 -89253467 191 916
632558107 761635464 1234 -435
678191144 241762077 2796 -915
-435941739 441792303 2421 -169
941674993 149891462 14 437
-147707167 -374758691 2496 422
-819869610 895506604 36 527
835260053 -892964422 2844 597
-980377532 -15176194 312 16
-650351856 191975017 2679 -457
422273698 389893661 869 978
-829678569 429166959 1347 -326
424154989 -155440051 2558 -509
-770659154 47012315 1459 284
-243438391 -796291028 634 -609
1668885 585259339 837 -176
272583592 367107130 455 -262
-911502547 756206933 25 -214
-895208839 -116715847 1198 -311
-147341743 -361694870 2352 802
620269975 522280128 805 -599
-399297238 603056171 1651 -231
-464947822 -245914837 1237 128
842762890 -999461476 4 268
658497844 -171547067 1691 -957
-216461079 12651285 2475 -576
-313565696 973248123 523 983
119095595 -421874036 2235 -927
986516130 -431892251 1421 -968
-87867231 -365474426 2482 -645
139773089 631234579 1380 249
-414888810 -742426265 860 659
-762362515 -769412156 1190 923
253923270 768086407 2548 909
-489190147 145456426 836 -864
-992716122 800419613 2418 -298
-224652937 344331491 1565 307
-113637738 -860682915 1271 -150
-303748103 108484735 2355 142
-647195327 659384597 1204 -259
638715586 432063913 2929 587
200385855 926146384 1056 -789
741851183 -668839593 658 -607
501755438 -433943526 268 -84
-896522449 -789075975 979 803
-853226394 -772051067 1667 -968
579661816 -222885620 2054 -116
834244811 -573042539 2955 120
-825059255 -555467724 508 -225
-259159742 -262291391 2217 -868
-923205890 -920606451 1365 -645
665377240 -827268016 1441 -97
117303787 -199110087 2853 -885
552719951 -701176244 1836 -842
793383540 -85508527 1813 -508
-355015023 430327345 1420 -73
582496541 -941049768 2473 -939
-660749696 803829333 2673 704
-837837501 606438409 647 -686
684539690 785483121 146 -753
-116682695 -717386121 2446 124
503067557 -722129050 1127 988
-425376483 -581474723 195 412
683027987 -698570949 1096 -735
-542435497 -454787381 1249 -977
-715571422 750380733 2940 -990
-36472154 -64094033 688 -238
686577859 -17081654 232 709
512601732 -315648551 1879 564
-897136895 309362382 2355 -183
94632850 -94026575 1429 919
677791672 -577785558 2404 -261
753924726 -327385061 1059 -176
134208058 -476607582 1057 -640
-167561036 -659469119 365 -362
855130744 -301588754 2605 335
-446200885 -886835320 317 820
87451690 929929064 1496 69
-636020681 -70057247 157 673
81417572 607970199 2790 287
633156788 -444312900 340 -965
762824793 -530129885 2571 -988
-872330080 968634323 2357 -206
17886349 -4043439 2700 -605
245158686 471861027 2114 765
-163497455 -224631195 1003 740
275339406 -596862949 680 -762
654464085 -458221545 1632 -257
14576196 -394867553 2753 616
39730707 -279202275 805 89
454785081 -843781063 1136 -46
919147805 753858183 2655 227
-397232220 681304284 1233 30
-728350777 -327328600 429 -696
853576790 778781803 839 -395
-899532920 -610460549 306 -268
58814647 579696819 461 -593
463156931 577870325 1765 -966
945468534 -778107568 1132 347
864509775 -151672180 1393 -679
-380070393 598454247 2806 486
956025445 386986768 1842 249
-636347912 447012170 2401 -892
553711211 580070850 1437 -352
-448963021 -971959974 186 -507
-761142199 -588265924 2622 731
646853639 -770865073 997 -748
-175078617 822554969 1550 461
167256784 -594510810 2487 -324
122626900 234302180 2510 -977
-583992378 -592631538 1690 -181
-334789908 -970823386 2952 -13
-520358502 325949869 1047 65
462286201 125651477 2109 -120
-444187477 4695720 1364 684
-628526528 -82897294 695 489
972048662 -598751555 2217 926
-838023325 -633974507 2355 859
-137860539 461438472 1277 830
-199229025 73818901 2205 816
-591812225 262317766 184 -820
627758805 -956100868 1765 -537
538856173 23620893 1539 -167
-285707534 544288274 1582 511
485829429 82194795 541 201
-520550433 38176926 1088 -18
388825318 -210027624 1984 -130
-454050359 -745144455 206 -735
943055276 199195298 962 548
270100544 815171494 718 555
254145644 25036366 2523 278
700225537 946320693 367 566
645224899 640149219 1303 726
-255981231 -90210324 964 -717
-390345854 -871963942 337 733
-148856233 -541338075 2556 -222
-583512060 963608227 367 -941
-86414645 -767465788 1388 768
587147318 -208675978 2223 -874
-90095288 -368027279 669 844
-949968019 -472551945 1946 -506
-401507418 -530524992 2152 123
484813010 -982017941 2525 -809
262810873 -203759675 328 -195
935148089 -203479183 711 -382
398156262 -632713824 2529 915
706371876 122886630 194 308
437689052 979911630 550 326
737291070 -642491299 1843 21
138937450 159344207 1620 -286
308735865 634595492 2999 290
-853283012 154796627 541 -908
-624373963 663749141 1195 -985
655385665 -29696974 238 -193
-811919252 3887880 196 -910
-2298492 883954299 317 720
173864077 404646204 1857 -401
-962963565 -897251540 2507 -111
-691537020 824063500 2790 643
935580935 -758957055 427 184
217792932 704967615 2806 -42
391573171 774351044 1620 536
-193037545 396122427 505 300
322339077 72743174 2372 -927
93675657 124637457 2771 548
-698220677 246720061 2084 656
739537250 415121441 1238 156
-349387379 800212387 1618 640
225508411 -572768562 2948 -491
-286723490 -834360637 1545 -459
428920673 -636746428 2467 45
-690239749 344256457 2507 91
-645226961 669711037 554 779
812105640 -311229369 2796 -165
-213943235 842898313 797 416
-526824724 -666079340 2889 -516
309210417 316686451 2493 -601
734400331 -773547601 2815 564
-839416230 -964681407 1693 660
-685626215 964769570 1630 -157
698497026 -776408788 2920 424
994331647 176269498 1089 -749
51207447 -91487908 1151 -247
-941117495 -971346801 1266 508
457316626 856031368 18 -553
169245065 65504109 187 273
-814979033 -453094548 2639 519
257691256 518205367 597 126
-678154370 157040249 2081 144
-515428899 -865563275 2948 -601
-655927692 -161453921 2571 73
207767606 274273153 48 -698
715306344 -594196666 754 -433
-674605538 304454759 2948 77
-942447643 -523099320 2783 106
-861760419 573840765 750 -173
-161255687 -393405435 1397 917
141470447 410476801 0 773
533838939 282178183 1190 330
-543150266 6659736 2019 893
293049792 898102923 841 863
-387730234 735880605 623 503
-73433909 39592572 2181 834
-607613829 -267709573 2679 273
398833533 170173530 2502 186
-999858452 -185529571 1462 233
-423620973 370014780 213 33
573275669 723905828 2485 -354
830559683 316165226 1638 413
990840405 -918171669 2185 460
699875563 -948730096 280 -210
-250304443 -130382766 740 -957
-823503308 468131393 919 412
-817484670 -314763538 877 704
-352258686 -931310923 2574 -523
698917366 -504363814 436 -377
340286604 553644574 1991 554
-474459996 439572875 1717 460
699346141 -593422184 1697 425
317012098 -970501716 948 465
789527102 719137176 2938 -351
359802390 794810362 779 553
815392433 -576544601 2256 578
462111092 -418153741 1189 -921
-720033171 550753691 1323 -403
348931126 608390990 2045 602
-2766507 445256896 1474 142
23783377 864516604 2493 -986
573396873 28974327 427 720
-353914857 560631895 1709 -202
-683721129 -138375926 1408 758
333677384 917637445 1802 350
728403925 -454386586 1342 -975
-639397033 509448451 2398 -134
-785880731 -25579525 1452 -516
-548334178 168347713 1441 -325
-82975109 344079277 497 600
948343233 939056535 889 -410
-182468979 -489794523 2339 -938
632673558 793185315 1349 30
-947557291 430820617 455 67
-528495844 -446140962 2744 -750
177694096 759899445 93 -220
383634222 935438918 707 311
884529868 -859609062 2384 -676
-847288031 -288402147 2957 -694
832369357 -12328625 1441 -302
797049108 74476043 1806 121
-829385126 -92704329 1865 392
-889218834 -830688878 181 804
855575336 -9583279 2402 902
-109040631 -346933019 2111 -604
-953359751 895298001 2819 649
-437209285 171236876 215 -882
-619726435 130179111 1751 -731
-840197998 829255385 1048 981
428208176 -494912887 845 -448
-337813266 -375904194 2742 -870
-158071697 565822372 815 582
757340318 515406166 1731 314
-381896331 -68237084 2619 -678
694383921 -409059135 2943 -291
-342534941 -370153744 27 -924
-252959064 654797184 635 611
48924721 -386357034 791 847
875973807 477283097 911 -770
-14158677 -220491889 2191 395
-337334118 -754638124 769 -949
-716238624 108620892 2160 -651
-428087254 -239031457 2488 163
587339092 119110279 203 -33
-192021536 -227210903 964 4
-713981579 69198863 849 -991
-146421373 -313430750 2317 -754
995729762 -457401705 509 684
86430627 579473822 2655 642
183661061 -656846978 221 -931
22642302 916716303 1361 -365
479411306 447585636 1897 97
-291070333 341045569 187 383
599820847 910811826 1646 661
-444352633 743531060 1696 464
523094832 -594061616 1766 828
4733091 824979734 697 2
70797397 -930997957 632 993
-580706128 -742072784 718 -835
-197806091 134350542 632 57
-787661885 -686202519 238 -433
-147001918 122429207 2059 25
790296605 -373880736 1483 -113
43259199 -837366584 2526 984
403950477 -729639611 1031 -503
579730204 689941929 1864 -185
-615232867 116943460 2706 -407
-343094156 -585638538 2350 200
-457444108 -486811952 1270 -360
-836585099 -231012732 832 -480
-886344769 -274489434 890 658
-876696 604659353 602 470
-802560837 334692265 1965 765
381686035 85495284 346 240
-911044013 -585737982 1249 -216
305979052 510699639 350 -988
997179230 554837746 1393 733
-44499292 -921998793 1003 685
239571548 -120387893 2929 548
-372802451 -822112678 1172 201
46140975 765847890 2334 -650
441663843 -697925328 2609 -607
-60830431 622913929 1021 621
-73760214 -570710387 437 648
970442139 -436328821 1238 434
-247827851 -803018900 641 -988
84490910 -641078772 1847 -922
-553653871 683962788 1545 433
271177201 -169015394 2242 -384
762332098 21693570 1155 289
-802128931 41796310 1346 770
-201137109 -77307044 1282 -30
-231399178 -141603662 765 578
-272677794 376004521 2101 -9
869204926 13300169 1023 540
-470025448 -38544048 2 -36
-504910728 -879524826 1547 247
-458189157 594099287 306 -254
-638310269 -708231788 2296 557
-993393868 796428485 319 -420
817883573 -408168087 1483 964
-587637610 743334912 2238 -537
-927221151 588788362 1230 408
-169592740 -410428388 1981 -869
898300656 706620445 2937 525
-126008902 -672442899 1353 94
946017098 -496059175 187 465
-186859382 415068156 814 850
197171857 -511085658 1177 -211
-921673844 678001029 1935 76
991056903 -722559688 995 444
-443293895 -349561843 2194 130
-260743100 501230520 2622 -364
-880241784 31496331 2404 271
17553759 444368519 716 22
-494876630 482607877 1128 192
57878094 262347567 531 200
634367444 -403174089 2541 814
777823015 -33548333 2722 -105
62332589 -881724187 1606 890
-913966352 -682715179 2703 -572
-334415697 -176774623 877 -971
440443534 571740142 573 -142
-277567566 -338902787 1407 -135
382939813 -432341215 80 -261
-562850234 -214093455 881 -935
432286285 988168597 1037 -304
782113343 -409138954 2960 -444
344497299 -652486734 2997 -832
107566320 -974676713 519 -968
-755282059 -355242680 442 -920
-239038966 -123179294 908 850
78445259 -420354435 176 -945
406886024 479289958 1728 568
-192712795 845753501 2587 -639
639180338 -337744587 2520 -273
586544707 357144050 1380 -46
-682164195 252696460 2886 -301
-765235396 -535968310 472 692
416134663 -738045303 2085 -871
-470676069 -322053110 2752 542
601166489 -805561225 971 954
782538337 354661721 2127 -932
189215879 -644453592 1736 -660
911252303 399931214 855 -351
-369280256 930659853 1672 600
-604061930 751471466 309 -416
-279999844 914978720 2010 288
-105880633 -326179166 933 -972
572574366 -421042158 297 983
-497887270 348538352 2165 -325
14934105 1046877 1084 229
-270935030 952429390 2280 -60
-578977103 -519522695 1470 40
276994779 272990441 1959 837
-143002094 11159781 2688 -322
-340337785 -148608549 519 -247
-48609272 729433433 2170 473
143370081 986584386 2173 -567
-710417809 37945546 1021 -578
-499621844 72921863 1054 813
630863451 -900190654 2036 -371
-568517429 -132071711 1553 -975
630396686 -577696423 2351 -589
-467091511 488068985 2088 426
-148179089 368520653 1290 -301
164739080 180380653 2790 -388
395479800 -782464678 2242 111
-572291422 102534463 1569 376
191874930 -230633685 2646 946
131194596 -573907447 746 623
-84971495 -245590695 2845 85
368508303 -452060205 2300 52
440687974 -530522353 799 11
457729307 -106557004 1200 -131
57386286 655421815 2828 -609
227847823 536042117 2156 258
-676436001 -960698993 414 724
-157646000 570752495 2875 -608
666475228 -287207853 704 -102
441991390 -186871187 2881 933
-403826406 -53516194 1788 -510
-534462426 936954211 1459 -839
-452247302 -996822910 315 -737
-299654747 -165818168 682 -954
293616489 790517952 2948 -661
-410692763 -479428845 1631 -55
854017516 752541659 1633 962
-397311462 -637771778 1266 178
859469731 124492990 2812 -159
200785833 -193962625 953 75
-898691883 984134083 1963 543
-966260908 -559562362 576 989
-215755462 316888437 456 42
-334081161 -293372039 104 -529
7398890 616811514 1437 -547
-469176705 -561310439 2613 105
-832486911 890618263 989 216
-564178661 889548514 971 -415
463866306 -732579441 750 -423
867506078 -349077465 24 393
-606196736 161835217 937 -687
-852956674 -491039736 332 438
-555054762 972292505 1810 737
-441822291 843782745 1125 343
-425228016 307272271 2727 558
-106093726 492599393 2052 -459
-438143845 -149787303 2752 13
-909715861 344187989 2109 -379
-360124490 -150531927 1514 -852
-53159490 -466284899 1992 -98
-778360571 396237184 1774 -307
193995619 591991041 19 -527
-415064270 -132002473 1785 96
403917431 -649765611 692 -744
96243439 395744841 1145 -985
-76564366 60701010 1925 430
216592617 2268376 2070 109
130894426 246918343 2296 -978
968294730 -821750496 1301 -162
963372434 -421811765 549 250
-13924855 240713616 997 -487
723694430 547404234 1985 -353
808827458 -60006347 1569 984
-944791756 -974078786 414 165
237234361 -848092032 1436 420
-952669116 363417931 289 317
389847687 783264321 191 380
242235157 588784744 2196 396
-174976773 -638186311 1620 -816
-777152016 -397916628 2357 -561
-502870673 591189874 1597 -235
50670693 -559278719 1008 -772
-331691472 -367983034 934 508
-458498800 103981035 781 -819
541885052 830995727 1124 -790
66264083 -29511975 1433 -913
-632949764 16118137 1045 -735
960241788 -69021210 420 -843
-790515757 -701708051 2314 -130
-99090661 -656474566 2157 179
-880523643 486702260 724 518
-767371494 882218361 552 -78
-116226729 -712666978 1432 -868
809753068 496222420 566 83
352691837 -694542840 93 -121
-709604384 -738237310 2409 -766
-831558293 -608478356 996 434
195071303 -499296005 2093 588
-399819802 680855295 2298 -485
-268576385 -319389817 531 664
-433740684 -822764606 935 578
922405796 229735445 1096 -180
610304261 635580116 2728 740
79867634 665432446 2880 480
969149038 -472543960 2298 941
31167757 468859897 1476 521
-556928946 -36503901 819 -638
188414541 218500433 2930 764
-375802969 703694533 1298 -985
-82845852 -134633326 438 736
929088975 432799430 407 -220
-474723836 819501499 2382 -344
-336225395 768961957 1303 82
536334030 222779497 2185 -575
51036268 -1382683 197 554
878784144 -903265442 1581 -808
944338528 -944753131 1172 970
175864856 -241045191 181 754
991924940 -55769917 2402 -809
-593454019 -850314132 573 109
285606105 -483024753 2693 -153
-186470486 549060761 1048 -681
558457198 83998409 1020 190
-76401055 -608626384 575 -823
56279671 -455202860 287 126
-924533050 -655766796 2398 -86
39302188 -956525305 710 -359
124352564 671552461 1179 -806
-690122340 -748528751 2790 -869
365802407 -677892849 597 -874
-637676462 -358292515 2130 731
-852380552 82130189 2347 361
890365819 -587473093 104 -590
-687100622 -268189652 2182 -706
-563101831 -363300355 940 -706
409652036 -202898899 2777 -100
214632677 -881188216 1381 -514
-832526892 -505328680 2834 -351
241050577 610830916 1621 626
274497275 -147118733 567 -119
32139996 146599029 700 905
565016252 -660377447 2021 659
-9116736 -314933789 383 624
-879676435 -162543517 130 -284
-61250221 385359904 1646 -650
-652510446 464350724 2242 -317
808661098 596999910 1762 -360
7247586 933259696 468 504
864915886 -375214478 1310 149
-348289841 -680675190 2638 -424
-446703888 -81711636 2056 124
-421641777 192355533 478 971
-855999536 -389180473 2571 -614
698217 -852975766 372 -960
452400467 -881230436 1232 -937
193100025 -49734755 339 348
806167447 430374371 1355 230
-584923374 452324324 1510 -324
-481362981 -367283929 1125 -252
141862107 -486756564 819 -481
711870789 805983023 913 195
661537747 506357301 2389 600
-93897516 106623755 1068 980
804041609 -577370880 62 964
183247933 967822718 936 -991
402790371 -945167326 2873 -91
713334037 559859626 169 -867
547238946 144354040 1906 974
303068817 861247168 23 840
-642242721 -270368834 350 336
-460649061 -872544001 791 -823
-431442612 -837588273 1172 221
412400732 -495431748 737 800
-813336688 -894599691 756 312
-746708760 -169494865 1571 846
-672421628 -695518581 2321 446
-249361713 228355164 2174 60
-430429168 226365809 1765 -770
190864090 -666731642 160 807
-114013623 -77000992 2687 -479
-374863693 -452684804 77 452
-644489818 960676992 750 179
-568234515 252351529 2085 908
-115568267 -146422517 2882 -474
777093167 -206401921 2738 934
-660855639 -84171029 1885 -723
-143808410 875967044 2893 -44
-421676371 -823165153 1151 68
715384060 -40421640 1353 -589
-419308298 -927718679 2038 -765
323496116 -710503178 2838 -133
-333876305 -365832143 688 820
-539779798 -772428547 1323 -174
809055654 -94511144 832 -525
968875172 -796584375 495 672
-430423640 -488246193 2366 34
-794225330 -500316069 1057 -836
566820735 646165212 121 -320
-645009601 -286795310 2372 505
967435677 866456481 2407 18
-871091733 991527981 2109 -272
-957861805 324302872 2929 -800
648348131 816638591 2555 -416
-913662703 536735682 2854 -963
78240309 -354051970 1380 -950
364644982 -722538744 1310 -24
-781123321 -175182751 1809 -95
-699542704 -835579615 2815 -8
-800476652 546511582 1893 875
-729778476 -35577917 2276 -603
835599456 730123655 2946 -912
-16344785 95812358 2573 614
646685521 966974799 2948 81
-357533034 747713842 2247 784
-287073264 599720424 1084 -989
944425225 620871730 2350 -704
350715425 -695519308 1697 -18
-796072714 -659146490 1188 -820
-130521352 -255641023 2189 379
-95187696 848075759 2409 -764
-219664026 -253236250 2442 -19
-901176724 -597260744 1324 86
389242884 -982650710 1530 592
538473890 -521386874 2151 0
221315444 -768796502 427 407
399784153 -491741052 428 -405
-771534925 -83832629 727 -973
-28651404 640980923 4 -270
-559428574 563223637 1361 436
542079170 -84560607 2014 416
550121109 -947150792 2465 -286
-411415202 -973275998 1159 -722
-434319817 -583406606 658 506
-322869379 -708073206 2090 9
-752783830 283524704 1661 30
-425502869 -127170984 786 687
677677419 359554425 892 352
947500555 51537013 1373 -586
-509318577 -346202242 246 -320
-322580503 664068357 296 -847
266627261 -267693144 845 390
-397947004 -388136156 2243 -607
80113166 -996519155 845 319
852337737 864811435 857 -831
750551796 -743353540 2711 -676
-600267632 218052327 2473 773
-608017911 240672278 1718 592
-133122682 887108995 2036 -926
401524218 110029567 71 265
239619861 584649278 2754 918
519018182 -892284410 2688 -571
791545515 665443498 622 114
-574909225 602288050 2189 -932
-397218230 -396333965 1427 364
403384989 -786646940 900 252
-582283710 -869043099 1088 -252
-689194045 -856332546 1965 -563
-691422945 -293583347 2483 577
846144992 111744318 1421 600
238691480 301228755 557 -489
404268217 471033026 2678 462
-462162665 -829385239 2350 765
-256016240 767347786 2275 -868
-674280636 49801871 39 -813
-51194239 78415145 855 971
534688783 -699472380 2873 -446
-490418617 219080643 250 10
-107537215 58555044 2551 -924
-576091421 -513292786 3 261
-621028676 305561949 2180 -366
131514094 -128593358 2069 -734
113261875 480578100 64 179
147121859 91494911 182 -130
309096388 -223758686 2161 82
777977124 -646881688 698 90
-757408877 -883177890 886 -72
263533300 899483294 1088 78
-69198477 335930382 836 607
-517323052 -333153383 367 630
127869642 696167691 2617 950
-490606753 820227817 189 93
133479402 -488986656 1833 570
-806040566 -313691438 1646 -619
280630968 -237133471 1835 -839
151570868 596285306 2112 -734
-530031175 334592925 1638 -534
-42428240 34494042 1982 451
-998079057 872640161 780 -454
-467908128 -64777392 569 755
-697714008 522005812 277 -254
262334292 -395000643 1014 156
110245610 412873040 86 125
-840966759 -536913205 279 -276
606038291 435553718 1124 -227
-527692215 364357345 595 -875
-891220517 26430287 2023 -330
-793253369 -544775287 310 64
975799740 -654896869 461 -859
174029094 207158125 2322 -986
-832803820 780396023 1569 -389
659393862 33695576 2366 738
-411909656 -58347797 1129 -543
-788515686 564219963 2831 871
586740730 -726605961 2903 834
-655178668 -572221405 383 -649
892629196 183831556 532 904
984441775 -409603272 1483 -376
-298296496 897753554 2389 502
871577250 -843443823 2621 -123
-942960215 -560457551 863 -675
-753695200 -706359609 176 112
704560211 179313696 1803 567
-99787676 -776348602 504 -748
-242136113 621318184 1554 -986
234924943 303357157 2917 220
-607433713 -128969347 1565 -147
-233497525 -997175597 419 321
15091987 -399579820 1225 -538
-614943508 603570526 277 711
679705313 390575830 482 -437
489785371 -633215642 2398 -678
571932552 254356748 1117 645
-719107484 170685610 2124 -62
-917813861 -66633137 552 -531
316808623 -792366999 1578 237
148152936 770207646 2820 387
-87177112 -615198618 1633 382
-269113518 -701132972 1249 0
-21026027 -480440384 2589 -498
944917674 552776812 2521 -551
-458385410 -251726937 261 453
-539630423 -631551009 1564 -600
-553832920 -323404878 2209 31
-294074395 344750817 1345 276
627532258 -763503079 2407 383
-850981913 -800810018 2477 -145
-661207715 591616858 1442 302
95092757 -919645086 927 884
-691725156 339748968 2937 286
-512114760 452885170 2151 243
364846833 -246083305 2903 -161
-291189027 757191380 1780 -228
-584411671 937586361 317 -359
-272793910 143522738 243 971
879874952 971599300 905 445
-842850251 212812982 197 187
-83007099 881384864 684 261
373354117 -458386052 1093 -947
645932233 42776696 2926 -800
-80205054 -580658687 539 -466
333950733 147058111 2177 -632
17658064 731142071 2329 462
-493982292 -93372613 1441 81
637949676 -851652133 1101 -889
-932476330 -285879976 1016 -746
276840482 -865972249 997 781
254174601 -297930080 2541 -497
-701286351 255015632 2243 447
191861522 324258514 814 -807
-708779473 -128890213 1637 835
518622742 839066211 117 -991
870773712 -365568592 2834 -417
583651685 771551755 2982 886
-436754156 92038960 1860 -634
-704804945 -897772265 1464 674
850212713 -902609699 1774 -407
458048495 698365348 1987 -737
-321369365 68333206 2266 -219
-861712609 -948147762 1606 443
-960019921 378826557 2588 -750
-310322521 -92213223 954 -440
868452788 949517574 936 864
-367902769 15439364 979 -836
-271215504 344982931 2893 -502
158059942 -942835723 1567 -696
-941809663 -134103556 2325 -699
913616270 923755261 2298 -84
669163940 256839019 2821 341
145785275 51330944 2085 -383
31062317 465501585 1220 332
260396002 -455801510 2319 624
-752294861 668800365 682 856
736234068 724477213 469 488
-371228925 -669576188 2437 -864
407034961 144745605 793 -208
-310560567 51038402 1867 -432
747738595 114418341 471 -548
-819652465 -265476816 1673 -747
170164853 222733618 1361 -544
-940612821 -290035458 990 -473
754316067 -960885762 2842 541
822739584 -830918261 219 -305
760285364 471477007 1397 594
864140847 -603403678 1482 953
-174172362 -197049303 154 -716
931330872 719388480 2638 968
-846291973 -895384729 678 485
318636619 -252099302 567 -859
-510861666 -601763963 2385 456
557074404 817585711 248 302
-894860408 561318252 2456 -313
96475821 -936474564 2305 588
943183629 -422645784 531 878
-231604400 340642880 2505 224
-221473908 73346019 1380 -684
287997393 139332671 367 -862
-575317970 706717827 2819 491
702656954 -943378007 2455 -902
564180023 -952081439 2127 109
-115387468 -780072787 1158 -81
-24745267 -936848132 713 340
-684811779 530196786 1096 471
886782744 -261221752 1349 704
-547192901 -927531508 2205 919
982134463 638690694 1456 -278
-143818242 -968724993 1129 159
-766302861 136070091 898 -221
-536524332 -779033125 1898 632
996895934 -834885907 718 -238
-245483186 923522699 174 -86
764775682 391048348 842 -287
107169329 -322714347 780 191
890796512 705231344 534 105
302457033 -918525503 2753 771
-639701328 -740121713 112 860
-415233951 -215282154 505 687
-788800151 -103090776 1482 601
545726977 -838222289 1448 -807
-593008382 -266974975 819 333
-923205083 -350088701 54 233
-699786876 -73138418 1688 -293
-733560888 772025396 1182 -16
-5276297 -581096056 248 -532
-784337341 -689643356 2057 612
-503256118 -460296702 1381 320
-343207500 200991714 1936 839
556153712 78864289 682 -636
-852148160 601395268 619 920
-548867060 209865805 431 112
181729890 -949591624 316 645
616377315 598538477 13 -770
-372524081 -696546061 256 -297
739776922 302369331 1762 -156
153994060 679345251 181 -146
298776872 -64735723 2929 -492
84623840 649181026 1631 186
-702498617 -170381953 1166 -563
150319241 345458495 1930 -247
68759954 -880562632 740 324
853390309 923265320 181 380
443699688 109381080 1921 444
289434162 -480877851 1854 286
-402014498 329122054 1268 695
210379951 179347032 2840 500
18428267 -877951242 224 460
-735435003 -561988417 1296 861
-974372805 327263040 1517 69
-220676693 365703634 282 463
-221497150 -323573995 1206 198
397033884 892177130 461 -564
142684743 195509064 2483 494
964524779 -434714828 444 488
-454537279 542665076 2174 163
692209303 -370134350 1837 410
930730591 -607153291 2057 316
205075038 -764036914 1907 773
-692591598 -479203402 2061 841
-86543513 627985367 805 598
-97069610 411049911 1551 951
217214067 -655089656 1594 707
-300082369 675864454 2592 -430
878225315 -861174558 2818 -18
-495314310 -301056809 2757 -410
953269722 7053145 2472 248
434304691 814994585 875 199
521752878 -956992236 484 -821
-621780356 -366586191 911 599
103052263 -478253039 1090 -703
138741343 -984495513 979 858
177307738 635981787 2757 -793
591589780 -753515557 121 583
570924980 -814621850 833 50
566398954 -445286381 2555 -746
850974199 874549339 429 -561
-33866998 215632148 2271 -24
-990631566 48346611 2069 -976
-782349122 -764752212 259 780
-421186356 268992864 578 209
921979034 974778356 1687 383
-462573001 -113284562 1376 883
-831340832 -514733117 2295 -633
437715212 -926114911 2096 -6
118693870 -466184695 1190 377
-610325834 -904742456 414 -568
-77353412 -389123752 1373 756
-544725695 -572292854 2645 -321
-639626427 -568305439 1458 -896
293399693 275773256 2844 -370
522594505 778405587 2331 -519
395995496 786068031 960 -953
875745564 -162730222 2914 721
379958141 600610951 2330 738
-411705925 -591055293 2118 -805
654662486 -711394236 1064 -528
-406407972 644613399 396 -885
-666302535 -119609503 1689 -127
-194225662 610329577 109 -152
582242724 850764208 2084 -591
-465027470 -569130546 2900 -350
855977243 519816444 2690 -959
221644142 856590540 706 541
-635209569 174979445 2726 69
213457917 840376250 1591 -81
229505421 71270342 607 -358
-117461401 -926928286 955 764
-652847090 548852891 1530 -324
465194122 -242930824 1056 -494
-90952745 -881644995 353 -487
937676885 427805771 1584 695
718491787 910774477 2936 450
336488744 716037537 1514 -92
46735969 -730168082 191 -203
-136322005 -291586966 1411 -4
104831763 -824520933 1408 -977
-859113033 705093937 1585 -636
-259763301 -423364458 333 971
407795008 846938071 1100 -288
444773973 554700351 1631 -520
-808968022 652521646 2516 -780
-901129367 870043948 1688 -455
-526414158 -117656339 2680 -188
636229071 -963846888 1035 -514
738783713 532514045 962 -435
371420481 988510449 2412 -255
279857649 128005143 1437 -157
-121930029 551799938 2052 548
436513929 794974152 2366 541
-857206836 909958854 2439 -844
-563409539 863131519 1297 -387
-691051424 600818468 2752 -765
165898619 -144813821 532 -45
366314561 -168644327 2465 -557
-759371379 684613634 1112 -676
801120754 -70971346 1699 867
698728694 468292958 2844 -655
-368244172 -676249733 1716 -846
-451510376 -203794293 939 231
-22657816 -2689442 1728 -389
-418166058 -586772839 43 661
-385194412 -480419557 2660 -992
957951583 673282932 777 837
-216401931 -211225289 832 -129
-411537836 -837677709 1470 324
-512473522 260000743 1249 -443
271909165 -550719305 2929 -269
283599487 -249093652 1671 600
966085068 -665375242 1202 -312
-602521527 -39716145 1364 -120
-575146492 666483524 1097 -413
-7225947 -311545599 2966 -573
774800456 599588635 1881 567
245695529 -261998623 2242 -668
-99204175 -516929674 1439 712
106044957 377902549 1482 -266
538497228 887928141 1188 71
-316240095 298262431 1631 881
358887961 90622971 2045 -428
550114863 -715146328 408 771
800007617 -878539671 92 -358
-119593703 805656970 1196 -651
325767592 -606969324 737 -427
-360251996 73604934 2329 584
136244525 640087141 413 -902
604743930 519759178 2329 527
124209339 -638130635 629 886
129733149 563452016 1697 -583
974293071 -490279647 634 683
125205978 -913974853 2856 -835
187759408 255638713 387 465
-467928852 177195400 2363 701
-341341508 575182055 1172 582
832128486 469987205 1280 587
-638910010 -753417517 280 444
-424092806 -677899386 1864 -481
-181651109 799209420 946 619
201114208 -617580471 1103 -952
-504642127 82067642 2696 99
-476036001 -906732427 161 -373
-394655881 -779365796 2809 114
378117521 -636267802 143 -536
171093876 -636180492 1838 -69
37732541 -112984131 524 946
95307954 517884500 417 73
-873357242 922223450 1 77
509712202 -452789543 179 481
317848079 -75684169 418 -232
-64172669 34304250 1691 -124
787554853 -670528821 2019 442
302577632 932024489 2471 -807
357847741 388534942 2695 -174
-372126332 236941197 331 -961
-790553328 505935604 1758 -237
-385924506 -319411111 382 -891
714536874 296635920 1922 263
600062227 996899000 459 79
-323750559 -121344651 2204 -961
499961058 853378506 317 169
-999012925 -806244583 845 823
-346341564 792932985 331 -380
619226589 762725376 1787 749
83709175 44464411 1147 -512
736783630 -133049015 1163 -842
610005789 93536681 697 3
-848942631 -673680878 828 357
199217675 -147150831 2382 -855
-635544323 -244821146 833 345
527253995 168442381 228 895
-83323631 -949271219 2203 423
178085733 -327162075 115 71
273187087 271042416 1751 631
-544559290 496936455 2285 899
-778838961 -693853192 2128 587
-645841413 -909026217 659 -910
764370491 -87691537 2321 284
-544402342 752823775 1769 -862
-738217624 -833615762 2609 -316
-186415743 618994746 1833 467
322315452 -602411098 706 153
-220525141 125601445 2176 735
640143214 759660514 2564 -449
-972460912 557197750 963 185
-951376236 927435458 1273 196
65213286 -245724333 1060 -184
511618569 -307129609 2819 -1000
636764745 213619449 2615 -713
475711844 -811271225 2439 552
-928322802 284423799 2271 148
-897506376 -331352941 1693 -763
-255822506 35772842 2483 -713
-318788496 -628068976 781 -744
-79205705 -55416947 2930 464
-521358113 535652037 1608 160
698301314 659031564 276 -444
-615184488 -883523298 2082 -516
350842634 -499510617 1737 429
-101810816 236534871 2574 675
-109981679 761339971 1427 190
665489141 114108183 2858 -693
-802463925 -62176814 449 -180
-811297747 665429702 1468 -420
-68213054 -673939572 687 526
-243232094 922910000 1376 -677
-602103563 -606114550 688 78
-191748058 225509759 2716 581
152627226 -656111913 114 -507
118669589 -284272157 1481 -445
104354295 -977913757 1691 -177
64325682 152550628 1671 61
136714669 -341241255 399 -715
595098285 295690695 342 -326
325652007 -871938459 1166 634
100133925 485359471 2114 289
-960726418 -110846791 1550 -658
941088471 -348180082 898 -97
834301513 724100184 2703 -299
362220202 -688096421 948 500
-349585886 605298539 181 -137
87367333 675379574 16 -202
216767337 -973906985 1318 -802
-707866287 340872998 1699 297
203594372 156066150 2355 -458
135169539 -45304645 222 -587
-175822535 320999221 531 -535
310620373 -108998366 2971 -166
-480325868 337358456 2034 -35
-753301536 285931308 2872 -853
-680358710 -196296650 877 -583
-210761416 49794596 2055 -599
769678525 -26845038 2960 188
844528254 398180292 1056 -448
987799846 160900230 2844 164
494121582 723779207 285 -493
-123823136 603991517 214 -615
817413437 731529176 648 -544
570573630 465938700 1731 657
-376710364 95863397 1229 38
162272996 17730890 519 657
888701737 -520340771 2590 740
74310327 136220256 2300 -967
-803886345 -263660515 2797 -489
382734618 -841608154 2153 871
171282735 628059299 1089 701
910001872 400398601 2831 -766
-78225254 707222194 2589 -535
-210832231 786975145 1897 114
-378995093 -987402744 1403 376
-269772550 879987954 2951 -339
238257845 753117300 1822 927
154684693 -579572181 842 362
-206536561 923076450 2665 581
504124650 785647368 690 -236
233109477 -622648349 1864 -395
-279963718 -413039552 1294 -35
813270012 -317020624 669 -50
-275366391 -115358890 1619 392
75438426 -427331785 1421 -848
157778562 -175448395 1407 -399
49206885 -568904466 1193 -570
738598574 92501920 406 92
435894365 2772909 367 -330
552004339 -874936586 583 732
46842287 393644966 157 572
726277735 -998282539 2896 -543
-96796180 -146714960 275 638
780792343 696596944 1096 -593
-552587200 -629261076 750 215
32549282 -623305679 2360 -928
955352796 623583618 349 -216
434445404 -121505125 230 -757
245565370 568267649 1717 289
-536669447 925339694 1171 -364
-651947824 -20043191 2606 482
355397528 -132009272 1472 -808
-83781330 -118674826 2526 183
-688208769 983690019 244 -96
-611531389 464027979 2643 455
386408126 884792112 1539 670
131333385 -506340318 373 150
63240620 -654734631 2940 349
891192377 23978872 1885 924
-111804191 95676905 833 602
231565823 -785163986 1863 -862
-157196244 -637542043 897 462
-139093433 658983674 2092 -239
-253317346 426653842 916 415
401782941 -478249472 1593 -675
407811169 352549150 288 758
-407000582 31651840 1946 -690
164463725 161044779 2636 -641
-39999425 -145706025 2291 -178
280953558 668941669 634 -965
948206229 -68730503 767 442
507032078 -448222429 3000 -58
300290267 -95936753 2930 -605
168267866 -329807993 1023 -816
-335431809 -426946087 2451 -288
390082985 -979044682 1528 648
-38592688 682669262 560 -924
-15391502 987271705 1337 890
532654125 72285943 1160 751
-68959063 -326560282 2011 4
730101073 426428237 623 -402
441495994 -66211463 29 -169
326571910 -176640927 1397 427
-538068524 692606850 1316 -252
36168135 331896710 1045 936
336670720 847766419 1493 343
-885772963 409788681 306 -231
-954312660 971922918 2467 -782
-254125131 777380188 892 344
-218392373 -407155021 1342 443
-483155324 353724682 2657 -325
48226238 908433253 1045 963
-221104705 -642270813 527 604
-420973713 77423129 1637 280
134971005 -212103932 2936 -503
-814318294 -807371756 2521 717
-838846595 750070717 2530 162
830242715 -877025502 1412 710
204699596 277307787 2896 -692
208480333 -579471484 1375 300
-251757061 825411020 308 506
509373764 431902072 1271 831
-85424395 196359381 1539 -7
-551439086 -639993108 1636 417
883652427 -692062405 686 -263
-23529537 61108143 907 -544
268148597 -899353814 740 -150
611982752 361837097 1963 -522
-868255412 615300602 297 815
-582330939 -127679989 285 -559
161467293 -696685348 2137 647
-305566779 806947052 1230 890
-945082508 629165241 2091 253
81437055 525004929 2352 -32
-733336477 219345294 2571 685
26045622 -195423003 1930 990
243677030 290504655 1569 551
162867802 40065871 2896 -935
254075874 527769575 2541 753
-278697526 -952855604 724 815
324624268 -431762580 746 867
-355070016 541123176 1918 412
-396869720 -285347640 2 923
-21422372 -986155165 317 -140
469047482 691515530 2954 -209
-96715207 725048185 2026 706
-913933514 -554196477 137 -824
358424943 212245130 639 -53
251555962 587795037 1371 -1
909362397 2572003 2775 -159
-44363011 978208146 2228 -492
932848118 358702714 2519 -932
844582615 -510701442 780 -823
-714412561 844435496 1656 -335
-663608421 -810731256 845 349
55350995 476136191 301 526
-574084452 -55150795 1007 70
-609806678 778654279 1926 -783
343170735 495696947 996 -989
116984350 -347320697 1700 -502
103563168 592489038 2384 -152
221732567 200737186 2486 641
651796472 331620321 420 -149
365512680 230408041 1789 379
-205562430 247631481 1178 585
-315226979 -140038442 852 -253
955190502 -15260812 1926 -703
205029495 -769292143 2364 -150
-566502886 199187078 1511 834
774971134 444142128 1627 312
242439723 -411758851 2079 -290
465701984 457449671 1510 -130
679050487 126142135 2993 984
962874112 794184826 2152 -588
-810875858 333941132 869 86
68369663 -62868512 1151 -294
-532263836 60164911 1312 137
-668275352 104134114 344 -461
740308887 690413842 292 737
-771161793 549982012 998 -261
-643465229 39287449 1206 -952
770342513 786033688 821 -626
684542504 136774368 1464 517
39149423 742842814 711 182
-73567286 -270620765 2949 -757
-789528178 -685395666 798 767
290519828 570492284 1206 -401
699771013 -166324083 2496 556
-119011635 -675458715 1456 -851
-154201770 -508358888 654 -475
899284108 260962760 1654 217
-38835433 -806019224 888 813
325889127 -976539506 706 937
-640679122 650552395 1473 -618
-221240244 674261437 2796 349
340571493 67902932 2758 -434
699042798 511016534 1160 695
-449073322 -357860270 340 273
-640124203 588484806 567 -701
-940482007 619463843 2265 795
133283944 -740039542 672 -22
-843806889 173310706 2544 -422
129837289 -307728162 1089 938
-27125926 143679859 2191 384
849633476 783600012 2881 -469
458926229 -725944040 1606 -386
210166349 -656912687 1563 -797
-714026934 677100715 2265 -57
-589230168 -835915885 2249 -873
-664646404 389563748 1462 663
-732973955 530940319 2014 -89
223129921 295975274 2399 -779
-72662396 570294927 711 805
395074087 -541730180 2961 806
37311127 151306552 2453 73
571108123 -876258893 402 768
-23749619 -258745449 104 -555
224746077 -460981286 17 -176
-471714779 -243330770 2691 846
401167372 502160710 2647 -409
-68404774 -642727772 2533 737
-368689204 779871523 539 -477
248927448 -269265372 2918 -334
-265492780 -118375828 898 -3
711512585 -656008990 104 -161
-630102963 -400792033 981 -629
-225891739 -119656810 1852 600
-172448019 -145364501 439 66
-75121387 -378576096 1251 191
-633367213 -583124202 1720 898
-355397840 171506392 289 181
138644795 -761934566 1898 -471
626866155 -789101401 1374 -137
846893377 327455049 2237 379
-625154616 -627006022 716 682
361554772 -925902012 833 271
584540314 673806204 1473 805
-386347418 -370413894 140 -86
5122922 -630908652 1864 69
745555603 -393177637 1869 612
-402127071 878331665 1975 -793
-321163648 924080092 1588 -274
-377579389 313666541 779 789
-513040164 877383314 441 616
-87986946 -891002280 919 -606
726416134 811324269 2515 81
761190509 245824125 248 441
572671725 205655664 455 580
-44024607 883262914 783 757
-950788806 329167178 1514 908
-310936951 213280295 2204 845
871662809 128880948 1112 260
516644223 -854953832 2876 692
139037926 602754758 877 -922
-441976335 749700989 765 -22
-122230279 503087459 372 -563
-804699234 332986520 287 829
-967266171 -195006921 1689 -213
438135797 -723460696 1266 657
542690734 480114477 1468 -120
680247811 968735220 1361 100
-730128360 -774374574 449 325
764871928 -245489537 238 663
-27385323 -247277791 2370 -930
69290079 -967380027 14 562
-898890049 631464481 2081 -664
-410842398 998359670 488 428
-884363508 -906999510 205 -668
-917642310 461555036 998 -341
-792451711 165370352 850 -218
-58136820 490355358 688 829
920109040 -101949519 2728 -926
894658235 708751072 2712 -371
-888777322 -567262116 199 177
209548168 607021693 1863 -763
-985249798 11276048 1321 402
-63324435 398573296 1390 -640
921706459 -672800041 2 -496
-857026788 -377195067 2091 -790
538414271 352627256 410 434
189619927 929181707 2311 -619
-431708117 -378845200 704 340
-739297952 -956423393 306 -976
-504535696 -933920783 1225 487
133067935 -418654464 2011 -604
-789385275 -684095529 92 -860
714765680 -172088085 1324 -589
511450423 28834894 1636 751
-621447991 -27908124 1060 963
561771758 456288819 674 -530
-649173681 -102544794 597 118
-337139649 -393391174 2860 -51
-928710714 635621187 1416 -860
-363602252 -900225169 152 575
264405870 710147548 2597 -45
-176869531 -633231951 845 -762
-193592438 56615797 1121 -393
111283137 -268200472 706 -709
-171226891 -396621804 119 706
-904129728 599082984 1343 218
-723696815 536529987 877 993
-732722647 -932793299 287 -259
716858901 -737979382 778 -305
796227653 63861722 14 -870
605542072 264116082 2301 -660
169937423 -146485764 1572 -414
906106738 433214929 2161 -611
370499522 -110291537 2887 -838
18153289 322556803 1060 486
264096544 883933604 259 -95
-941606573 622446936 2581 963
-759703863 31289939 955 -461
303331549 150683652 2271 523
-459144536 177294715 145 271
-377112512 -705678146 2085 307
-858787056 469392874 737 -283
285375297 -681021731 675 -1000
92952600 -579875434 1090 -349
240201367 -523950156 779 -71
789937047 -501385249 2472 -160
168529243 -17174160 437 876
-499614071 -850328749 1209 -953
-912329757 432003182 1353 74
-425757291 -783140612 583 -200
427465397 -617638812 2098 207
-459306386 353464611 919 -107
909435285 520062824 114 -320
-783348596 -950208115 1922 197
-754871297 -70577198 105 -90
997962669 -218649697 2442 -335
-425945486 163178126 647 -36
175666007 392349685 1397 -346
-397103507 486527956 2636 -695
311852129 525786234 2698 -779
-464831878 72289489 921 -886
-987276901 215949935 1585 -801
-43989757 582570179 1391 115
856912960 -587422953 348 58
-683948431 -900268901 1632 -714
-930175464 262303877 1421 394
-316265431 215168552 2953 781
-674647447 -734362388 629 -165
436257968 17994615 1860 612
267226306 279906111 425 629
-238086608 569887237 295 -925
43721848 386634140 2180 947
-181946008 854284154 1266 96
888561010 911078448 578 250
876651718 -831042959 623 -600
92849088 -245376114 89 593
-700393301 911496057 2085 -16
229698812 108592812 199 -902
-232043288 645504073 1933 940
570798035 -676716856 2604 31
-776849753 -139499670 2151 524
106592802 -854069811 2337 596
109958836 806711529 737 -196
-277480759 335086420 578 -823
-349425613 -624798824 2109 -637
103183400 701711660 238 28
-509488444 181192142 2447 -877
804183738 -456912554 2182 492
-34213364 -34996099 2377 352
688798843 -482247262 1472 -14
619970307 -595854712 1918 -811
-957261650 244072551 1981 -257
-320937147 -807848799 1608 -858
-576233748 850506007 1363 -288
103165937 219645160 2353 193
-184637225 -637667892 322 838
-846129517 675756998 238 929
829190032 -137284799 1792 -425
94032864 86171994 1312 265
-774262912 922154399 2435 -652
743847149 -145905381 391 -548
914891141 548197308 797 899
-226540989 -395741523 1017 690
-212987347 -247200973 282 -726
-457280522 383790481 544 749
543852461 -215387023 1371 -495
147543050 -534633309 710 -392
135915740 -941957707 2240 283
394369208 -301790268 48 -836
-371018862 238686960 1225 -699
594925113 581166001 429 776
-842620979 -957977343 610 561
-145429928 710606652 383 -514
794030348 -768100126 995 -517
631352075 -544985382 581 -565
-323367204 271209074 542 -254
-844940524 292747825 695 -345
480247215 -337723273 676 426
655423198 -630117019 2764 -714
624660579 657418626 146 583
-381589606 688363568 2388 -764
202842129 217558705 1575 113
823966524 465459126 685 204
157434596 -555808260 1911 880
929400582 604838172 625 -550
853375413 641867457 834 754
694261488 600639393 833 295
171187447 98927991 161 688
395696171 439550422 2460 -901
-424832713 -790713896 530 409
71720133 458066811 2916 826
-577827079 -290857105 471 -368
695837657 421216126 1869 -732
-736474618 398277579 1429 -41
681431529 -794234699 1678 445
842987450 -976634913 736 -789
-185205384 -65299393 642 -252
455859396 -629476421 2134 -629
757692779 166023638 735 -820
124518584 -211118191 1495 -166
627642391 200063599 1189 -575
-388401622 -641870586 1803 198
-406705644 -711424292 2258 147
744293576 353098819 689 -740
-212888415 832055710 1920 400
98112146 -280430300 504 -720
-780767639 -849255070 2509 654
298434071 -879871850 2275 305
-858595127 202461321 2920 -817
-550384191 -342009223 1097 -998
-42129741 98729122 604 -56
-142152083 -203985093 2257 -68
180088505 559874325 2726 -50
-504710145 -494040648 2131 -446
-48004315 685611143 1482 189
-258642500 -879469441 1447 -315
45092615 -57844244 920 -117
979464191 -35675662 786 -819
-761313293 468526385 1123 -177
145752391 -397916666 1445 -684
-248809538 356568502 1549 -242
396994499 903368958 2928 -475
814477989 -976453098 2089 -529
239007024 43202630 1864 -407
-480851776 824977949 1141 655
95230121 793382004 2953 -479
-1007761 82668712 67 -433
212573259 257995993 861 -662
159381581 -825222821 644 162
174049843 -686452853 1089 323
518918065 359930618 585 743
-167640680 -854776915 2223 506
564906876 -614003461 2938 997
-897314597 657331551 2951 -348
-526495243 -843806604 506 -176
-174985709 356546473 1070 505
-944038499 -202966251 2552 -296
576060161 348085997 2082 -735
-396378001 -330385990 2487 808
-193138831 -402636645 2408 -89
423760429 -409520210 220 -111
209111449 326209869 2613 975
518541659 -967710724 1000 -797
951007892 -957436714 13 210
38931841 -182463088 686 499
416148977 -394084353 2395 -557
27627340 917195354 2113 -615
-85706040 -994059633 2510 418
-993691502 479212104 143 390
114268469 144459226 52 -736
-398422054 529598249 340 909
732020303 886391334 36 219
-157854174 -849350946 1995 -949
765047318 355573909 1093 -635
630465872 716142225 2466 36
1317008 -419558293 873 -835
483695408 -412214653 1905 -964
124123769 -768599931 1193 147
-377087336 683196301 288 102
-828375426 -56781238 1349 -174
261487876 108162143 274 -243
160720856 562170328 2985 921
722989250 -283517025 2363 894
939656022 259490535 387 -273
449449412 90434860 1483 -477
-260607584 671524038 1959 -405
-270285421 910016914 842 -735
750183203 -366356587 186 -811
48299465 263142866 1952 -737
671233879 -593898723 1497 256
-20542712 795683732 2295 286
-148174757 25955590 1129 296
567473495 188633717 1663 306
-242188164 -262595695 941 309
-901750857 -432779463 2399 -19
-438438299 818098903 2287 -694
-395452805 -84243418 2170 -209
-803688991 230503332 2903 905
-286875099 -455676692 490 -308
-980117421 -787633868 2658 -916
391891434 -621239604 1138 504
945806971 -634773946 2299 592
-714903378 -406638209 2874 -949
-683583 -748363185 152 -891
-542781410 835718495 1931 -641
121958841 -587068173 1959 -821
970324528 -595041351 1323 896
-829794619 -387011405 818 895
656671366 -535500550 238 -238
-598458299 -551224161 2084 -376
966551919 -825908024 185 7
-69983606 -271687194 416 431
10788215 -674314430 1045 718
500992171 -37410580 1637 439
-729724327 93425883 402 -775
-892254853 -665030999 553 478
803384877 11359269 487 606
-165481793 -256056046 216 638
-826123564 163761935 464 -160
954627830 435775960 2827 -291
-130359371 -922889253 807 -419
636566512 232714636 1809 -165
-285651171 435879636 1959 357
383527591 504551637 2121 -459
137703926 -717401144 1412 22
817969911 -696616668 2157 -457
574563978 -459683838 2968 -326
-659011173 -597205559 285 480
576405757 824343951 2640 996
595470609 -173157457 1683 -383
946872682 263860856 926 -779
-690652258 -255251517 689 -586
646647724 -865173575 2050 930
409018032 216813205 1646 -838
975617863 -227311590 2360 344
331906344 819855938 197 347
-387820198 -454414522 2541 352
-811604201 242477964 2770 -6
-120828359 824282930 1048 -251
205527007 749262188 1717 505
-7659132 -497235540 13 788
-928800878 -52342614 2312 -306
-334945410 -574008436 195 839
601716534 732999688 1096 -130
-819722906 958790841 1083 245
242155753 -599345880 1619 -436
86684544 587186697 2775 713
824752034 -611732996 1150 164
221878385 -322539065 2753 -373
-55460452 -117076318 2275 -152
194262553 -18350026 2185 -959
-65083524 445105258 1385 -273
467525817 615219256 2679 440
438433401 -985052569 1926 266
837926074 997010226 2061 -961
-466746034 -188719194 2786 571
46973559 402911108 2428 535
911453090 377373265 1584 -638
680959565 722662393 196 396
18362430 846696715 297 753
457289190 489670955 1472 839
-293682206 -550919941 1228 -744
524104904 969003556 2723 877
-869170582 -830858090 1738 24
-696718676 -105132917 2997 506
-148118778 -451306797 2326 -167
-152456382 -585501899 999 -832
-199765536 648020551 397 -291
177431999 -206783894 538 -725
-325617092 -247393034 97 -295
-558076755 103049025 2254 618
-454600791 -368610361 362 199
-203541973 -640547706 1631 -409
-917596811 111564456 2885 -129
-536463766 311328136 27 -533
878474290 -335945338 1303 -567
368977755 -136629668 2734 -384
-35513700 564505116 1390 -89
-130269463 823330292 1598 693
-934978754 105461759 921 -593
334057285 -865208186 674 -915
-324090135 249466341 2523 -607
-642131977 -211521445 1166 141
-35744067 714722 581 909
-360172170 -819720617 2881 277
-47479084 -701675284 1531 970
584324091 -234095310 1969 -847
955826062 952562123 2128 595
-847671907 -982753915 1796 -981
388670596 -902680516 2271 732
891811465 -399462114 1699 -905
647893568 -584749754 2326 -11
38809153 -70585785 2297 -330
-344890757 63837457 2322 -939
442617968 289125722 1124 -696
-952429044 473613254 141 -696
-54925035 235647092 1664 540
-905486122 428849132 502 485
-951027228 -134544365 534 -466
640889478 736681848 290 191
67953820 -31721591 2160 602
45319885 -50209071 1911 687
3391040 -615119867 254 -482
88206733 -797841511 2866 556
250213751 605781660 1959 922
843162960 -894678553 1842 49
896342501 -67354238 2881 -697
-306266009 -448938353 250 827
-408564613 803735201 658 -54
-792103554 8701582 2360 -719
721075269 -314014631 729 -130
-720771892 -159302594 2559 745
851514534 121582356 258 -711
-131038028 -217563645 2377 -947
975094836 791372354 452 -205
-660924681 157496145 1619 -395
564951221 -260919953 294 969
699017166 -4886549 2056 891
-570773763 725840524 275 -21
258093934 374993461 2650 786
11249900 -162692672 1408 951
798277909 859674976 1844 -404
458209393 652419491 2300 -229
100829923 731932173 1864 563
721939004 -602958377 926 -779
151579248 -383892273 1061 311
-121030766 -836207088 1195 -608
-906277970 144723231 750 -824
-481465490 188728132 2514 613
216120674 932755358 2372 289
-200293666 20381617 449 122
-474210121 875176630 2996 -823
-51366968 852552542 297 551
-154225021 -100306421 321 949
-836844357 -846702473 18 340
-202222132 -175590680 506 802
576432651 862191444 2588 -953
868478818 104121109 862 -708
-416402041 447370453 465 370
-838051959 -318546491 1106 -931
743887543 -91116229 1118 505
-376959187 -57202473 2055 -938
831078353 527079381 331 433
-434072612 435048160 1015 406
940988191 -334267541 2790 -848
982949856 238787614 387 -266
982526797 413314815 2326 101
-354973928 690191504 2860 -700
930342964 -344983631 836 -154
550599228 -69364645 2815 662
598473221 768003546 2059 274
769452702 -109653561 2597 481
157913854 -590947051 1173 146
310023425 391196483 1459 -268
-580753168 5142533 2393 -669
889889412 197837079 2170 778
864900613 27657985 1333 755
-684199392 772258033 2845 -876
46307623 565732669 455 -353
-595355236 -20200053 439 -468
624915074 97565980 2340 -659
-337284871 540158547 1757 -174
-124784545 225581378 777 246
557672002 -169708240 1970 785
-16747628 -856585984 1597 -330
-955754895 340023311 2892 -648
242006223 -764110745 1209 452
-96835974 286898285 2084 -492
-19757401 -73156867 2979 5
574489290 39527100 534 -118
-804208508 166430157 2961 -190
-830371187 -548786489 1096 -841
965263180 109202147 321 -640
-733272985 154432412 534 -292
-185332495 657781289 961 -157
687603576 -810822202 1288 -20
-48041258 923975860 1427 -792
868183913 -14118698 2167 384
-733774163 924111390 2516 -49
990520585 -690386348 2230 -810
-989609656 268203885 2182 -969
317097596 272762011 401 -431
422607652 353985097 1337 -198
-59007941 947120370 1690 -816
-896107977 916954907 800 -892
447443785 -263598186 497 -709
511543438 477457827 495 432
932041176 -854496630 2640 -980
380663566 518014098 376 -899
-439655259 958437139 1646 589
-918586963 -147258648 2288 -648
23818962 993192285 2934 884
155625146 550436104 362 -414
108481269 -333627043 399 -309
810103717 483663758 275 -180
47989662 547956268 674 83
-429284072 -824948178 987 -118
-975299788 -718242623 1565 755
-788108954 -330721863 541 114
-288522493 246449536 2265 -243
-22858990 -374832063 2440 -584
837601106 -515054592 2803 -646
-340384694 855564250 1358 -551
825229597 786246824 2328 708
435602239 249140327 2477 -477
317015555 528878964 284 222
-873138944 453829843 1376 263
-707605010 -13188868 2809 153
-403585774 -769877472 1194 -328
-913849960 -190184261 2134 -83
17641329 -385618000 2322 -144
-510116757 -553867077 355 519
833763939 757800577 117 -241
193944263 -98388941 2879 991
-245226703 -629243766 616 516
104821498 -21352238 927 604
-155545908 495707715 2670 -915
61812817 867574733 1068 269
987620275 221596328 361 -484
640114015 -290750448 1045 -59
780223646 78511173 682 -377
-401286167 -586858902 121 -205
-928795343 -802610316 282 -294
405004921 577090283 2955 -168
958086698 -263244413 632 -766
362641814 -890763115 1276 -959
-428414647 -466513353 2193 735
-844083623 -706719183 2858 613
270651640 -763856266 1869 -311
-42717836 -133213198 1132 -558
-263854374 -708477026 372 -486
-887720585 799364034 2660 876
-63355821 68062974 664 962
981550381 463145448 2983 -206
786897003 -39766874 2357 -183
204126911 573375524 898 500
-982573654 715276738 319 530
153030224 495595239 682 842
552568478 -913186391 274 -188
-43917191 -343525244 424 345
-425605363 626210567 1414 -46
941184027 -780137457 2424 519
941959917 -395005355 1837 -645
318721971 -122334685 1259 687
-697998473 -864560983 2223 263
116792569 43298791 2384 972
662463397 -184300492 2477 543
490643595 742975134 757 -402
-908829632 634063334 1488 521
-411701689 443728101 2796 -945
100761176 -178043832 2130 -787
546394231 -842832310 127 658
-164975263 -248230525 1045 -927
700284499 -751844735 1941 144
822980166 -317205411 2382 37
-923438656 151643547 1209 -40
133935546 -386542520 1173 -800
-859889974 -445530799 2448 540
278470034 -967558815 662 621
-153734170 709662506 2661 -462
-625635867 150037564 2757 293
-495477147 -56798180 1822 -953
-678451084 620131745 644 797
-466995271 -911154495 1154 407
-946132264 746230259 1728 999
26969749 153564389 2402 659
-362226819 830965162 1064 -624
119407496 -652665512 27 604
404255700 -336059160 1597 548
-96765983 -948048184 346 6
687035593 -532370126 1397 -119
763705169 -752651490 2514 300
-641712729 -218945153 552 693
361182309 -151566859 1112 -659
728961301 -500853132 2013 71
454764685 -870967565 153 -371
73075259 486720460 1026 855
478993831 151754677 1033 557
-773857583 63350657 399 856
-173805784 -141375005 1196 534
71477423 52086161 997 -503
-364215700 -723832262 1837 -127
284828417 447235203 1280 345
-798680316 197463858 346 45
232706482 625722333 2571 -388
-523365714 708781640 1959 769
991426526 -11540282 2917 117
-878926425 -688814012 187 -811
-345293964 246717086 1206 -403
-662262710 -948031294 634 -285
-935848703 -352411223 288 -395
-1775694 -130335037 2217 310
-848656731 -190422492 287 170
911671421 -488830706 2057 -798
-782485415 -605712611 1293 0
-376628970 733821953 2057 702
6572026 953646428 2727 -432
-282718144 738660551 109 -71
198246488 948114659 86 -723
-402177912 -751367992 2157 155
-894427945 -336126708 1686 -724
176692659 913114494 838 164
284608237 603127404 1792 975
197615767 -662573359 728 628
-570710132 61158082 1897 -785
97954070 -166668810 665 -182
-263643810 -219968138 1271 966
-65915826 675288634 1023 683
987988054 6883450 319 637
-204219883 672167711 2819 -521
208459776 -822353164 775 11
973093301 -200666047 2477 450
-379755774 -253048348 2471 234
834664504 -808637787 18 -890
-722316364 -525870068 274 57
-434820672 312153680 2446 -691
-65082144 289817491 787 897
382827648 978645885 593 -733
158422135 38700021 443 735
465034237 771023607 1510 -930
455773920 837289443 1283 42
268609949 543705264 2523 -522
-560894497 917039244 1112 556
575887410 731143363 2622 -602
-211954075 -997922729 1008 -39
-296728663 904602102 736 -827
282820950 862774777 2298 -746
285215671 -882983998 1133 685
618730068 573889244 2024 -921
487894828 582801685 479 424
13938202 -21468893 278 -243
405780534 -621703481 2828 -713
747715593 896359361 464 -540
535084706 506428561 2232 -794
414867260 643471991 2667 -899
384995082 965776991 944 20
-613983838 -998087820 416 302
299919505 -594321155 840 -804
319605211 307439071 2892 -992
877260813 -82029658 856 -129
171491802 921391876 1583 146
932308775 164188655 2011 796
18145138 -882850228 1312 -367
603247593 689353841 1308 355
-505139720 -825190362 2079 364
105758567 -696407670 412 114
701427889 -511058210 208 259
-989286099 137814863 2102 -772
638600015 -53941807 901 843
-802416317 -47956993 498 -749
974643243 -839933787 2640 39
117083747 627055269 1224 -674
475151646 729986455 2909 -998
-907772690 724145814 2903 448
781096723 -208160722 2093 -864
-536990641 -683732157 2700 958
-807988137 -862939212 2952 705
-90430109 -126257604 1282 -614
424561421 -456642468 682 475
-728850708 -503735474 1427 975
-70659577 -21404576 1553 -912
-431638423 -417202247 1311 -5
123780270 979636269 1913 -788
347138470 267855549 1781 93
640691896 66917633 1959 -964
546724839 293383360 1316 -422
139106553 -197214949 2295 689
-950718769 555025058 1680 66
474224238 323379296 282 163
-480452454 -776455790 575 -887
617309784 -65878218 740 -998
-547657779 954272765 2790 -391
126434614 711113782 2611 476
-898355201 169283023 840 -20
581625903 544665059 337 -172
-524885279 986773170 1905 -295
-562541151 -238221619 1524 81
721852382 -875836767 1571 470
902046748 -990075174 862 491
881639445 864205443 2170 -649
-751253655 -68322325 2084 707
675088370 -719867913 259 -562
-6976216 -383626688 1835 309
59120317 -797941989 2153 -716
-727556869 -870548563 2541 976
-734050475 929585934 285 671
157916519 341566453 2265 -378
182788262 2374973 1459 -983
747523820 197524939 777 592
-799350128 -64491301 2326 867
-585300990 -592898358 2967 -282
-751729303 -187353710 2191 978
316236003 314562368 1092 -113
886652580 -168733291 1899 30
-922105445 695627422 1390 -972
-120097753 -253799216 706 83
-656857242 -598824059 2895 837
217887935 404106571 194 -388
-147425901 122733352 2061 -210
-188739221 49421112 1597 -24
-278639166 -70090763 710 507
800026188 384528649 2112 428
-29809601 -470736666 1632 -902
-950018191 -164778686 2088 378
-729516818 -39952228 483 -646
-20590671 -191381841 1359 803
-59052726 147715063 2683 197
-272470291 -899348832 634 -868
-521186385 -518722332 1768 759
-904459018 -475509038 2148 -458
450283666 733683866 70 -287
890717777 705726122 197 -488
-567751154 -635015188 508 101
974986878 159731320 1121 478
721202435 931398644 1175 671
508625487 203254896 2488 -848
323774039 547190859 528 1000
756474112 971086666 2803 108
-948962400 808336012 2950 -80
-672343760 -326801299 1347 -205
695062320 198651726 2864 -759
461385935 892083324 1921 256
124759295 -12150401 1724 -595
773008080 -40863847 92 -471
-370180377 734455146 2196 394
607319339 338400383 2765 403
949101130 -496130981 1459 -668
-333253561 -577387783 29 425
-897136424 224310912 316 628
-337294299 288173768 2081 -833
-37347916 -323056575 2225 745
-540448087 978361127 1380 583
-84812586 -868271560 968 729
-536304552 911774223 2708 -69
3146867 -71355688 2870 -574
-969202171 -52682521 1518 -934
-815599547 963078049 2127 -121
-648335302 -221440467 689 -591
44169341 -433491138 2019 -509
-1365538 703106128 191 316
656969628 351977670 197 -626
568336164 431996624 1343 353
498358016 669289687 1280 190
911728757 -623695673 2998 94
575135679 -970520956 1135 259
20930600 -505540782 1438 -45
404807023 824334756 688 852
-686046497 294617162 711 645
846554471 621255527 1558 -814
-954513004 -232328910 886 -281
-812005370 930121931 187 -332
-312571968 985636796 1206 -930
684258724 526601814 1203 761
345282728 769491969 1930 770
-353006749 -885757880 2711 783
-455655897 -409565203 2838 275
778664085 -214038853 1235 747
-452114502 -110204923 66 691
-367280388 -745740739 2213 982
93069999 54398431 2609 520
-730605834 686344908 2779 37
766389066 -875987293 1970 61
-715322472 13685259 974 -884
443059182 182686393 1837 -881
866467786 988149654 311 -327
44787270 816726422 181 -880
-328546948 -199225832 910 -722
-481761018 107290446 62 233
583221712 -658197510 1069 -192
-368462256 562880712 133 -266
-617880552 992933091 1318 35
645292191 -39227667 256 937
598107466 490120153 764 -534
-57625609 -47922027 137 -238
254899696 614721770 2111 39
362945133 304721564 36 498
-533888698 -711275437 182 601
56859055 -705551612 1893 407
-203874235 323275339 401 688
866559547 -714674562 2298 -547
645511530 -621703096 387 138
-419023690 731913871 764 -905
-704619205 404677490 449 -887
625511545 -568177575 1483 -165
962289394 495875467 1469 417
736035224 955468648 1127 66
-867950000 160229168 1220 190
237620260 334639186 321 32
-856380609 130378737 1286 -513
-997663434 280335786 2668 456
-989542551 -748950103 1835 -228
904819420 542039077 836 316
-626904278 -133402530 1842 623
981414402 -763735868 2589 -83
-257343020 745963802 951 -20
951946466 -825126167 2903 -840
-638344579 -814431366 1380 -636
975805557 -607772771 1280 718
-4179320 -104418486 471 -949
706535148 763722149 2946 872
-203872711 -628083962 2276 -165
874933813 236895734 2792 482
986450924 484502255 1501 326
-817077054 629737372 1332 708
-954336028 -457455374 141 612
50822934 -898714542 2418 596
-162512210 -799726321 1317 588
-500119979 -83416905 724 457
-824022229 545804191 567 -49
70469609 202331336 290 -768
939093760 639149601 2013 237
702097026 804124823 836 441
796415148 -927201451 2398 -666
118536748 195779463 807 -907
953763206 31285074 2061 -617
-919233146 -833517732 818 -793
641502479 753028788 1376 -642
-915784194 928823195 2159 242
310564022 -156435194 531 -975
-611617429 -506919584 2298 -763
857254061 395416896 2274 -584
859291214 -341641989 744 -919
-94931457 -792537439 2622 -806
600255296 -48317552 1318 41
-100817926 205717047 330 556
-354396798 28647506 448 270
-875022850 851615350 263 -110
-554480143 -763431276 286 585
-355717441 -633921799 724 790
713180449 -129681314 461 -566
188264050 524565356 2260 10
-498816997 -718690908 1190 390
-620417618 535969796 1045 -865
697584440 358763031 2081 -719
498995454 -640907906 1585 225
-919743008 505700550 2339 979
-95158589 278768731 2456 637
432175086 400877738 2372 -780
661829972 -776041065 1872 381
-47307818 157657789 722 717
-360878050 -725006232 2876 -439
-496570189 -264380355 2726 -438
257319822 -770967233 465 -668
108037485 -439352262 2684 738
479065447 -362907810 2696 -1000
-480623480 565863784 647 -477
799577180 933289032 1112 811
329393867 432302256 2514 686
-622755813 466205711 1721 868
-264263321 256269322 1064 -962
-491005007 -857481383 535 -232
68851352 -172666873 654 -42
26598408 -135559036 1429 -661
54257893 -188742151 787 97
-728269285 11907967 793 755
-460640570 432471708 2206 -109
-328595036 -172716527 2719 -178
355197699 150141430 2650 471
209780648 -801523646 1528 800
363821250 -735197055 1273 25
-133127697 -905375703 595 664
-808249962 721572827 2785 12
318836983 269726223 2844 630
-300943276 -123136965 1671 -797
467516005 -883621206 1608 380
340936773 29752787 437 -411
-225647966 -504155297 1150 -825
-710119855 68462037 1112 -795
985475084 -193136655 2597 -742
503636082 -80439339 2777 -542
-668416974 -47398177 200 447
-522376112 929778228 477 -336
-903067352 866893136 786 995
-813034555 -660444599 177 118
-685315325 536982544 2897 501
-241354400 100989428 820 971
199227293 880479155 1916 -471
-692777682 -466064901 2814 -931
-527394827 750020898 2067 975
701465052 -295212442 1129 41
776522439 -827202647 818 56
557267379 -700742464 1909 975
-600290839 539864120 48 90
-981890773 -666534557 569 556
-400732075 -720903135 650 169
-553581578 60756086 1123 -454
-208736091 -461838783 2825 13
107107243 879152468 2903 -635
360460929 32908676 2739 359
219871562 1637892 805 69
-660894645 13157511 1506 397
-307206922 795115616 2622 688
-685357708 895905267 398 471
-856670982 893188797 2328 -648
-337947264 300297586 1550 -172
333774664 -879276155 1521 -248
13227696 686662564 1277 -903
-720361667 -84755378 2613 -852
962284539 -527783536 806 844
-266575782 -4849742 36 593
471203529 -824826000 1441 -376
-37014385 -888165339 2477 383
-857521269 470288462 2019 926
692275175 293274501 2055 -422
-743822779 -35291157 109 -168
-883004436 -780726682 2033 911
940649646 780382115 39 436
-866911127 195320406 1437 -289
-467541708 723645852 948 65
-814045400 -745289717 2679 670
456430634 369125 711 -845
-512745863 -405833126 1347 846
905604999 -248177030 367 -802
31248426 -380833471 1781 889
-814503118 -992082962 558 -272
689804011 -941608700 496 961
-412091351 -328855846 647 -4
484631486 908398270 200 -699
46912013 426479916 1201 513
195658422 504256299 1632 -757
723235545 9819543 1303 -884
939136142 -214677519 960 -419
-377923577 -272881393 1984 -214
854039004 -975612002 2903 -583
309718686 872981043 266 -263
-205568169 -878632017 2515 -749
-467701349 -934772381 989 -335
905985477 -950226 197 -169
115481447 -755787943 1112 897
804499369 -696707138 1143 427
236600262 467862948 1699 583
232536744 -934199370 2544 -584
484169051 -410101924 1055 953
-880701660 731039977 1671 -154
-886818750 682788243 2957 -933
912796918 442633487 697 995
784447856 645038459 2343 -843
-380234860 647236707 1566 387
502973188 -323819029 146 -755
471318678 -957640330 1064 -164
-691238520 -696328773 1288 -99
-6467220 -839074073 1412 -573
743691552 -814455062 1189 777
473748032 656452830 1722 447
-975456228 -136774025 203 717
-686091161 428001107 2909 -253
787208595 558682495 1833 497
356397957 206369542 1342 -590
-164181945 -938523121 1190 204
-385514008 212740915 2879 -381
905364626 -336568408 2541 430
-622729632 40467481 634 -730
203773838 186472191 115 -503
-493751115 487867194 224 765
471763778 -261292174 1200 -858
-867644049 15535393 623 183
984088394 525470946 1779 -258
492550524 796627589 162 -374
638043381 -631477079 1234 -674
-757293142 160949052 912 -531
-153208804 774391876 2266 -625
-887095326 -681461399 2462 568
85209143 -45660425 1036 -353
-31867339 224281077 14 -671
990192082 -764492307 2531 -245
280210752 294920500 1136 -822
131376745 -718121767 2819 205
568259032 265418476 2894 -571
581934203 498018292 2916 -951
-808097207 -906380586 378 -450
843509376 -247750196 1987 871
-809522132 618154850 2752 656
-287100854 544095566 813 184
-676462846 -719398971 934 -158
-514526341 241811426 2385 295
-768301987 -387151860 556 283
-329888101 356259058 2180 340
244524577 607906477 2090 -160
639191096 457387431 2265 187
-11807054 337629189 1399 -414
-442658135 215690822 1557 -982
-929405834 358313018 1280 -464
-873861116 -9771722 2989 -386
798256339 -803993685 2493 422
465789742 307963784 24 -329
-8645632 -543323751 151 -370
-413731532 -189661119 941 -228
-78019378 -292703161 1156 -923
-906896754 48807266 2507 521
993964125 148032446 2561 -457
510741930 -964208483 343 -8
536247733 696994339 2874 -725
544086605 -446464664 2508 294
483412623 -327237521 807 -228
-821814553 111104850 2169 -791
382021130 688128247 2882 781
-652977652 -73219370 1106 -645
-364705590 -344923276 1055 363
-15520874 46433989 597 365
156194194 -101777997 647 38
-567649472 639429990 264 255
525016576 -623592790 877 -482
-964598073 -681586800 2711 394
-94295472 778502485 672 -167
-389917612 749360053 1984 259
462644732 -948043535 2692 574
40690651 797179830 1554 -851
286156429 -168038988 439 217
-61973840 141380204 2325 986
-570625192 -643669012 2161 -710
739290811 968946336 1705 -587
-318110057 -688551281 1976 590
427805152 -248532314 310 -862
832893469 948324757 2557 479
-850585886 -183343193 1646 -80
-904236097 113130859 455 -750
-724441395 -397863408 2657 158
-461342075 -299419215 464 768
440359360 574395323 1178 3
833215482 -780570503 2876 795
-608587986 -307807777 2191 -499
513127108 -97299335 461 -350
615801449 514598469 807 549
970098236 -368853808 2885 14
-158743954 -750598303 2706 -605
712860136 -56280566 1821 -623
-444225929 -974211091 524 576
318655333 294799286 2300 -94
-56111145 405761768 1959 -854
-666240108 -166237302 2716 -792
-636867646 944386666 634 -416
115656434 167234834 17 543
402851663 -400212375 1010 710
-950917679 474277845 2905 89
-424982315 -902839858 901 627
-294497294 -672643471 2092 387
341676614 -943475061 2407 -790
-535526956 -843799830 944 729
625325739 35906124 2399 -596
964119560 777705468 1610 -34
-404773020 -244027600 2497 -583
-750701732 -219120628 2667 74
522106321 -98110895 2620 -503
-820275809 444095303 750 898
302076243 305909829 1883 -825
-386292224 780714641 2409 963
776841402 499416353 524 581
317671838 -74426842 948 -397
485178094 841944608 1960 -27
-132355422 -751066367 96 639
-595807811 214183501 1926 -795
68369030 967955438 2858 111
-705915402 338223215 965 -214
843351511 -309409349 1175 -79
-516733545 708136145 2882 -691
-778503102 -159695612 2941 -295
816921786 -863134414 519 -651
764399381 -47092053 1011 -869
-566616750 293318465 2385 -235
479412012 -891120878 2382 102
981649370 -341859313 1042 -514
-940182473 -13044975 479 193
149601622 -612957425 146 719
-317737626 -188050366 2220 568
751095137 -86666322 1129 -426
-232470776 -902040685 367 148
656213576 604590474 2285 -376
-135466324 -563249492 1446 132
-835712866 784917228 1835 -54
-836678215 -734026523 1820 73
-714150666 -497114577 1638 -852
-627850049 144520302 2842 8
-817919967 -956674715 2063 927
390996810 -199389530 663 578
-710285873 -413274916 13 222
-115293264 -303304036 152 -899
330436569 258797796 288 901
275840579 77213210 2958 -782
-71515111 116865588 2882 341
633560656 975653275 522 737
-998784101 958904892 2616 476
874782898 -59814326 673 713
411562910 558069376 988 964
-330581337 109539158 1544 922
174727784 205992484 238 271
356019975 316475931 2078 708
-576685143 614412129 53 -44
9504378 134463898 2127 729
620473360 53933187 2598 -669
-641466829 -223073316 1209 -945
425019004 73598035 581 848
-502131869 -422728415 2513 77
-393692699 518225602 184 -829
-398332828 131157947 2337 -440
-604663097 -928498853 964 156
926523358 951668709 152 -220
81915701 969844255 1607 961
747048603 -125656963 1209 -412
921311326 910819155 706 -189
593974782 665030599 2205 489
43762581 -556094280 181 -170
144109981 147164839 2468 397
340798969 971401088 1936 -93
-368449902 819241469 27 818
380791224 -643085578 2559 55
-78935103 -25660768 2180 -68
548566179 816891146 1636 681
-271693508 -910688201 295 138
-771753143 -229768707 747 134
-963212796 -626365018 1765 -158
349570099 -649660002 2711 -464
-886427367 -988174471 2487 -862
-547980801 -469874768 1477 -590
-623868363 563829578 740 825
-209683865 862484400 1292 702
72118033 -124260850 783 -111
948793188 870120695 2946 345
41901172 858573398 830 609
953612549 222988471 1190 -914
317198984 -846268382 87 -128
-114532862 555913135 2019 844
621000025 750909752 2064 920
967555348 855908425 2439 545
264386663 -414695600 104 635
913120553 -654789057 2621 -76
-578247296 206974824 282 -995
893139956 -317678241 2709 -102
-429945617 -63575873 750 358
111800150 524258383 1281 -806
659414269 -887693085 2688 865
-621121408 726107078 1088 277
780249448 337945479 532 780
737794669 -63442764 716 -224
-358828854 -745023824 197 577
216564261 722507238 1576 -953
277241665 915818557 1483 -228
-845109846 409611088 602 330
381288993 -256327005 669 -169
-840156022 378218015 661 470
161303465 964771669 678 -866
800180308 43645884 1710 816
-331873474 -640139111 328 -202
62816903 218213021 1507 -950
-662670585 634286683 1438 99
-487151804 -737938264 1606 -515
657317735 -428840097 2960 -801
16353691 317829824 1830 167
-182695098 119438333 194 918
78427799 576325783 1577 443
832819328 940366500 71 254
-961729127 744255824 2795 160
-165706681 -118917652 2326 -251
75288047 602404165 162 217
187781612 455495035 2109 -81
-342435229 -313183894 2483 310
646457859 968406151 1418 -751
-754608063 551885486 1524 956
394429502 753884073 1033 -785
600221423 -710001417 2182 206
-972841242 -606220989 625 -698
-506687316 767184707 2727 712
-140476203 805257264 2555 -490
-500153604 -352706739 294 -801
-62210208 -713492245 555 57
141023896 262803331 1391 508
8965679 -370071314 2937 230
-587571717 728729301 1262 282
-827966878 117909672 2844 -419
-611775901 -640389094 1657 -724
-228032753 405754515 461 22
327809233 -828550396 2084 -160
185193909 712612629 2282 251
547092546 517384397 181 -175
213401967 -547371660 104 -622
750877635 958915437 27 65
211624350 -131290116 632 139
-580744846 364150455 2635 -501
-229653892 139400585 1473 -907
-713642367 239845914 2556 313
-423407542 250221677 987 -490
-37132450 -112327027 230 747
-240230151 33490973 2679 955
-601598965 -607223345 3 -949
-703869989 -677775523 141 -476
909594326 -573860260 2418 770
-96836757 566329021 597 -247
-248145734 608711047 1096 439
-932130420 -760633731 1389 598
-444936142 728247210 1177 833
-466446478 -65021658 437 985
-249872995 201603243 2439 -983
-821199437 535033897 1353 -687
43214726 -690481106 722 -370
530198674 860596870 767 -639
367188568 -910004758 103 351
-855914835 625104031 2948 628
-593528383 -712907650 2684 550
132994349 -301813332 379 -604
-509717038 -651685099 2791 796
751568545 -568324186 2454 -93
857617486 -787703635 1157 536
634163680 -335689263 1313 959
-594984757 59211218 2791 -67
-475385192 -584813437 2325 148
-453259369 779166738 960 -823
-595335751 520263896 1328 -867
-147815767 -965974956 2382 -320
409111950 -751441300 1835 710
-386876017 -160349400 275 563
-86650482 -540645576 1646 660
147059646 513997719 1039 509
-340580324 526525380 1173 -756
-544593801 -675546155 2885 884
-767647621 384415314 2797 -946
-451332210 702314588 1786 -454
965130658 -851950277 961 393
915787174 -403836587 2883 588
206663414 -580221742 2088 -879
30858136 109821732 2802 636
444345895 -159527152 660 99
652883748 259370792 1055 -722
-777434767 289556707 1627 -367
-440429614 -303536581 977 -238
-149806537 -62045922 2385 813
-462452630 -899429650 2061 -220
2 992
2 1389
2 1330
1 2668 462
1 41 178
1 2110 917
1 2881 -801
2 1867
1 2469 -411
2 1297
2 2473
2 2511
1 1897 158
2 1605
2 288
2 2239
2 1476
1 1408 774
1 1320 28
1 1496 -876
1 2879 853
1 2970 -962
2 2852
1 2124 -458
2 976
2 144
1 44 901
1 1474 -618
1 201 627
1 958 -48
2 441
1 2693 -942
2 682
2 824
1 1451 368
2 1963
1 2696 45
2 2910
1 2975 -404
1 1527 -928
2 1556
2 2589
2 2019
1 1552 -827
2 1026
2 900
1 2918 -665
2 1937
2 235
1 13 -354
1 1201 472
2 2880
2 266
1 2967 818
1 2804 -674
2 943
2 1869
1 1129 51
2 607
1 1120 -348
1 535 -29
1 1973 -759
1 1597 32
1 970 -762
2 568
1 1577 -626
1 2774 514
1 1331 -658
1 227 547
2 649
2 900
2 989
2 85
2 567
2 1584
1 2033 -524
1 1750 479
1 925 44
2 1024
1 2515 -185
2 2630
1 2045 728
2 953
1 857 844
2 741
2 110
1 1129 -885
1 960 897
1 511 594
2 2874
1 1354 605
1 1395 136
2 230
2 2461
1 412 489
1 2505 303
2 410
2 2148
2 2058
2 2106
2 1302
2 1841
1 2289 975
2 988
2 1831
1 1410 88
2 1949
1 1944 -775
1 1134 408
1 552 -570
1 968 595
2 421
2 1111
1 2719 -72
1 69 978
2 2371
1 447 -78
1 2035 241
1 2625 -102
1 2145 -641
1 373 405
2 1002
1 1746 -9
2 1138
1 861 -302
1 358 327
1 369 -657
1 601 -805
1 2076 -420
2 425
1 2956 406
2 557
1 1860 632
1 1101 -407
2 705
2 104
1 853 240
1 2373 365
1 870 -635
1 497 -301
2 325
2 559
1 96 -490
1 2598 322
1 1383 836
1 2445 -276
2 1350
2 200
2 400
1 2399 -781
1 2692 927
2 2472
2 1578
2 2164
1 192 -905
2 206
2 64
2 2551
2 2564
2 1420
1 1951 -309
2 2680
1 1537 297
2 790
2 1474
1 1380 -946
2 317
1 2071 -117
2 2388
2 180
1 1048 -982
1 829 738
1 10 804
1 1336 864
2 338
1 2892 535
1 150 197
1 1021 -299
1 2569 785
2 38
2 404
2 2680
1 1001 -631
2 1924
2 1771
2 1183
1 2099 -421
1 465 651
1 636 248
1 2159 227
2 684
1 837 507
2 2733
2 2486
2 588
2 210
1 1208 -658
1 1072 732
1 532 -993
1 776 549
1 2371 1
1 459 26
2 2391
2 1956
2 460
2 2867
1 1011 940
2 2453
2 2242
2 2173
2 1899
1 353 -535
2 2582
1 1067 -168
1 1520 75
2 1948
1 1745 -494
1 446 -957
2 32
1 1938 -214
2 2927
1 2791 69
2 2250
2 2161
2 1069
2 2711
2 234
2 595
2 1295
1 789 681
1 1613 24
2 100
2 2012
1 2101 549
2 2266
1 1627 -54
2 1155
1 277 -283
2 423
1 2964 212
2 2045
2 2745
1 2697 -718
2 283
2 78
1 2392 486
2 1089
2 2317
2 2885
2 663
1 2994 -637
2 1992
2 734
2 1383
1 1709 488
1 2995 -942
1 100 244
2 2811
2 521
1 1096 522
2 1620
1 772 -332
2 2697
1 745 -943
2 1084
2 1161
1 1842 -834
1 1277 431
2 1294
1 1225 636
2 1012
2 1448
1 719 -57
2 1392
1 1230 375
2 1099
2 354
2 2587
1 170 591
2 798
2 1521
2 2181
2 2030
1 1410 793
1 1308 648
2 1347
2 1743
2 2161
1 163 -897
2 1996
1 384 474
1 1049 973
2 1535
1 2440 831
2 1382
1 2948 -616
1 878 440
1 1152 785
1 1001 -842
1 1633 -568
2 1820
2 2453
1 2079 -438
1 2440 -395
2 1836
1 2364 476
2 504
1 2144 -977
2 1141
2 1149
1 2377 -493
2 1492
2 90
1 2127 39
2 1644
1 2324 280
2 2984
1 1575 622
1 2966 434
1 2681 804
2 203
2 1375
1 1485 -359
1 1253 -151
2 2332
2 755
1 1188 -111
1 1615 -473
1 482 -504
1 378 905
2 2365
1 63 -208
1 13 346
1 2759 -816
2 120
1 2084 -634
2 2642
2 2743
2 1169
2 2849
1 164 806
2 1110
2 133
2 708
1 316 -211
1 1102 -262
1 254 632
1 772 -128
2 2523
1 396 927
1 910 -64
2 1329
1 1928 207
2 659
2 1734
2 925
1 2563 -598
1 276 425
2 640
1 1800 -878
1 814 -696
2 598
2 721
1 2430 920
1 156 380
2 1850
2 319
2 2718
1 700 835
1 233 -387
2 1751
1 322 369
1 191 -286
2 1815
2 2370
1 1520 784
2 1263
1 2199 73
2 183
1 2023 279
1 2957 -28
2 265
2 394
2 1460
1 2492 -391
2 1165
2 519
1 2110 559
2 1268
1 2777 981
1 1651 -468
2 943
1 2576 596
1 660 323
1 2311 -375
2 225
1 1471 -392
1 104 -416
2 2728
1 1240 94
2 1955
1 2924 917
1 2653 -863
1 262 -446
1 2832 -987
2 418
1 2358 -675
2 589
2 1393
1 235 -913
1 1555 -331
2 239
2 1177
1 1262 -435
1 2617 854
1 1273 -506
2 2272
2 2077
1 595 539
2 482
1 217 883
1 834 54
1 1806 904
2 1892
2 99
1 1866 132
2 2535
2 2118
1 1267 -532
2 2736
1 782 112
2 837
1 2951 485
2 1052
2 2847
1 175 211
2 1155
2 670
1 1138 -82
2 2034
2 1760
2 2224
2 905
1 1494 585
2 1804
2 905
1 2044 -597
2 2722
1 2153 607
1 1173 -540
1 2246 71
1 662 -830
1 1750 758
2 1255
1 369 -725
1 205 -895
2 2382
2 2935
2 140
1 371 956
2 1629
1 699 430
2 1361
1 2706 462
1 2137 -214
1 2955 -288
1 301 -536
1 308 -12
1 1238 -464
2 2445
1 61 344
1 215 -620
2 1382
1 2505 426
1 2437 874
2 428
1 246 163
1 485 -528
2 1733
2 2340
2 2934
1 1632 753
1 2179 8
2 943
1 2657 -645
2 2958
1 1483 119
2 709
1 2388 -6
1 2551 480
2 548
1 1398 110
1 768 -64
1 1913 309
2 1895
1 1244 -809
2 637
2 264
1 2514 353
2 918
2 2930
2 1501
1 1084 398
1 1829 -699
2 2324
1 172 -557
2 868
1 1406 882
1 810 -337
2 2692
2 2222
2 2203
2 2538
1 2038 -257
1 2014 576
2 715
2 1761
1 1540 696
1 2393 899
1 216 814
2 2167
1 489 629
2 2600
1 2543 116
2 3000
2 2163
1 2142 466
2 2187
1 242 -147
2 2052
2 840
1 39 -425
1 391 -9
1 2408 24
1 702 -656
1 2175 -917
2 1055
2 2639
1 491 -177
1 2964 221
1 2848 0
1 453 -369
1 1113 48
1 1282 -558
1 700 2
2 1804
1 1559 401
2 402
1 2804 -328
1 1385 -295
1 648 885
1 1246 36
1 2623 369
2 1578
2 626
1 2390 518
2 151
1 2283 -920
2 665
1 349 82
1 308 362
2 2760
2 2245
2 2017
2 1090
2 302
1 2565 417
2 2108
2 2545
2 88
1 2574 -20
1 658 766
2 1612
1 625 603
1 795 702
1 262 129
1 2321 691
1 2350 701
2 888
2 2625
2 2825
2 505
1 1217 115
2 2633
2 2264
2 2354
2 520
1 851 432
2 2045
2 1069
1 2056 164
2 765
2 2039
1 333 410
2 1224
1 2915 -651
1 1101 -444
2 2314
1 1206 -988
1 985 -322
1 1331 -100
1 939 -763
1 228 240
2 1084
2 2509
1 1356 -395
2 2302
2 552
2 560
2 1141
2 2598
1 2798 -136
1 1902 73
1 834 -638
2 1857
1 2829 746
1 861 4
2 2273
1 439 -161
2 1787
1 323 -126
1 2744 928
2 2929
2 1786
2 2560
2 919
2 2051
1 346 -199
2 420
2 219
2 1079
1 2448 -775
1 654 664
1 1957 276
1 1741 -903
1 859 -643
2 1329
1 574 -517
2 719
1 520 864
1 1904 -987
1 1656 713
2 1199
1 1241 71
2 483
2 927
2 352
2 541
1 1996 -936
2 2083
2 2601
2 57
2 2770
2 209
2 1798
2 971
2 2641
2 2363
2 71
2 115
1 162 275
2 1366
1 279 951
1 715 -265
2 2934
2 2640
1 2852 -494
1 1277 490
1 1725 555
2 705
2 1802
2 2482
2 850
2 1671
2 1948
2 2367
1 44 778
1 2672 -514
1 350 888
1 2990 -325
2 2940
2 1907
2 332
1 763 -964
2 2472
2 55
1 833 517
1 867 220
1 1827 -459
2 2692
1 2857 -525
2 1775
1 1391 510
2 1791
1 1210 -575
1 1479 -735
1 2787 -977
1 588 508
1 1905 844
1 242 -134
2 1898
1 2042 -920
1 656 395
2 1821
1 2945 133
2 408
1 1930 -57
2 405
2 2010
1 458 -667
1 2265 -567
1 140 -219
2 1304
2 2234
2 1876
1 2364 434
1 491 449
1 269 -867
2 2725
1 2539 317
2 2543
2 496
1 178 639
1 2082 -394
1 2482 -31
2 682
2 2189
1 1489 606
2 2487
2 2710
1 810 377
1 1011 -206
1 1215 -519
1 803 -496
2 1498
2 1873
2 2756
1 2996 968
1 2035 691
1 1091 -520
2 1482
2 2164
2 1067
2 1921
2 1394
2 299
1 424 369
1 2738 540
2 1461
2 1492
1 1694 -454
2 1179
1 2804 -387
1 1512 -159
2 2610
1 1000 -186
2 1964
1 311 301
1 1742 -936
2 1485
2 1848
1 284 18
1 574 -977
2 656
2 222
2 1551
2 359
2 1237
2 1097
1 2095 -19
2 466
1 2618 431
2 1728
2 445
2 964
1 2605 -70
1 2654 115
2 896
1 831 -783
1 1025 505
1 83 -116
2 447
2 2318
1 2097 -516
2 1554
2 633
1 2466 -666
2 273
2 396
2 2513
1 2496 181
2 1454
1 2466 881
1 645 -680
1 492 876
1 1480 -529
2 1940
1 2572 182
2 1665
1 2587 -109
1 304 -218
1 1079 458
1 1992 -472
1 1850 696
1 1567 467
1 313 -208
1 1694 -624
1 1303 725
1 2284 824
2 2612
1 446 157
1 441 922
2 2707
2 1484
1 1444 204
1 537 -952
2 2619
2 1469
2 1511
1 306 410
1 324 245
2 561
1 721 -736
2 1015
1 2592 111
1 933 -147
1 377 -580
1 521 659
2 627
1 2403 605
2 860
2 228
1 2898 -794
2 1483
2 216
1 396 115
2 379
1 1230 712
1 2087 -325
1 2166 -525
2 439
2 1502
1 674 -204
2 2822
2 1
2 2955
2 1441
1 2061 143
2 6
2 2592
1 44 584
1 2944 952
2 955
2 2844
2 1516
2 2668
1 10 -321
1 1511 -987
1 1083 -735
2 730
1 1730 -607
2 974
1 1980 451
2 1563
2 1847
2 1614
2 1614
1 537 -867
1 123 -981
2 620
1 2421 27
2 2503
2 232
2 422
1 1232 107
1 310 541
2 1480
2 370
1 2630 -146
1 338 564
1 2647 423
1 2756 581
1 133 138
1 1522 -695
2 2943
1 1274 -417
2 1723
1 1548 556
2 1567
1 2752 118
1 66 -296
2 609
1 451 -185
1 2254 286
1 548 -890
2 2225
1 1692 -491
2 2110
1 2055 -924
2 2786
1 513 456
1 842 300
1 299 669
1 748 458
2 703
2 543
1 2869 -727
1 1284 -344
2 2574
2 1529
2 345
1 1149 312
2 150
1 2096 46
2 118
2 716
1 2171 708
1 2893 752
2 222
1 1640 489
1 1976 160
1 1740 852
2 1074
2 1704
1 887 -530
1 1583 982
1 787 -297
1 59 -666
1 578 599
2 133
2 874
2 1143
2 378
2 574
2 2319
1 2401 152
2 1345
1 1278 -527
2 844
1 2309 -603
1 2635 -215
2 2256
1 1333 -61
1 2227 820
2 1424
2 414
2 2661
1 1362 -463
2 972
2 344
2 1398
2 1910
2 379
1 928 -722
2 1178
2 1854
1 340 -225
1 194 -282
2 1275
2 584
1 1090 696
2 899
1 2821 487
1 2536 -127
1 1961 335
1 703 154
1 1166 567
1 1940 -361
1 722 -445
2 749
1 1213 -124
1 302 -663
2 1069
2 1281
2 1057
2 2226
2 2481
2 810
1 2720 -756
1 184 -835
1 1427 139
2 2280
2 1042
2 1124
1 2347 513
1 2497 114
1 582 857
2 1410
1 1332 -40
1 1763 -525
2 2266
1 2305 245
1 888 912
1 2046 788
2 964
1 489 -883
2 2476
2 1332
2 2818
2 2388
