3000 1000
-545933691 -204943435 1196 652
-964024879 201753874 1955 324
-147337766 -645578406 632 -26
-167935638 555286528 2659 -29
-12473461 129507117 2252 851
-699390610 410329262 2911 -649
-282773522 -809944037 170 331
-654481728 872948527 2300 886
854597208 -837043543 79 -830
789456992 -247103374 1863 -596
-783282374 -97687292 1300 565
-771344532 -907551954 1843 150
-745685374 778924586 1173 -634
312206080 -368666220 2690 -736
826286573 -132517777 1155 -284
720720434 998857009 1076 -840
-120226710 448495326 1482 308
997658767 556687476 1916 -124
-222870005 -678129361 1038 178
-727562485 807412113 2575 -165
434871411 -17308161 1078 -332
-972420468 399600051 1048 -353
979914695 -57991372 2392 -356
-536212133 -486115151 1215 727
-947720702 359428418 2980 514
-478721672 900993759 2484 -483
366195392 -977048536 379 54
991567501 757633429 2981 577
40366764 555208948 517 -502
-311464922 179965586 201 -79
-545551623 142186893 972 865
-246149220 282832140 2924 934
379303410 -143152970 1232 -183
-833806687 -283561844 720 535
-431664724 854783282 2713 -647
-114136772 -611655047 2320 -530
168378401 301159757 2475 -250
741924869 -279778678 2559 -790
949020670 -844960818 2337 -602
-799749494 -75659252 2679 -554
633409368 579458086 658 76
137392999 -840659909 1415 163
374917020 814808053 1353 -366
-937600358 896064772 1957 89
793415865 619596333 201 -948
236635771 -871040936 543 -83
939048867 492246900 2665 779
-481096305 702565816 2088 155
-718738841 -797650135 1537 -220
798821077 136165731 1798 -567
-595650380 -415536805 2213 967
948269243 -464002804 130 897
582094182 102563518 2890 -66
-139846143 -261074005 1066 88
729465573 -302240943 1866 700
-827493444 379377791 1760 892
-403794967 -203211286 1504 -970
-457522999 351587959 2799 331
-937869393 588023383 2982 -397
-549400150 94646137 2412 702
407740212 451465363 2815 81
-362315807 334953752 1591 -75
-232134574 445314197 1817 320
-528486729 -374773020 837 -412
-817736245 -436267219 103 408
761656811 -772759025 375 286
-612437008 -900345764 74 -540
-870807138 -200999870 469 646
82066357 -654727960 527 722
-233812869 -734875820 1980 -848
601024150 -473765670 2695 -185
-299940665 45371186 100 371
-410011058 839453991 2930 217
869920394 -17313270 192 -729
840903072 -454450159 2740 451
590932733 -28364184 1253 471
841382254 724619129 1181 715
932473723 151568724 747 541
372050507 228910337 1183 -147
-468250936 91056673 130 -206
308406832 -439545190 1431 879
634345934 218193804 877 581
-774994778 -176721614 1531 84
437158981 719128796 1440 436
173609230 209158741 34 -425
-370765168 492923092 304 -54
319444071 823763846 2313 -237
141129357 103413687 2033 -68
83965764 -291247316 1135 -551
772749133 -803874564 72 821
-131788205 -857059127 2362 906
928653734 -638310689 1892 -799
784237937 -455792158 773 -569
207531124 -969381673 708 366
-591535145 954875321 1703 -97
-716560256 -136739844 1955 505
-192646340 565352766 1605 407
869681043 -974938407 1140 -40
-521122044 -429393252 1244 -65
726505475 -688462067 728 527
2284223 -221673047 961 -851
-494520855 10291169 77 218
405864752 -722573904 1652 -179
-536445664 17763475 1662 -968
-26079496 70352108 976 158
278656732 507144333 2539 649
-709607253 -159850085 1196 -886
-885110258 -907076732 303 -291
-420252020 -669601909 281 464
705485658 447044459 746 630
-778495056 -517364534 1676 -78
-807580708 -659148264 967 68
-529424082 757302683 1784 757
-198761839 703375726 2686 -544
-364926676 544491526 960 312
727243467 493638773 1109 603
425887110 122519981 587 659
42614390 -744435193 2661 -820
-162029900 75395876 2653 842
312718283 -357732568 307 532
478165611 493803231 1156 194
-563793995 835493385 599 598
298502295 -980777667 196 -369
-889554035 -825454371 67 197
265239490 332759142 244 844
530525981 557782443 664 172
818527489 637807440 2130 200
653462418 697023347 2113 733
734613231 39110661 2855 997
743101514 379126861 1464 -293
834315012 -756222271 351 299
702686461 571174670 2772 151
-947580135 -582370896 2926 -452
-52133146 372369473 2114 965
-470130322 -565202612 1856 393
893708272 488126130 1387 322
-625957081 42503330 1933 -447
-954953719 686791605 1418 97
352048786 -599567212 2071 -934
301945681 28656972 600 -520
525109958 -123000587 769 402
250265528 993131174 11 743
-695011820 -379962442 425 -880
-993881268 -916978764 2228 54
-824295128 -554831515 259 -409
644191175 367904011 707 553
883228963 147261893 369 947
190857663 -498992625 1153 292
-769825421 -925780578 447 -731
460998637 91302255 2929 -8
534771479 360743366 1083 141
473537370 965868100 1932 85
254494200 550703400 1914 -246
164407153 -750541709 592 -4
191502027 -924781323 1241 -343
-322925853 -104083205 2067 -294
-306644262 86787504 605 -237
776172770 -68542939 1984 83
-382271457 -282296084 2851 -215
-546200102 814456633 2369 -955
75930231 -31306550 2768 386
397276271 -596518682 1127 -984
-587334377 820116145 1544 -825
-149643640 -198963279 678 -820
-647499497 922885256 738 335
-357634530 540450203 579 597
-498573094 17282713 907 -758
228016652 -401299310 434 783
344039656 404741898 80 -367
170954765 -255999890 1843 490
-240214971 -597748028 22 856
-744754793 301678707 980 66
-645726255 -476949565 2419 -291
-694164860 805475370 1166 -747
957662640 698033365 271 776
-152292773 -363981939 2962 -431
1496467 -364356817 1784 561
919590478 498370122 643 75
-985403978 481190114 671 -79
-767483741 -333401760 992 810
717511305 -843405350 1394 -746
-696880701 993662382 2134 274
-845276814 -249360594 1591 -666
207463233 -674528385 1322 -110
-817403298 -194333052 2758 344
-770071598 -174648839 771 -352
-957610960 413147952 2600 -90
335832679 927737243 2736 940
-568235685 -977632058 473 -592
299264148 -409763181 2884 -314
-436999995 -623910353 574 -598
-516974850 928083244 2288 767
-580060523 -608017644 2313 -576
418251189 580170750 2584 -85
263467714 790222794 2334 -29
868937056 727185882 1703 754
-83626026 21699318 2527 737
473345715 -340951610 2295 -250
-744290580 -507386768 2175 476
389523602 18096873 1546 -273
-847669140 816304899 183 -708
680635867 98537369 1980 -362
-763974348 -806690427 2727 -102
-385554738 233278559 2194 260
158881020 -592225187 2295 941
-445952165 -254622184 158 -560
-589789052 -988595271 79 -542
-514179646 -734132547 485 770
78443324 -888816840 783 638
-900281748 -413474521 2296 -95
356396201 702164542 1290 694
-615891640 -38820687 2645 -217
139680453 878857765 1336 661
-977237599 -281650675 228 614
-432381370 -746021966 1217 -283
-392256818 526002316 447 629
-777823926 559170266 397 761
-780795849 -465137760 1850 397
122930535 -785233687 1403 666
159154346 560961101 1843 419
304234973 549337170 2550 -733
335796751 -426349239 367 -615
487274761 -370951632 2401 -134
661256143 -698957695 1347 -426
237799631 -605754835 2982 -161
72415153 881867265 610 519
-264817280 212295857 1390 29
-781625847 -646899115 2860 -8
296025090 539034549 1761 -119
137005954 -149370035 1691 757
931792425 61262411 1281 93
-100651289 -773101991 2960 -353
983002612 -123786102 1336 -376
-741939224 -369664523 1111 -48
-86960966 -101418459 1321 -830
906066807 800987864 1703 -640
678918825 -140569450 2141 -5
863420617 695660898 2645 -325
751883781 257651897 2768 -105
368364989 -710692156 407 -975
489166703 481590182 2690 735
159867458 542835034 1210 -386
-321149621 126488013 1117 153
555858767 -651164449 2487 -821
847543330 369988753 1186 -885
-534745268 663099487 989 960
-959809635 -927464352 2817 968
-755549022 -368719782 1183 798
982957049 488111056 172 -120
-333480218 -875833332 2650 275
-199320789 -193050476 968 -429
564250914 305157770 1740 -816
-722244774 -89000130 2666 -975
728095342 516373833 2793 -865
400385843 65779859 2127 136
-450174099 -295846386 1133 -139
-709462009 166536953 2348 -761
77383491 98734319 2739 -770
471042112 -707506826 2363 -1000
-137266601 -46970394 395 -193
-532434572 -570205821 322 714
-892857634 -458517656 2644 -352
-207361574 -887660562 2932 -386
826361671 -414321941 1919 -789
-17631616 -297458297 1617 -303
253493015 454663781 1179 915
687780935 -703695643 759 -304
56304944 -328275897 2165 747
-917641063 -652217773 349 551
-797866528 -114505784 2394 501
396042566 69961488 148 612
-660446088 706764096 1076 612
933362126 -893871259 2806 -232
535549991 -942561326 915 347
-320874497 -308745542 2000 -482
-597898355 -787163473 2030 -637
231958068 487497330 709 -136
-218576450 -540604817 39 749
507845091 116747926 1435 -165
-409081311 528077348 2334 -929
706543576 646550674 379 -779
867890816 -621671867 406 293
310337413 -544872542 2381 63
470483459 712360123 391 -504
-981570958 -340022206 1464 810
-666148566 -70515742 968 762
439002034 -761103976 2602 -35
671212305 -347910659 1543 -460
253528773 909733033 2041 -685
325976047 -225054245 728 -456
657910475 -838824289 2219 -406
-248860482 -708035862 682 -917
-433740502 -334303704 130 196
-506105979 -924121924 676 925
-927610139 21506931 2575 -340
-773425271 -763519615 271 412
638065389 618552570 2410 -337
-241627416 -426021237 2456 -111
-943453702 155922186 1319 901
86523381 560359070 759 -55
586197937 -450048268 2472 949
882013144 294756092 1055 340
-762327852 491622733 248 919
410805741 200031245 1852 -288
-655710787 -488553545 1701 790
-719156115 -19471214 2395 -541
-546347385 -757070628 1679 -599
-546108828 611561619 1866 -695
-270396541 -323275962 2269 -452
-822300902 746862627 272 -474
-771042696 -838117520 2544 607
-428514002 158210628 878 450
-48107369 480918011 1875 -456
-885369057 -494110670 2939 683
-810246320 -992391286 2082 667
241721096 808713011 778 -956
676155406 965666867 2036 -190
268320379 -101994344 2284 969
-377615604 -943715047 2675 387
-429982254 548398563 2768 572
177417479 -650233639 542 -518
540300412 -840636890 2839 -152
-764121090 686718599 897 785
-683419245 210629664 1123 279
104763693 -537680716 2187 -751
-936907370 615430658 2288 607
-644955421 -931334376 1980 -230
-83799325 439863313 2473 -661
-647518353 769250828 864 109
445066811 -301682465 1725 45
-429685084 -117521477 2182 434
420256620 -20912065 2109 976
54525316 -513987816 920 877
-951578167 390626666 1652 240
543584542 252860466 1916 -462
-455747325 -667352251 2682 394
-242025210 -122312752 2034 -906
374148352 386642279 1060 732
798648748 -81943542 1475 939
924183531 976800315 824 343
-130645274 -450364408 2786 -277
-168223606 946556841 793 179
-596399257 516195762 2991 512
-320080431 -928896557 1140 434
-927007735 495098508 1901 332
-530050690 544312489 818 -290
-691027678 330675570 1431 -431
75609626 35121667 769 140
481213036 -883974972 235 675
697486652 -443370764 236 -120
-427722718 991386171 876 -768
-161916721 -794848489 1406 765
-469244819 -724314742 1621 184
73546253 -357170125 314 988
790642288 -519751249 67 -599
-2466258 88700972 1435 -746
-330679857 948825669 1101 -2
788848858 -476786418 2788 856
14935573 440129565 982 305
573841535 411456207 293 881
178338167 3839626 2337 -237
986897213 -407460612 2803 -711
-905935722 663199419 117 -991
146104412 -479965105 2212 19
-317367473 -82912181 1472 744
-192559221 543140871 611 -479
732193440 408974455 1918 -490
-258857691 625395488 2129 -157
-362012050 210069434 336 720
592755158 -414341240 1617 -290
954867664 -204867752 74 364
-443328269 -108714865 1308 290
67344820 -356376505 132 704
683403774 881429213 1183 -344
571707045 392403034 2858 -169
-14147251 281544551 761 -159
-201121671 -205945911 304 59
785367517 -232895577 2144 860
-274063588 -162037889 2313 -162
762505287 -91055197 1280 -472
-216779778 990302891 2367 696
911583237 -778290370 177 228
383611339 899715752 148 982
800831007 143748250 2173 -268
689962529 -703721472 497 -704
334023951 -545432462 1860 471
-5009032 -674670755 1326 746
-623121954 -494246151 1699 362
-747057846 -903212262 2290 537
509607914 778638658 16 491
-905368759 -46603569 2491 -14
118076772 -914480199 130 580
-142688552 295951022 992 -501
311208279 -487407365 2850 -68
503502943 149166990 1768 698
-268756429 643454540 1219 727
340799827 -956606687 1038 147
576575816 -225173273 2284 928
-306666381 798743646 937 940
-401295056 -747506387 385 139
-449821648 -529936488 403 70
317828444 -619993062 1369 -114
227477357 978643367 414 -574
353151356 -443052655 369 28
-206758718 -908990808 2323 -805
-742518852 -400212175 1406 -850
-909239683 657055689 2867 -623
-114624009 3820896 1616 -323
883394390 505974028 297 720
940961890 66722465 1632 194
-433438463 230157523 908 142
3735470 463867794 846 -880
-391112767 638647826 916 -805
-956155182 623745659 1406 -297
-451347989 548497177 2095 552
-18213448 586146873 532 792
-312851625 452545268 1263 -83
868881024 660061521 1544 -428
675950977 -509290571 793 220
742353345 821281803 2861 972
813975351 -825689209 2602 -817
-118839753 -153947444 2139 961
-538360696 -297163105 1473 -803
-600261777 -463669381 193 -247
-677833102 -694801323 778 250
-215604869 590038022 760 968
356150884 -372158605 858 -30
28490714 -219683323 1832 346
989376779 -134948194 255 -223
-290687997 10984778 2473 959
102840019 454071348 40 964
907269572 -458240388 2954 717
-50757443 962570852 2812 583
-513207638 289409674 1153 -7
575026645 596083878 769 882
-627820041 203070484 33 166
556671465 -187703586 1188 12
122599393 535524187 2705 268
686335795 365734326 2381 168
-703013236 -388470560 1613 440
-637551315 -408480739 849 935
-514407226 40793472 130 -818
799218382 795890057 2784 869
-142434612 -687979845 875 599
-874362803 -373507 163 692
-933789077 -756366351 377 -140
443575875 472018756 968 636
659227696 -268716133 2419 -522
-839685381 -510157521 374 148
160924308 962914305 2611 -524
839973453 -828799225 2365 152
429731461 116019113 1426 -241
272079347 469050828 2006 127
878766717 924341589 1098 927
-285900466 371147009 397 788
590689767 -319777234 1920 366
-418549082 -288347249 435 -707
787428796 641099116 2444 789
-935388587 -588530868 2277 -500
-687729444 478847262 130 959
404842035 -709952009 1920 464
-547796865 -120498193 1246 -29
896297565 -664643033 84 -218
746890357 366194826 2650 -660
467785222 530170453 456 -646
284914852 388383932 1812 -1000
-793211925 536849826 1063 -563
996201982 -781107242 974 -956
-903966018 -31474715 968 -896
675306292 -16973322 1613 471
-118830587 -50019332 1479 -898
-793627952 -730342933 560 -245
894211117 -487684432 2410 -586
-519873405 823917481 1675 997
704892706 101254901 1764 -886
-799953912 349473109 1354 411
-698588563 836314762 1653 664
224303285 -851872014 1363 -260
-617687100 -281584481 2319 859
-670995234 -292529994 1312 -3
243762141 253203849 1217 940
-880850719 624915112 1733 156
991255206 -42238423 302 638
806384143 -983250581 79 819
-497206941 987129671 193 -322
-494622594 865703679 912 -723
-495688346 -559416158 817 -309
-46081496 275715468 300 -86
-839894218 -136852207 2166 -258
479626975 202638839 215 -861
920733194 -95852071 1430 -726
-382072180 701578029 654 400
351945691 -209834928 2570 -246
771830132 449011937 316 -488
-414677669 -691458811 1886 725
138042202 960096949 1058 -312
-781592068 -134114445 230 703
465524222 -57246666 2816 -501
-663001934 718285125 573 477
-837191852 49642241 466 -936
48972499 807528229 1831 293
752576354 -123315217 948 754
-481792718 -492301236 840 -660
-401715695 749951371 1074 941
160811223 -345479219 1787 -602
-640229215 235405248 230 -170
706797951 -172946843 767 904
610389453 640189962 2426 -688
-722419456 -69641212 2639 297
-516119578 -670653052 508 617
216518825 -588238571 2523 -138
-505361970 -882160741 2656 830
-189989587 -632149316 633 -740
-814874834 190076782 733 -94
-982558270 -800993896 1534 88
256115552 -386759529 520 -881
798711811 -55745660 1159 769
-999508417 -613579168 753 -596
-661029018 840071196 158 0
707302552 -570763672 523 340
878704635 753271810 818 -245
858656821 -154610758 1977 -878
-981994945 -86030769 106 -324
-491333020 -710610701 2305 993
-456782172 343664322 483 69
337829301 -754138615 1766 233
486519494 -683518120 323 228
-763104012 249127019 47 970
-73013746 39679552 56 -655
-596966644 -436900450 2445 53
-820779974 416212774 746 -619
-839723567 586824689 2929 362
-424359111 771141365 2713 114
-147919075 -787777041 1770 -74
-886590552 -701900598 715 764
-647144799 107090749 1377 -739
-62347079 -924865783 2288 141
-918095824 -168362895 2135 821
-125587081 651234079 264 -862
-533028381 -891521523 1456 13
-71752771 645281387 57 -782
761557529 -143815297 2213 -675
773544072 -168899567 2755 139
-23792335 955462814 2958 44
-187494676 198506527 126 -529
-468190517 996342123 404 -934
624747972 -951821305 338 -9
418865026 176045182 2742 899
283759094 847208398 409 830
-954252423 -537830339 1300 -965
-414805552 368631673 1934 724
856771192 520836774 2689 -852
-910191115 52800822 374 974
-577747215 -370365516 720 -658
56713247 -224483604 1166 92
541153766 928164183 1232 -42
-524542460 -181210676 375 230
-893087426 -623603772 57 250
872490948 -836915104 33 -381
245553295 462164429 2036 190
605991668 -316920719 2430 -10
-752117239 740772362 2392 522
-119394697 39694912 2149 491
230064572 -720140658 2936 -142
-126607113 -287306479 535 -502
-10550129 -817309311 1989 179
686811857 -185049736 1866 697
-162716533 -112328746 1766 -634
-660368390 -395342150 2690 4
244546919 -959244691 1416 -152
-859374795 585358825 2379 770
246025909 411749786 169 973
-295258659 -547207727 1125 762
508893749 -632252431 1914 -707
-900079702 -426335264 2270 -524
415124886 404932974 2527 359
-127318503 889798089 55 -185
74268745 -141065244 1261 -384
771359453 -535227078 1060 -330
882274357 553379099 1543 760
-727689257 -202988450 920 74
400297502 640846773 594 -440
102078533 334401799 631 -294
163979305 735854065 725 949
-913726615 -157103945 218 732
409790654 -531383979 2996 -862
686042699 27982401 460 -213
-246063026 -965911733 818 870
3564377 392984089 810 304
433735810 263555501 2649 -212
390303474 901831025 2171 -640
-238747938 753088690 1994 510
678127591 616173425 1782 754
937328304 516863562 882 542
311998831 721103191 1556 -545
655616228 975264462 1616 25
236051408 991172435 1523 168
-955168714 -35359047 2853 -842
-810257798 -950377978 1695 905
56429882 370372516 259 -297
8799550 -651386141 312 983
-213156409 957337468 2379 22
-772974236 -358557899 2416 969
515593332 991007019 714 -847
-508407903 -552530547 1516 -294
330642894 -502801290 2612 -463
-755527971 73314180 1043 461
228086524 50742399 1989 -30
492976363 -277409928 2912 -260
-339597584 -608995182 470 509
-931324665 995881300 1368 -176
-389099236 -75650402 168 876
-277700989 -188201299 845 -861
232686728 -500602171 2844 888
-584597010 696141998 1621 108
-228194119 193030505 373 -147
-777645940 429387457 636 257
-218492726 -50939812 1666 979
915618221 476149503 1161 -690
-317701471 104430484 419 886
-51466783 706352698 2800 -630
78029629 -718722713 179 -598
201304879 645845544 763 -19
-932676197 -762704513 479 -342
349577773 946480597 1812 851
877249862 -357970697 2736 -798
191710280 -165256162 177 261
73138739 389733558 344 -171
-453936389 -29364143 923 -424
-995720163 -534960988 2758 -722
660192100 -897452775 1380 -884
-218836578 -247589992 2398 438
-923192854 -310296673 805 442
-560217720 606782635 1843 -234
-727180167 -551212427 2542 597
-791723241 415188169 2926 240
875684152 -488370974 1321 -401
-675951152 44288362 2845 969
244117773 274322408 2419 237
546299888 346618842 1177 -164
-521381062 -524707840 1485 357
644109002 816673568 2305 543
-133837324 -173560571 1652 429
726943537 -536688546 2533 -411
-826920146 -331811711 1536 -267
-579424713 -874679357 1752 -122
232388589 -479319545 605 696
-837612590 -45432275 473 -429
-154525465 -974204537 2392 388
807071025 982893993 1594 682
648666412 343495059 2174 -192
-116042838 -625651362 1461 -296
836559249 279175337 1406 -575
289528969 -189552565 2645 647
-585812197 -503815664 975 228
-308388630 500082414 861 -845
-492998119 579147541 2718 498
725995358 -47801216 1177 -807
801207614 -761618852 2528 32
210311969 435652158 1416 -136
-449078738 -909707270 1289 -26
155790204 -495538907 2803 -307
750535417 -949203386 1778 -981
-682069533 -461323207 2642 -214
-543525023 876932714 1218 201
966436857 -209839829 784 -957
-432792873 215948440 2846 916
242407883 -448140913 1228 151
-745039354 241774080 460 164
-136079738 -231422096 1396 33
49568965 34566485 668 452
128751306 541982284 1691 -763
829737853 -859916175 2435 612
-168781866 531213064 2338 90
945864699 803513862 733 -290
-606690669 -593936869 1097 -517
516038887 415221980 1411 -189
336772947 831179664 402 -129
243617280 111377895 1117 122
408282413 -424497225 805 950
111174999 -640047127 817 235
-760733642 375041871 336 866
117945170 973281190 1980 -495
59375552 -770811190 1679 -145
174783684 305477949 1767 985
777822057 -47327666 407 962
260234002 389185309 2451 -100
-46438857 -548406239 2778 419
-575416497 863515336 2548 591
507238966 -123056522 2563 -965
134826990 279744223 2728 883
892457722 319536760 2410 -692
453964551 -34959643 961 983
251015457 -469874520 2827 -607
-579194110 123533847 346 -654
390758633 -240910865 1537 694
340590081 684180276 1177 189
957828770 -48424382 1909 753
677517543 846484341 2369 -749
191821603 -681934048 1622 -291
237273036 -14678827 184 -386
814085922 -668074510 499 -101
-759447894 -59650064 1109 -104
753732868 408965106 2799 -153
356064499 -283178688 248 -107
171007305 314818441 2696 -758
942908366 -615506680 849 -716
359339614 952185901 1703 -979
368462836 718361954 2515 510
132511250 287562188 2404 -43
-627834434 363518525 1435 734
683157551 -876596557 1293 -324
532302611 -563303415 1285 -19
-112031364 397325231 2215 -737
665247918 302566650 1545 -201
-643091194 248821716 998 -208
-258498981 637948267 1345 -815
-165438173 109689078 638 -322
-844551679 -155266310 233 -279
-864890029 128471469 183 -905
-316439688 -544731366 19 -514
753715133 -700336680 2426 201
383568003 323376713 2355 -107
-51927425 -705933625 2770 -659
-664756508 -737368800 51 -978
662468189 653099718 1673 925
-134710601 -114456747 2135 -22
552789705 957303877 708 426
942375697 663669224 1456 -144
-594581515 471917270 2788 -547
-790919454 -828195799 2113 151
-115511598 -646342793 1984 405
531933098 -4456617 1215 -338
427415926 -459392156 414 -408
-905904987 119809416 141 889
52744278 896436520 2060 754
-85816224 -965280456 2064 824
531905808 -580650077 562 -856
-741285859 869038210 381 -701
778953255 128836367 2597 -274
-536577007 -882704392 708 332
-144272247 187417437 225 702
-82736780 599509598 1104 714
794874249 335678738 2085 -253
-890088192 732721982 708 -398
-566061324 868377544 2642 73
687901003 947423152 2639 -431
-95120907 822345865 1989 -874
194153910 438918158 1963 765
-427656560 -289816557 2570 -270
942276132 687323862 6 -128
-328708457 463044716 2467 -945
-953600666 -990226872 2937 764
-415654636 -768770526 2244 356
981200219 188193119 2228 -229
-597042943 -180409541 49 -787
-717919093 421937111 1465 994
-581050704 -457097041 1954 370
-807243622 -684413759 374 -172
-995088784 -734523265 2179 -409
728663177 -861362981 2166 -50
-154485846 -797577543 1157 794
687018564 387829185 2083 -421
94823321 308491038 2762 678
-458522870 -721213414 1850 -998
711207480 -363647240 2299 537
-778067300 699398194 2270 830
172598579 602741471 2960 -606
-604979213 700189526 747 -592
216394814 98056528 409 727
992071454 690560829 2743 -569
208675861 464591430 1326 352
-185565419 -30491539 378 -556
943550159 301196508 39 67
-757165030 217537569 778 -672
-407428545 700792738 2506 -5
-140079881 -157525535 1186 747
338450909 -628941944 1048 548
405222730 164828893 626 -897
-729345452 27150382 2310 -539
283274622 -118496164 2479 -111
-580300762 584942562 2213 960
-602769150 -335369102 1892 -574
744233925 261597513 48 -431
340595693 789943522 238 224
241891580 -658674477 2047 -908
525613018 573826059 2784 316
737699532 943376897 1261 878
127435707 -434455719 1018 830
-355328784 -815658481 979 527
685303260 374055720 2101 -202
864702077 -576126966 2541 -764
489206725 983370871 2326 -972
-966184028 -612808993 1852 -262
-745402171 247149500 423 755
283355198 -291328322 144 -759
-800361622 18441046 100 -838
-19487092 715077556 740 -56
727953000 -870588836 2772 412
-635467871 -17622211 45 191
779520318 -96075393 1961 827
837213800 -521428790 2456 -578
-197826967 763424642 192 -74
-217731805 321420595 2543 431
68058338 -521955735 2102 -340
-625541749 565852499 2715 355
-299395971 -972457122 1364 -448
655233121 -104053269 199 663
-735085480 344158842 1299 -353
859491691 -594771469 1822 149
-117162988 -178915307 2620 -992
388193683 -898969141 2712 -110
11582182 751963223 2284 -692
218939406 886587275 899 596
-180392190 437600943 509 -194
74891995 -282576684 2742 -554
665097030 -306619410 1597 346
416425216 40453571 2062 441
-97261608 794851935 1060 -555
631053925 -422079854 2506 43
426535450 323474550 708 -157
-753860178 -155027136 1072 -524
786597369 462054994 1186 -70
524823310 889503707 882 -322
751426563 178322413 2597 109
-219738077 990943602 1980 -310
-829104883 -400405991 2502 383
995770435 78483347 405 -726
525829364 -427316049 1288 516
545981947 299843672 2467 426
565230789 397530176 193 520
-364881146 904490303 2892 902
-833180428 -629560025 882 390
-678307271 -729198343 1506 731
787661236 -235216540 316 -886
-789542414 -194616141 749 -617
-728460328 -656636865 1369 -507
831923034 -590990993 347 856
858392940 -485800991 1725 -672
608061149 -371544202 2682 675
-239878780 -238417693 1226 420
-766179834 31378450 906 -843
-430912192 -848696249 2601 859
597417841 849668232 103 198
-959161797 -594579288 1836 858
988625023 -293887488 1253 637
-36227161 508585675 2778 303
-174942522 928851783 2356 743
-24117564 -130119808 2306 -982
-871876710 -851091868 1461 940
-424270278 921811944 2200 391
-991788479 891380694 2458 620
-161246203 -49962155 2736 -878
-133199834 707202018 80 -612
388207559 -419311141 37 719
139114724 -593161700 1646 -999
-252329256 783057584 1071 965
-361832229 -352526011 889 878
-469867259 751211012 2452 207
359340805 881038651 2021 -755
643135129 248851607 2867 972
265487668 696526149 886 -55
806869646 341303847 2277 -910
461669819 -868019309 608 894
690441220 471317686 2770 261
235305758 729084805 1878 -32
-880382213 -586546150 1544 199
-611833645 -711885771 1483 -339
-672536836 505775401 1582 -738
-838823010 -228512885 1470 -744
-703062493 -634198362 505 878
362145163 417023225 998 145
353889713 444759458 2980 509
-796265523 -809470985 412 -876
-756913036 -69768457 1328 698
184224789 168920040 2650 -645
171850084 -297975873 603 -205
-732248966 -647490359 1603 -430
-950866995 555024961 1294 361
210924281 -550414754 1587 545
475508570 714692628 1388 -366
-334939592 111880160 1596 886
-555189362 991976298 1457 -349
175113683 960530461 2953 -357
488369729 413177865 2579 243
-388799763 -959996964 2958 942
109563884 485534176 2253 140
672973164 95456840 2982 545
-889670019 -417918887 2826 943
-234988448 603280683 2368 -621
803132191 607817631 2778 -805
-20358442 -614068754 2579 519
972905577 902308038 1287 -935
-934855211 -676473210 1662 936
-815392670 386704786 1209 -335
-120848361 -722978189 656 -258
862417568 59799670 728 900
-458788458 -382236945 1290 -979
-424532609 -797494246 322 -321
898422606 -350235236 62 -394
58061101 -395614635 643 664
634906149 -374061304 1030 611
423015999 -211026446 1710 -11
7724843 343957716 2448 -759
509132347 -904248883 2395 829
211874534 -386517266 1705 985
392243618 771494752 2381 913
-285019896 -191214854 492 410
992714538 -202604054 725 -794
-355229446 -439056488 485 732
167413313 563389252 2658 -742
-941897914 474476319 2986 689
-632633711 981852263 981 390
-276309750 -923205738 882 -489
-790684551 881336688 52 935
312217198 914546671 192 -349
600726266 -315043171 1097 124
-295482238 547239594 805 -706
-477230306 46784281 1876 -216
892078122 -305097816 1263 802
-595354262 -494866331 1217 557
-31940597 -858992719 2488 -29
-8897147 -518672118 2195 -117
451574862 249994257 2206 -238
100368730 -637729708 2882 673
863719155 876382994 221 779
-129774663 40630224 417 -774
-659972914 -758664747 633 994
-226740567 650505910 2510 -887
-946499305 -200995193 2306 321
322493727 820722210 1721 -554
-638096782 -862305143 166 -888
-920425579 -32278809 592 242
348501806 -525638487 2067 858
-190573601 523885035 2645 238
-753225934 630639881 2584 591
73371304 -927620041 251 809
-980998685 733914527 2575 646
538050192 -87255940 1376 140
-165783807 925037907 2264 -304
13678081 -460968902 2483 60
617300328 -973343928 99 471
550312875 268319313 1265 -327
209373768 503260399 2155 -798
-594454295 472828560 1360 162
129486539 -418452888 81 -431
-128947827 -76266163 2484 -876
-827197165 421133271 436 488
158108623 -96237188 1469 478
435728741 -893213545 196 -723
20793813 110454348 2687 -470
-141736455 961894815 2882 -842
-804941840 159620319 2951 197
-405507038 211657512 1096 -13
-285206229 823085003 1560 -855
-987153526 -409239138 835 -788
543011580 -529914618 2787 152
-357105407 114317585 2499 226
412725034 -934536606 2020 391
745740194 -945094540 2881 -674
-432675488 -545119230 2755 27
18569008 -80440542 2128 768
-403815899 343880364 1809 -11
-88498268 387311638 1967 507
-592129147 529515331 1394 144
-476965548 -134969553 192 179
544470613 531742314 916 -119
17234703 480449257 2579 -167
-19842651 351623934 2702 83
37982793 -582096224 2262 829
252171369 824466012 2361 -712
-195068392 -787427733 2682 -31
-41105266 -91798697 131 -585
670393591 151352143 1341 419
-256667153 359430277 744 -728
567590649 -535185255 1506 -21
-590744453 72039452 1673 882
-384015901 -546322418 731 -96
-367302034 -24235666 115 589
-705181403 397714804 1699 257
-831926014 687329075 1183 -752
-286772408 -190712867 1875 -664
-968908839 -460829799 1407 -780
-350785097 957421665 897 -962
-280948965 735385172 2884 803
547692280 67247643 2940 -558
412069276 -108993628 1650 -849
-319344796 -690462718 1269 745
-328676631 516247056 195 503
273033645 426822466 78 922
970488654 305373768 1193 340
-398324202 -745261249 215 400
715647896 -38664452 562 -690
-639296750 -207229992 27 -807
880765659 -34225877 788 33
-388251359 308245442 1175 266
-180862906 897150667 1850 -42
451607784 -251024279 923 919
776189210 -464980153 1545 518
899662003 962243287 1406 -813
409464694 -503871876 2915 -112
685948847 155543377 838 717
827372798 930203105 2436 145
-298240160 -773008655 560 313
-319268697 883402031 2285 -395
-967357826 -460178836 818 -552
580167394 434120147 2458 924
772458458 251197221 1546 846
122251144 676890086 1615 317
34851926 -974529242 1453 284
402864242 -435675761 973 -107
661906407 341773681 576 -979
123011129 -763172968 1485 802
-285269523 528597661 1575 393
523904946 -339944262 2001 369
600059730 552392339 447 362
-59545467 -808002875 1246 -13
63967192 -401794124 1303 -674
-728420124 -941745204 2284 -609
-232463133 62810449 1503 642
-294329400 226946873 164 -718
-829873512 -381190348 349 -461
230455633 603193005 1413 943
-794020772 -944173402 1354 -548
-45044563 662682317 2009 737
738442508 261944716 707 -216
-594021229 -938648150 2527 -55
-646914285 -61632769 637 323
338696741 -332134682 1876 355
-440908807 -719310051 1881 953
-704705613 705100414 2926 -435
444789017 -467621706 1554 -102
-702254193 -738887648 731 839
548049044 -371397596 1595 937
155977361 -736009364 762 -422
834468437 -814297635 1810 604
-49250135 -891102729 2871 -830
91653128 143343187 1544 -364
280265803 862635292 2907 555
846412370 -940943588 2004 947
555475204 338743277 2441 177
-994759512 -213517521 1444 -348
592439176 909279453 1591 -58
-995595271 -228534937 942 696
459834124 -184840876 1606 -20
-508479569 655935918 2767 850
-456610839 91774860 1519 -868
843043877 565752123 1819 135
-121852554 -897994024 1038 -757
383697511 257436245 279 818
-765980643 480231788 1548 -311
387433138 843006414 726 528
957946361 356571849 1971 -351
-930477481 438059329 2180 730
-571912833 -451101064 1517 -137
468862531 548333397 2281 -740
-619526546 -877392299 920 336
-798068526 700720339 2634 704
277437836 530511474 2816 -290
297225052 -707317794 2806 821
-228069388 518182932 660 955
14674181 -853186111 1616 961
667637217 -92611542 2569 -606
-442362605 443200351 1870 58
-312163504 729560735 1762 -934
972545710 -446411717 2211 515
896614497 -919415083 2683 621
755021746 -879171462 561 236
631698473 66178990 2675 103
428668756 -998897507 2355 242
-962453647 -970810431 892 -960
-256740348 220339752 2392 -417
-532686256 -845874053 1834 724
8908323 459460206 1380 -362
245015547 148825568 449 -327
9623821 379337494 1123 -257
-231638426 307888447 470 928
-417380746 -522588964 2598 71
939870145 -939128573 2334 422
-42514619 372191128 33 498
-995497354 -756812665 2176 -95
370729809 438404036 830 416
-466269942 635147162 1755 -789
-655680949 -704959264 1354 481
444318667 -572086788 9 -22
302156780 490064647 328 7
801347117 542482988 2618 418
-682975245 910796209 2531 239
-538792092 -655232829 594 -741
874644518 208682955 562 709
-397828446 -70738234 137 -562
643280083 215645137 2243 508
-810157839 614231456 2141 -357
123848004 394635966 426 -202
-965708349 645085173 1746 365
-996751097 -491692315 2911 937
12370278 -73083410 1173 146
-274142465 -828406791 1053 162
-632727896 86385351 1955 -226
225373992 860324809 1328 -792
-286714485 796091476 2716 945
556803006 -272814135 2878 976
848929888 -556627870 477 640
955222399 -457998452 1416 -293
804885626 596760232 792 -516
-331663767 -26226395 1141 661
-215088442 196884704 2768 711
-898759383 -747607432 2568 629
-484915741 810392876 89 413
914151585 331283330 2569 -834
-614553418 639028239 358 -860
191948844 639832916 1141 -290
-798694220 267035804 375 -661
-965458206 -240910318 704 353
609250164 427016484 10 279
779308721 -845510418 649 -557
-130805635 20055725 1435 964
871339424 609998911 210 -197
-3656345 229467068 2657 -956
723720706 -151299760 1613 -866
-158960670 -559311842 1850 762
165245418 304645569 2721 -591
337061630 400199512 1528 -287
-361025817 614180639 78 -90
-322871163 -96422805 148 -314
777236990 810953442 1266 -124
424042589 497216211 2597 490
-287020031 371555123 508 124
646087224 11705315 863 482
-773787786 -22039718 2068 195
-223031433 -259900287 2705 -749
-952084630 -214580033 1989 -21
688427912 721743917 2288 412
-456105985 -785285669 935 802
923032863 -93145553 2018 918
226853706 832102789 487 172
-121860285 126847817 2946 -669
-670264458 309437099 273 -272
927043466 699436818 1531 -870
978418986 153948879 2395 -498
472099580 -378605300 2567 92
-77769041 625603711 1975 -427
948916478 -937340496 1305 -874
379823674 -467015522 1264 582
-569366570 -940888430 2762 403
426606584 -138668931 1633 866
819681913 967618380 1389 -374
-31426967 -35435507 2277 765
957595820 -955058559 1503 468
-844806363 -888640021 1667 202
-298669000 513595574 958 -604
-518989821 896837961 2163 89
797945117 373198334 1703 -451
204519562 -775678142 1066 335
989722003 -361602744 2956 -891
421183771 363578089 506 509
501796053 -422427267 2361 -616
328911412 4853205 2978 -96
644179680 153116581 903 99
-863697231 591672099 1819 518
-131657711 901420758 2172 799
-289191616 672370751 1531 -858
-651150752 385017472 1721 -187
420795941 873250928 2917 -708
-861725972 166377268 1375 -886
147760718 855363342 2127 43
317640273 -122471051 2938 52
523520853 -802717302 1922 757
-5941206 536146244 2486 789
107713537 -720520201 1189 920
-315817734 671361329 1040 -618
92146721 555741923 2502 -304
-444174326 -837636098 968 744
175356386 403836952 654 -649
-755524926 -840319959 252 -472
-566068831 84980269 232 238
418339101 -132225578 1503 145
-565010211 -112308205 2185 -321
208116788 52275525 2806 625
830958941 -179557753 2595 60
-690568949 818107990 2419 -318
-875518027 439859549 523 103
-654383728 468890829 1416 762
100132956 -435380641 751 -95
213772162 262888298 148 -938
-996345903 305591292 1701 642
390671734 847819219 1822 -261
309069009 -103002269 100 121
-345983541 672753911 2206 338
414598187 -388189988 2452 705
643160822 540895428 2080 -923
-566296257 335928143 2208 -812
982814155 -203052310 2290 490
-964985460 -970452975 2861 508
603887659 -387255956 1053 -429
-6538284 532121091 72 7
380884576 -862555480 1336 874
479741412 -720774064 1156 402
810189973 -349188313 1252 954
-831567922 518683120 2487 -976
180005279 955823902 2495 849
-222155344 628249328 692 -230
-249735996 -506545537 1704 558
-126757570 144878036 353 922
-539806651 308251554 1533 857
725792572 265402780 2477 -447
-815191085 -445848737 2091 448
965433390 -376962176 1664 -319
-840342156 -975579666 434 -671
-998380171 382856406 1550 513
507864777 35925925 437 -341
583319845 353717732 656 375
-34680807 -651702477 165 -763
516628219 154892729 1596 -459
-251843142 413863621 918 58
-860185079 87328786 2505 999
151809791 -560447652 123 934
-669421551 -481928808 1836 -13
896843183 167449873 1544 568
533074593 -705512715 2471 208
-561145474 -536689552 2544 969
126663122 -767973757 1726 -703
-956630307 425916761 2500 222
110406779 539162986 2570 797
-582353734 205771689 367 969
-20982589 401992643 27 987
-196965722 -734219638 158 438
559182322 -701008089 1144 597
399847805 -38722233 2773 -926
-963956273 -821136859 1783 -827
-108268567 979915953 64 633
-819500857 -235984290 1721 -798
281570126 -965287649 1523 279
77470911 -952769499 1663 885
-712908753 408234006 1876 397
861696094 -179493843 2911 -377
-79978753 -69294615 2732 -817
153223373 709193496 940 874
-127891655 -381937734 419 -676
227337957 -589869661 752 -450
-267613996 532456310 2467 -467
-125351449 644209062 1985 -308
319197497 -647425714 2553 972
492926758 -967209304 708 80
819901858 -951694987 2367 380
-7974810 -676111817 1892 -937
-55389414 -584794689 1182 -132
-536871110 -944087288 2826 975
270505504 -32647355 2187 914
-658621131 -576279197 442 177
492599885 243583202 34 25
-707242025 -670371993 1918 806
584076249 403090854 2982 -547
396317451 699452842 2632 696
271880927 297876527 456 882
488092940 -3674016 749 539
652241302 618478302 1158 -537
870404211 -846859331 426 327
-178996052 -376909964 1059 391
737803537 378071885 1284 -910
-646526027 -75722123 1759 853
-805540786 752497767 2752 5
-796740384 539077042 2991 -817
437302862 -158672 2584 -603
57151655 -338164937 1864 309
-93714429 360958083 1743 948
67806127 476270617 1320 -280
119651366 443709914 907 934
86522349 707195459 1071 -48
997352438 -496987213 1219 -817
-404046567 857547080 696 -602
-815841634 -319238978 903 -515
-343505636 148977406 992 -88
561647606 788502304 56 799
127072210 112542077 2330 547
224786201 951000082 1334 204
333660064 91060342 546 886
154126182 -891692077 1373 -148
-24883761 220961506 123 22
-922080939 -791077401 1387 968
-7325419 223125595 2413 274
-840030431 -369852457 2771 514
-979266078 887849598 734 451
-883589238 72220075 2354 -779
672134984 -164425076 2634 -620
823457370 879092198 2051 57
338009521 -980541239 1916 -826
879933262 -92816673 1609 385
270630955 151240432 2998 864
553607258 -801074024 2499 159
666240949 927690802 1848 80
-357663803 -109039166 2097 367
850406973 640406749 625 958
-960094620 -713322914 1123 123
-366722897 -315137252 533 -546
105519194 -654399045 1463 766
-71191979 431536437 2673 953
-193148880 941406130 2880 379
710939094 383409240 2550 -638
-350943254 -985799795 78 -163
996487068 -224227949 2415 980
540467071 132550433 882 -324
-854416634 -226044059 2575 181
900912342 -250115170 2172 506
892283311 50007384 2426 860
-960267409 -181340088 630 944
-382941907 293073896 9 -329
-802968854 -616854237 1881 788
-246688764 718501766 2425 -871
11911527 221369708 818 -479
995119549 -7281683 2052 -458
-927244206 216233080 678 -370
-194180207 -722895015 2161 292
64013720 34986893 2497 -451
235162109 250631175 509 676
-107051806 -214047175 199 403
251536958 637658838 2564 680
710323693 -615083192 1920 814
244447668 416743284 1393 354
-321818186 -431566924 300 601
-961203340 732885403 1431 -283
-741171459 -481250102 1676 -502
341661192 175201479 1269 240
997712908 -623593408 2063 101
891418806 -413080109 1246 -511
-161697590 712862684 2746 968
-132475999 227410610 505 -238
-56932076 267817188 112 485
-730249593 887921546 914 -712
137693744 -41176571 408 -861
809286319 -708356672 2984 -479
-396205444 817227501 1111 -266
-758945041 573534238 261 -501
987308049 781739852 55 -589
-919784916 -289686623 1264 343
-194303483 662702443 1701 -993
-736935041 -371600085 2766 -573
-393293486 -575178714 1121 -303
492206932 790873774 2367 864
811438724 575324967 543 595
959708398 -475203632 2958 457
-230064549 -498998357 2614 -346
371166195 -822742504 923 -384
-437182848 791890874 1596 654
69900567 793988134 1800 -351
-271058738 815563653 256 -29
553531077 -507866134 2291 -265
-666416540 934498866 9 343
886250883 179374131 2730 271
610969730 696527769 1070 -450
254246272 686474136 652 547
820923273 -809154911 2412 -460
585255835 -831360776 196 560
-120503175 363252905 936 -390
735850407 -794570749 998 16
-639970336 66388043 2395 -26
-135350451 -333676508 733 -659
179920370 985835633 2013 -8
76626294 -64396580 2876 -94
48894354 906908703 251 -927
-536792011 171556422 216 -123
-867435593 -270350282 1435 -443
896480346 928258354 28 684
-780549552 598572341 2505 615
-587636764 -165019950 2266 360
-471994861 -920047382 1914 -684
-320127773 444911382 1360 -27
-533784379 -699670530 2838 233
-549934203 185017982 74 516
-880400017 164540338 47 262
709612699 575429670 1431 988
64956137 392163815 2196 -283
950877200 329209358 1038 163
535584505 -143003313 531 -618
-120966552 647106036 568 452
867231391 -408770991 990 -580
356485009 -239647823 2585 160
-317101553 428479954 2568 388
-569180485 -452560594 875 522
-560278661 -878579218 2574 -736
595918460 938329880 2353 18
904680111 839791563 859 915
-853529089 -987593971 688 934
-835007758 346584179 815 242
-377176366 970707828 797 777
837939694 -171651766 2379 -153
817605936 -829989424 1321 -97
-779293077 -922140690 2266 718
297891622 229988667 1509 -584
93365934 176341 235 201
-558562548 -168232078 2070 775
975607780 -413007659 526 130
-169968866 211878650 2004 -373
444463164 -865824902 2682 -341
-769275221 -869452735 1021 744
-208006377 189849913 462 -448
-999187374 -929414929 83 29
453024221 -379435256 2164 -780
844470673 472221218 878 935
-765369905 225908965 2959 645
-466540552 -989589098 504 382
-530373042 70915506 1390 963
603441013 -89772526 793 -799
117422142 -445998979 1798 -527
380352183 -646132569 1030 163
749234424 -968072987 1096 -69
135176493 -760057868 2772 569
-814070049 811597402 656 114
-589550509 641855208 1833 -335
25753757 -371380568 374 -859
215849901 -821700074 2842 -269
-766338933 341057128 470 -256
511647942 -555163964 705 -724
-748675307 621849193 1383 468
-349992660 -619063880 748 466
464839160 899746076 968 846
-925307254 -680031586 2601 264
558855912 231672268 228 -697
193335313 354969927 2011 7
852947690 674237162 1537 -509
-598472128 98798916 740 -890
116067933 -97803403 1683 847
5960314 -646741961 2587 -212
-190341386 -291756133 2268 367
765372615 784114708 2487 -529
-934282918 762052486 2784 850
-433099872 845794631 1940 -960
-697061993 -858112339 535 -424
-338304928 57988861 2507 894
-268374697 14309961 2501 -955
417431028 444106605 2911 -704
805383793 -365503517 1472 513
781461386 844095422 992 243
-496776936 -512354071 679 -672
-171776496 -750059482 1183 273
693880876 987450062 898 -776
383806083 252412222 1443 719
-290062690 -127391269 2921 407
-975095337 -689087714 1807 -271
918026829 52195206 2488 -502
298070026 -122796195 2690 -334
-88463363 -955925807 1133 -499
-690709869 357467440 2296 131
-309865034 80298501 1778 633
390636731 -85654585 1621 82
617079269 -579805594 2578 907
315090782 160168586 1914 53
-846187050 611015172 2218 8
-407135474 -157028899 2160 -284
-705395278 -905018503 149 -162
-236610659 -197708876 130 -670
-541864955 -628610006 1066 200
742999586 -51795195 460 700
-248143635 -209181196 636 -832
-218568193 827174399 2296 614
630973305 321622740 442 -655
-615631282 -92501512 1580 261
61514769 -273022751 1797 -468
915910179 -249595815 2823 624
846920193 901132144 2347 -246
-885838326 -32927934 914 88
-811671826 229678902 148 112
-803390234 -280235925 918 786
-611532348 622283203 1416 495
703480036 802302299 1358 -802
-425182406 -873940818 2189 808
292377066 -245091208 1435 -793
717226024 -357123577 598 -1000
-675255541 -660510478 608 276
521100985 -435849371 2867 -527
133979407 -937174817 2128 149
-212430724 -227785909 2597 -696
-325119381 667525231 2415 242
419823403 -626683923 1411 -38
835189840 151810732 1369 41
489545899 -425420222 407 -691
-997063608 317316178 1172 -881
-602469694 164952007 1140 84
947263079 -123285909 439 3
196737340 -343567007 484 -571
107339401 -296675973 1500 188
-362489491 661639767 1701 658
-321665394 954308984 2574 524
-145044349 -483372877 1551 611
345801464 -94239184 2517 -964
-985417674 -356169068 2567 952
-749302040 589711084 2420 -386
-635362698 353482029 2986 -146
-624955367 976600730 1540 -139
-894142366 -640102228 1534 -742
-414183618 199707549 1767 910
715551008 -106221921 1199 769
-464006297 -581457152 1800 881
-250878733 811545929 1517 -501
-249252014 202405931 158 911
-595119893 984101004 139 689
-544915170 -571105926 914 -88
-856438386 579261406 759 -844
391359271 84725089 968 -28
-608840947 -297627535 2825 -916
-365819804 -291437897 553 608
821984097 452521180 241 -35
690459296 88827747 2288 692
649798838 755200816 643 854
-463255569 993796404 1639 49
752849710 -770847837 1076 -692
635562210 952714423 2163 807
-152547020 -425997126 1856 995
-710410572 -873399707 1676 156
-60783722 -829807463 1096 -717
669962633 562296 472 980
-898761895 -244482607 1315 633
164527179 -480268127 1385 -674
-847762275 587300464 879 677
-815203245 529561915 783 347
588515416 945790044 2277 -198
-550295165 23788956 1373 -527
811284930 710753261 1090 410
229057186 592119353 2956 281
-518082314 -498800761 1874 -885
877444320 702710865 2689 172
511763785 539217597 1784 -399
-906435788 425834895 1584 -869
-108533407 -453608939 2413 -460
191688275 727364639 2900 417
169029588 -416991255 186 -865
-637924317 788698116 164 596
956560132 -340737766 1183 -211
-402107904 -996165841 1807 -676
136589759 301348785 2908 879
635028854 -302886381 2907 -24
-911031635 974124063 130 -943
-367406059 370689125 2784 -597
974763188 727495009 1729 -90
5939026 214717364 1701 -517
526192249 617375915 60 -718
-601447237 -248641185 1464 -612
432757105 827181871 1475 513
993646155 475996059 2687 -947
681126965 174667925 959 710
464068026 -379245210 403 -311
-231810508 -248633996 2594 -984
-472840750 695942573 213 374
-203741861 424406643 158 920
-434403171 917621792 95 136
-700136948 825222711 1227 -92
-750516135 948482089 51 -655
-738573280 -37333897 84 -927
-93577997 262592708 948 798
702962281 -778057714 2976 -962
615280889 -171933112 2850 -618
-943796383 -236055010 2566 423
770989620 -79143755 1207 108
-501809251 346724114 903 969
196476521 -118860281 137 -133
605314360 89664952 283 -997
-837117314 -466722651 2938 -932
560245679 -959368124 2512 813
881896101 -191577038 579 -259
818517021 415668760 2952 49
-831120217 -404193324 2009 152
-300321243 -928617738 1167 814
-180717409 743569086 623 104
-756426846 599610244 2420 -230
-463567413 -703926855 1292 115
167260907 -741734919 409 625
-657017661 234532305 1160 -105
-717420847 539474391 2242 -807
-275609836 -678146052 1499 621
-336020957 -841402548 464 -442
793761668 -649658556 967 -469
435783433 -461975211 116 -464
479973763 77227044 1027 94
-504315925 377522602 1451 -269
-416774040 -575374751 2071 -812
-215578434 577113011 1478 -734
-679239870 -243255138 738 -402
877335955 676843544 2085 156
829690762 136386381 1531 787
821091186 671769555 1613 -629
810135712 -226389572 2955 179
286036314 447657869 2244 936
-238829077 -485059543 2796 743
-122653097 494097985 1369 792
-487075902 82286274 2512 940
-642127917 240456120 454 872
-891411782 -406595908 279 56
-361256584 527318725 561 -674
37958630 -313811143 1812 -63
-329200170 352955659 1537 241
661695248 73492678 1528 969
-543538440 -511433903 1629 -184
-73395419 874864937 2135 453
-530200577 -474748263 487 872
-964311276 -41678482 2953 46
-789636190 167598175 1812 -729
972057225 -163384650 177 894
13331007 -135378311 449 35
832899565 866259991 24 528
690121757 -850601620 2776 -675
-561517411 -204956170 1578 -866
347365735 -590387445 1389 -302
348478648 206381098 2499 -235
-722923069 140056953 1704 817
-136552183 -896844771 1098 -988
-261334685 716811653 148 321
-463234676 687141301 1059 810
-352234737 -709214810 2068 -487
289323525 950280123 628 136
-701963335 -167425024 2837 -45
187759454 509758221 2655 38
-198372470 664490015 1096 -700
-29020259 -135370496 793 -697
930589179 -720976174 89 498
596914187 -632725255 1903 -413
-315780899 825960769 304 673
-671426164 538030180 1673 993
-528490740 150040837 2808 386
-915207643 -824536168 2082 997
-55540495 514265957 1912 952
835380897 688736451 33 -897
542384795 204637434 90 758
-387016267 -102094349 196 350
-133444175 609795181 138 633
-756100006 -418646437 513 -890
69640194 501300138 1535 -771
368439014 -191743383 2740 -421
-367766108 753591964 2575 -274
392458673 -106247847 2290 565
717105099 91046096 656 734
620148046 745112838 999 -4
231575849 -797668017 2974 -548
421835639 -446208342 2242 -214
-500749373 -348664341 2608 739
183834979 406162454 1749 136
597978559 58033032 2098 863
-742863519 -479458884 2549 494
-896686103 284522946 2147 -864
426865201 946989635 2568 -705
329796735 -440658134 2851 -223
720653842 78113129 24 201
-169616579 190781130 1663 -246
840677419 293210588 2794 172
277354736 -685408349 86 223
85327539 197184545 314 -307
467986843 -225023260 2921 -94
449841079 -246333298 1828 525
-105074583 46227025 1521 -185
903799795 185311571 739 816
524233261 827728560 1215 271
-169910818 -155239564 2762 -838
743407502 -695472478 1784 -106
-956601095 153613103 2337 -295
826307868 75332199 2071 -4
613394393 299139921 697 -241
800705994 568730242 2462 293
-479082562 -337132826 643 643
354220370 -516971748 1908 499
-415373446 -334343589 875 162
-837065902 -235200907 1920 -249
-536937883 801251263 2666 420
-133707984 -664697782 1451 994
360403232 663012344 130 -969
982249654 -11594179 2259 -988
-477592506 -286966612 88 187
492518975 100313596 920 -465
-295364020 -5406384 649 -708
981225504 642801287 2323 906
367547848 -59708054 753 -437
911110439 -114394109 74 421
512549441 520832601 1457 530
667164377 -604062103 2147 66
-655321699 860797270 1435 777
-674262274 347473024 1133 673
-775364657 -379285664 748 -80
-637594668 -36413575 2379 -799
526774704 -659995962 941 -567
144716083 433663627 1537 396
-256734680 -120505435 1832 -603
-812091303 496134996 2165 242
230115896 -20399633 70 97
-452714342 -237841578 2507 -70
351210310 538423334 2841 241
250283433 -950892477 2144 667
241761435 -111907353 2297 80
-790582716 -799365997 1466 980
729943944 -636747805 681 100
948050697 180012037 300 -758
894702615 -321750193 1836 -832
994573019 -578742644 2383 -642
-604806336 650107109 2639 132
-748189317 18411535 914 857
903103692 -28559451 259 -571
-978914386 -429498873 2597 -786
313233242 417423903 990 -848
417966926 -243323121 2610 -886
727436955 -380996847 1469 67
501613060 284943549 1916 333
-652498569 -90011104 418 -161
-65307213 278675511 1770 52
367980456 738103049 824 538
-341141729 830110860 1817 714
84490734 930768492 2911 -674
937339735 238051013 1673 269
-445186024 539383564 81 -449
-572331328 -202441354 506 -334
-694128787 416557032 2917 -276
943653364 394400369 2498 670
903958433 -482489165 2456 629
-352788152 510896584 2828 -953
267544296 906550344 409 -653
-463228354 -145674143 847 734
-226320062 -815992861 2511 -319
-852474603 929817422 272 -442
226381360 122332031 1493 452
626275951 -577000050 2772 -125
-96565398 545820860 1788 -477
-499990300 388862038 454 983
311032888 -320279917 474 312
866988622 778012597 1931 -300
295750779 179345480 968 -980
9684474 444312143 1510 -576
-136712393 302014972 1609 619
-682089129 -389039504 902 666
959044043 -815486275 916 606
529998735 514378753 1071 -301
-673802097 -294301822 430 94
-423602544 -761957176 1884 -137
885305762 -254958472 407 120
-638975451 -922477588 1616 794
-536683938 -816291399 2547 76
-593504469 862815173 2656 -702
667712886 -15014459 1569 -544
-845318255 680316667 493 -20
162890046 35914763 818 961
753581925 -270958052 1451 -281
-568005345 -508030708 667 634
-92207413 902930009 1663 -638
-727282755 -705832491 678 926
-855100473 -276518386 2650 845
478756465 -950127238 2381 -232
-61105952 -838143295 2956 825
326266151 301032379 1210 -147
511009161 -333786410 328 -380
-553298729 127677354 1109 -131
263783626 734744938 273 -766
-453894505 495006888 2117 -603
-11645836 -804502690 2559 953
-833157152 -71508321 2492 588
-430720912 982153675 1989 117
-385333663 -347038476 1442 285
168368945 -841370307 1259 436
595137724 972410303 210 293
602908072 -114008727 2675 -150
-681787957 -974056481 27 -84
805300258 896095047 95 363
-151378587 -110383502 283 -646
916367231 117911635 1218 -876
44323514 374330295 2313 -207
480893514 69070203 2645 -784
412671197 678702607 1984 451
73671971 547691702 2929 -104
732916608 -875234176 9 -184
622413612 -74998703 1856 291
-954096144 181761231 1168 -704
-830587048 -710444743 251 144
-421781991 -103201132 1153 -651
842664486 -93909903 1898 312
-749943218 36638398 2939 905
179645683 912141970 2213 -56
-991188740 -401055906 273 -783
827900818 -869398338 2491 668
197240916 968405189 1018 -227
-638739269 -496586258 2951 92
456207854 81321146 2995 730
208777627 -911062090 699 -822
713362733 -663164931 2740 355
388279877 -282244716 2530 -355
439061042 644291278 2398 517
515939540 892625431 2388 -896
177346099 623042654 1664 -371
843733829 -120941515 2761 44
-138378388 13442837 2426 934
-513648760 -898759211 1770 -416
438969399 -90223193 2492 -508
962932183 -698090919 1396 369
763934392 -120924129 304 -319
801111336 571087909 982 459
863335381 777928066 1369 827
-383632322 314888176 1727 844
330206042 -421074410 46 -974
455750771 -5997281 1749 991
847650708 -209078161 1984 -202
-972570659 -757317054 2277 -902
388179969 55821237 509 -570
832892251 160596193 1701 -644
482300362 -257756955 2850 539
-939528317 302996873 1599 -666
336845204 244145239 1668 -274
-217494787 892594283 1915 -433
433293195 86842425 989 991
352601611 -188300915 2953 92
639152158 -626447715 2619 397
-483203493 698934265 960 624
762734500 269515593 1499 880
-657218438 -244018340 2048 -104
9526454 -383580031 625 -965
-380854208 -618401447 2880 778
854493534 370993435 2938 821
-821160852 -628596921 959 -425
-896405160 -278100544 200 -690
382377484 -695616883 196 241
-10825505 86180118 2870 69
-124284220 -992250388 2673 -338
-515502993 -880442886 1443 -750
734457558 362526646 754 227
14790393 371821266 1503 114
-343749160 705127767 1597 236
190057496 -213942204 33 740
-262220770 -65014260 2187 344
-866594014 -738085634 729 579
18524974 -518818521 78 -259
201053183 918512332 181 879
49269524 329275455 1392 53
279987012 -179154994 1389 -425
130720094 218929692 505 733
-202061586 499491959 767 -650
-209423320 -287811291 1717 830
-514397423 -327400098 1663 523
-743875105 311421216 962 46
241542710 -110586200 1995 -632
772105699 -362789307 1030 972
-267005942 106720905 344 -699
-174889201 631060691 1696 -590
-839354134 493316515 2341 502
-765208894 -675122483 719 -540
-665484786 270566983 2678 -358
564913691 472662278 719 -714
449056094 -806913570 748 -745
83280112 -440501607 2740 -93
36209336 -44299528 1116 989
-781786467 591520372 789 -404
652975469 -935329430 680 -499
273376733 173115702 2900 -680
198620325 -600074721 2020 187
-507774903 -909067638 1765 806
-427054999 440939801 2980 -41
-164955376 515927145 509 967
-449619761 849415935 2515 -669
883418003 -9137565 1294 -69
931702008 786150458 907 -870
-94366859 514874093 1784 -42
-102918544 -439472090 2138 99
-809461437 699843103 1153 25
266787363 -158150218 1801 734
888774789 419804418 1076 -852
-356856870 8641045 1692 -745
-351676794 -731266688 2028 931
228826901 -844265940 2313 61
-170438112 808011044 401 -262
-628480733 -468924306 519 -727
636428521 624435325 2419 -388
947549460 -739939909 2826 -260
-558260467 743886358 1704 922
333976424 24167722 199 443
-935365141 661756698 347 973
281426031 845264711 1420 -938
-125926101 70251065 889 833
-784804544 -521854641 2141 881
-521919137 296974158 953 375
-656182794 736456829 1070 356
-229908344 323786059 1408 -914
-642565909 160488122 2119 872
783633889 518120755 691 805
313710569 384063009 882 -341
329672412 392742218 2941 989
155535689 672090837 426 342
-791895289 -686479616 2326 -835
-3568568 576874547 1843 -394
-240244676 -618530926 320 -958
759255845 802084074 803 -488
-420196600 274166212 412 808
-508954051 609513882 1456 -952
-974561676 991778535 835 -585
-737655196 152522278 1132 680
-864058918 320878377 711 -511
-746230142 791381950 2472 -837
-704334968 487627424 1758 568
377916248 589621228 2189 -899
589697955 -389863538 1156 -18
-97217770 -663652530 603 -381
-642477075 -941820357 95 -362
425859166 107202521 2669 -736
-303419114 -729685688 991 -689
-995670318 -151093914 948 403
292496413 -886201240 2597 400
-17499810 212090252 2094 559
90894055 138580387 2492 953
-141514402 -267451408 2343 -613
-66146852 305566962 1286 -173
-144414528 -169472907 2981 -230
493628042 -130460229 2608 -584
7905794 -827079896 7 -156
485968340 -890684898 2004 615
891050929 946789682 1926 615
307911642 192744426 1828 41
977534865 182878188 1286 631
101469581 133133106 633 -486
-596389940 -321568966 1183 -683
261469113 458777371 2452 287
-573641900 -858416397 279 -328
474591499 -706712845 1478 768
-400993051 -865004888 990 171
59377634 -66087221 1070 -561
947382516 89633248 2001 -665
469272758 -122894968 937 862
327245733 416158395 964 464
-428899991 715772261 2213 395
326103597 -735597065 2777 -866
-822285872 204993842 340 123
494488153 69639290 1803 -681
-364500147 969147855 729 -905
247322471 -62747765 160 848
76001513 -256985311 748 426
-687719870 830720669 1770 -943
747843705 -478976798 968 -978
-302106632 -942587204 2297 -246
671743875 298850768 930 -122
53965350 553855708 1666 637
-580778481 -466883707 868 -941
-736136894 -750193226 281 -998
-868336665 -685042299 192 831
-647437731 962966615 456 -298
-116072826 665181074 459 849
-426181113 729485417 356 -857
905629950 721021405 1483 -956
-703029728 754252184 1179 247
20847154 -296029375 621 -674
-666745657 716260744 1411 443
-6264752 -652650120 2479 -164
470611063 -555310471 2561 -675
-883951798 857915340 1601 -2
881932552 -144504666 544 -639
787451053 -642630041 2944 57
47193995 -147137818 2791 587
6606768 -759657452 2299 -168
422173806 290704638 1298 -644
638604316 -728282910 907 -835
-343719024 899094053 2249 169
825390475 221391328 178 434
842806039 791737151 2060 -276
-122431145 -366284716 2579 26
-422222349 617157685 1705 15
-62327102 -780559711 1173 509
706703800 -10206376 875 429
-733271570 123876634 1097 603
-667521160 -677351469 907 -281
30720075 -26721915 615 -362
-857270862 682332970 60 881
609691622 962038989 1124 -965
627248368 -766813649 778 -951
-930874096 -484695346 290 -811
79959709 -238002850 460 -789
486542085 517263324 2603 419
-855629868 320470028 252 -108
833294945 -409956261 2213 189
618298620 -218866438 509 476
801566823 -759254529 1659 679
80431770 -825056573 1702 828
-445227444 -612073978 2001 -449
624542202 -541402259 1721 339
909225256 998075759 803 835
754155584 217594450 461 -911
765644610 -269506187 1812 -209
-746934103 994530438 515 -493
870090147 552256963 378 374
-294246843 -578009200 1943 -163
277572013 16772253 2470 348
602504664 62648638 1903 -180
-442049021 -509653010 79 -800
-907286289 421735176 2558 -53
384748152 442207739 2625 -772
63238640 -822928248 283 -230
-53299795 679904712 1812 258
-774321287 -165531665 1838 532
-148499308 -613240814 83 19
444501809 -619712437 137 -586
-553939440 -177804502 2164 -383
-71946072 -45271151 484 -227
761945052 -952370795 1904 -965
966790125 -549028805 2326 778
-151567155 -240635250 2708 856
-492821389 -148365020 1629 118
48955196 -582802561 574 714
169056085 919870001 52 711
-220188858 -604730340 2306 -322
547321843 706858624 2828 -939
877857715 -103491005 1133 -233
-404452319 61025192 587 -233
177796556 -208246845 2930 55
38248427 158941858 2144 446
493396575 701364453 2973 -379
963354292 64670504 879 892
348633578 576046799 344 414
-237298001 -294832292 2551 671
904228392 634793324 2375 -387
-745394070 471728430 1931 18
-762792216 427743224 616 -679
578596298 550465999 2270 -187
-709261736 254095923 1879 -349
324487053 691957536 1336 20
-939956362 -433608331 2961 690
-273760269 989089077 1691 269
-668398760 917233726 2233 809
-249650691 807886023 1979 -701
-134242431 701077967 407 165
-804550244 -589151529 2678 -902
-160697940 -43628554 95 -296
882335637 882399082 2036 -862
411769287 102818214 1603 352
-981488074 -388435558 2785 529
-869136558 259032326 746 -851
432769747 509538686 1048 -437
521173958 208565789 896 -838
997250753 -245164855 369 -489
450214572 -948064510 636 -153
-454753891 -115480886 251 177
441934761 69877104 454 946
144940428 -36911227 659 397
878653019 626387427 1585 456
-742734527 -530980077 2653 184
792567896 -925675153 981 925
-583393942 993151922 1167 21
-408329722 -360673657 2437 -181
726284621 -59842812 2206 -222
287067969 23727929 1294 -867
-35960585 250123819 1506 -834
666398513 -293838328 148 321
-100940473 53085111 953 -984
713901559 163339975 1627 -626
-759988175 707535593 2342 685
-533669935 -379885501 1712 675
232796160 111566205 1219 -784
-56517860 -136721244 2498 502
-813619811 -237431754 960 -796
-443825806 344429323 2266 -699
926277288 -359497460 1387 110
-742071626 823260171 953 -558
-482358416 135169101 916 248
100429243 -929611643 803 273
-415979459 458835023 803 313
-234069934 -246186857 2018 342
409016428 -447180943 2965 545
873285989 -421700896 2413 -503
225140522 123686920 1371 302
505586127 -403034021 2948 779
-63303169 459539567 2045 -642
475393549 279557472 1864 795
-191201629 -17035092 2639 -5
361847562 -151383647 74 -402
-408164800 -514577917 488 183
-154378841 935744584 1926 374
97055024 682308928 327 -891
559595546 -986524002 245 141
366948455 -185093563 1555 -112
-775870587 817430541 1917 -444
-273056062 -787574353 2752 933
-421192412 -532509041 1916 -553
-528226550 749273171 2438 -77
-949791639 734603884 2046 882
-586456105 -303135528 2579 63
-316219222 -849820903 780 536
944513821 746462729 824 679
-920805298 699702816 1712 737
-489933759 -23639642 1871 -693
-558326088 537025986 2294 871
372164230 192398807 328 615
795995320 923326639 2003 684
-318596466 -823086324 2985 526
925243707 -983732963 1662 734
-495146033 -643863529 2849 0
499351827 705520707 1603 -687
703582211 778199993 839 208
-36587096 -910554244 2639 724
413720294 -425772966 2725 -671
-155243445 -107821332 1172 -158
-135304953 -742427767 1203 -781
177447094 -710384649 939 441
-139270519 -58961956 577 -329
-381960956 903793262 1614 887
-98710363 -902020921 2213 326
-853403538 260058017 1823 -832
-997004852 383688004 993 -189
-154215983 231936018 2492 -685
-610263349 294329492 925 116
-57379250 -319473309 490 -12
-176594830 -138639063 273 -463
-445415270 -267800853 170 906
806780044 959297452 71 61
-730217190 -975509588 250 774
-130269549 728272087 379 -527
675627042 326862656 2579 597
107978750 255767389 2639 29
225099918 -112395669 1783 -320
372132280 720578518 1591 102
-351997250 889816318 639 -278
-580373472 524500547 19 917
941081685 -552319226 578 107
-411812854 297436801 2064 -371
466478017 927984460 2869 101
-351966489 27025439 1317 900
-165005759 -33131837 68 -366
-403364968 -630462193 2410 -985
-47586494 319299400 2600 54
266429560 -548233629 1864 178
-435807054 225452939 1293 838
-81627897 346332706 1193 -974
221624771 -581612422 2038 182
536270843 170786102 2051 353
610062286 285188779 1457 592
-194284321 -531440793 660 801
63366067 -672967730 2107 196
265983221 596100440 671 -663
927416018 -423610390 2498 -669
540513933 316955866 390 -110
-848453153 854918722 22 911
3583824 -678205764 1574 21
-51717237 -816239687 1587 174
561656483 -517679184 2014 61
-133886317 -15613780 652 -110
-32926371 11163051 1815 -243
992691816 -985215753 2675 -817
-907091916 730756319 2881 -514
281776972 394225365 1058 433
-721007629 -913177492 2650 69
357169667 522839292 1965 84
33381175 762269578 1719 370
274139107 242637829 1317 14
864668934 -564220624 1735 400
-455723919 952275068 2102 -893
237011143 847752059 419 -649
-353151213 -88020177 419 551
-984744508 -756479762 2841 306
410620401 705170618 1591 423
-7949861 -496154493 1540 -969
-308430667 -369189646 83 -313
-316157819 618657123 436 -662
-538441513 952324908 686 -735
679338147 917238619 473 674
-718025144 561161177 826 242
-12231164 626186619 2670 623
110755596 52542047 728 0
-162751089 819826772 2979 386
587959124 -975993773 424 394
-430915249 573018530 570 790
-390270687 -508660672 787 336
379772670 -925091902 2587 621
-945236884 791175555 168 -792
-968726512 577054433 1898 -650
-159964962 -320847497 2671 -47
-53332579 593893157 2523 821
244419528 -574093433 2512 651
-578450141 -745842113 1991 -668
-595780448 251136754 1892 614
94544963 -514345364 1759 -585
342807865 -546212338 379 -944
55579186 -838081724 678 962
831347662 376345568 2461 -626
-496019195 -858031181 2416 233
-570222521 -370387189 55 933
-166114365 961974052 1807 -412
-458158971 892530731 2867 594
-441796723 -177388420 2978 -163
729157217 -135359482 1585 158
924807095 -974862397 347 -574
-290811057 -180479220 1602 -444
-435541431 -56532958 2102 994
-597053557 101641584 1838 -879
979013111 -937588554 1740 -872
-824892409 284562662 1115 971
-779064657 234769909 2126 411
-101890239 481764413 1302 -386
-985714073 -602330583 2803 438
-720746380 498378036 313 456
-831709985 831135032 2144 172
-720261483 324900812 1539 895
-216145279 898389653 1096 -809
703308340 190451158 1441 -357
309210127 -930080008 1528 -38
-842376387 -743622080 557 -753
692831740 -786038466 1027 -177
592807979 852666483 2602 -476
-185063930 642688899 958 728
820517377 485217372 1282 -524
934182138 -666371204 2467 147
-496111482 289971584 2495 996
138838734 114751066 1677 -363
-969670230 902513607 462 211
516752705 985706317 2475 649
-531840660 -824668032 2634 229
-559255407 -350228075 1881 16
936881425 571550937 476 42
-209591362 568052548 2024 710
-384463638 -813038930 2412 -220
447025814 275561525 2640 847
613416079 996330215 474 -91
459994836 810149236 1338 -19
151691446 716912722 2530 415
837674675 572961444 2248 -938
276834428 -850781907 2642 972
-3072042 -317228452 1053 -25
-39394542 482935725 913 -582
-939958858 -634553299 2102 -90
935207050 978431504 1784 823
-861568004 -254522752 492 -463
-569219595 327264240 1336 -823
-442454408 -298935516 2057 -89
-627260952 -148243430 1169 59
266799651 -190232631 654 -764
160810671 82588238 1579 78
-906474283 -290779175 1530 857
-772592687 -915000012 2320 -134
-446733784 -376308060 2011 -451
376880519 634312635 52 -756
359860310 -584039504 2945 -474
-280282324 -405381353 1510 839
-295020287 532649071 1720 -719
650020835 -392221397 861 -702
-493151988 -852381502 1593 -662
-647251504 571230079 2732 -583
-62372510 273533451 2794 -720
-42070289 -422589455 809 -908
-26363977 445216052 2911 -520
-669382213 530804659 990 147
-739965329 613628436 687 -336
647406990 286756013 2321 585
-72150211 944790575 1027 -629
-246368473 486317636 1690 642
-932500580 887076192 1291 -482
-803658496 -63461208 1124 -675
155025833 375628153 2285 -322
-458284163 143271459 383 661
-959678558 588163261 1385 -692
-702554144 785310852 1179 83
985699376 799497450 1767 430
499011169 -570339691 1546 886
-241190857 285411332 1892 -787
380458538 163229374 2755 -914
374029265 658907962 1482 -985
826039451 466854089 1118 -334
-681676814 -47687717 1412 117
-365848676 562195484 2976 -183
624551980 107528830 2985 -3
-964931395 -494104256 2942 -17
877813651 583588307 234 -681
-989159200 -369731585 49 873
-754115567 389930748 358 522
728973315 -354671390 2084 -522
271787277 -934732193 163 989
-8014939 -867561413 725 159
-82646218 512029885 396 880
258735527 729658374 2914 399
-426727518 326181753 739 442
-709532262 494815641 1183 -948
-766226232 -713483678 865 27
648847537 -885845666 794 -732
142348498 -133976255 2663 956
776954022 -138002406 797 -949
-722546309 -562735752 2381 -451
130837558 -594305608 1173 -176
-324010949 -574905036 1140 -297
-812776136 -293132622 2549 169
441766721 -429011279 2953 625
-767968828 -868706946 1398 -754
462132741 320837221 1765 611
-478030057 469595798 1533 809
-190954666 297047786 515 -73
950362671 648213241 1316 540
744573493 52373444 1522 -628
-67122970 167466319 1021 662
-412923239 138692497 290 -737
430973796 -726889248 882 375
-674609607 -663983301 2705 456
-573564517 84395214 2102 -835
-203424091 -706061216 1319 166
994387558 -748458453 880 82
167074143 716980151 1590 368
-285513706 -869796866 2102 144
-953481390 350420241 2097 -650
-880426499 607698515 2467 905
626117168 313364524 2556 443
-949845887 -669529297 1918 426
-780283870 163214740 1150 925
-930171346 -460093864 1278 -785
596780485 -444579415 2716 -973
-624322707 -715739682 1971 915
448819258 588006177 2320 -328
320551087 272423263 1354 407
-739884497 -960863528 1369 -329
-760413137 51737214 1398 -434
728481615 803660120 624 793
931297261 749019973 1461 47
589508658 -414470112 330 -816
797547021 181377239 1039 751
-859311491 274465248 830 -646
-839932730 232023852 1881 861
124845371 -292038218 1432 871
-670476673 -368660717 1456 721
-919533777 -947903015 62 -950
-307350356 579619759 1232 -370
-406444533 688932875 1629 385
194908464 -596829838 76 -544
318788834 484887328 2584 -977
514800079 -320733892 919 -413
-66902397 668679610 2669 68
-880436543 -926758745 1871 -460
-866250016 947091566 531 774
101059628 -118688693 73 305
796034538 708498303 993 -205
-408872607 -881859005 148 231
-348249280 -17436105 2671 -687
-662974532 8822610 2166 573
474838962 -507317946 803 -557
-809611459 -647319904 702 -700
223098986 -337497153 2740 -274
-206886019 -248063981 1972 -337
-643744125 643449333 823 313
-541354099 854004363 2085 -719
-24838812 146744922 1918 60
-482235467 -300318655 2856 236
-71909567 89352406 1631 -119
872692052 -31360131 1281 247
737182983 540930877 2730 889
-864589384 778496465 170 -726
197729881 -63614121 158 160
-23058893 212786307 2483 763
-500454980 835715407 2020 -350
-883677698 130863053 98 861
-932645366 163030002 2252 212
-464081792 185156227 228 439
-611225198 -292615470 11 457
837790064 -9096255 326 -812
798327437 332251858 183 -352
831828114 221342828 2109 619
832344267 897931605 1535 -158
-900362516 -664644067 192 565
535883577 300086162 1282 224
91709685 262438947 1587 770
-926223167 -961934102 1575 -695
11254255 242670078 2288 347
165076034 -7610341 1050 392
-405765590 -258422858 380 -742
296152041 159189250 1049 -70
606597307 -366026616 1937 -932
-964894368 889529520 1926 430
301092768 -851105425 1469 -902
-43273150 -460897339 2826 -505
257157186 -264199265 1866 336
-340119469 334073817 1455 -834
25581955 -263089489 252 984
824352647 751060367 715 -425
596657698 209476774 2368 202
-996814798 754954 1132 708
-613314653 657346631 1267 -504
865037789 -550838366 2566 -558
-564246982 -30141656 1503 -595
-848737598 908983552 1980 -996
244184236 -86903771 252 819
905535872 -833938275 2802 896
677671059 -66401280 1560 734
491173105 113841944 2945 617
-613423933 898462702 2062 835
926293132 -587090520 1621 137
-414680109 -984844421 1419 134
-23165204 -712869969 961 389
942576489 935194045 456 104
-555667216 -284718661 2665 -75
658164119 -648171979 1016 -738
308062480 -918151741 2462 -777
-431961698 -639338910 1852 770
-454855165 -828068136 803 113
-202720413 789342989 2894 -735
-881557649 543170590 1480 239
844467630 -90977239 535 -568
69892443 786667994 100 917
739999862 412574865 1001 966
258761271 475089366 299 134
-730599551 -592195733 336 -184
-693804843 -745274606 1080 852
191236761 -850680762 2282 -985
509440089 -85394480 1898 -376
-771455503 390426834 2004 -971
299825848 -668182582 67 -954
-871435684 404618674 685 344
-921056351 -25970568 192 -763
924660162 -248501131 1898 -35
852031511 -364164923 1521 -595
187423503 852367810 1053 829
443137028 -670707839 652 401
-777267103 -115342165 2515 176
367197439 -268316106 437 467
-452783632 -156612338 962 -462
-828836912 -965116876 469 -151
-515186221 -644380700 2199 123
902972694 -68493156 643 -283
-484408124 289157227 2271 -607
123213859 -751416810 59 378
471359324 -296379687 1014 -311
551900359 702079839 2391 -105
298493024 -805366500 805 -564
-163928077 501094233 993 263
379569855 -850973476 879 -433
-711905347 -414725247 1603 -382
-395115812 -174642200 1701 196
662647353 -828123921 2502 514
-991908196 -391405126 1812 966
-156757278 629649253 1503 -3
-80903325 -471998814 543 32
-335450883 -640728624 2574 775
227181155 465890373 1819 -374
387123056 -41020529 2816 387
-186422842 369185718 2515 -935
702891749 -658859120 1217 -560
-258794988 -843753085 408 16
-680928229 250054671 1068 451
777064251 14576492 2062 -739
112598734 -259911048 37 -760
565337964 558390317 1315 -271
-845311926 -860759984 891 -808
-942945271 -672511880 2900 670
-620140463 566552235 1405 -962
768174753 730040265 218 605
125853494 226190761 2674 542
672017327 -911101838 2817 45
107942511 335547650 1822 -862
344227748 -113790996 2499 716
727351477 -556914309 745 543
-813985303 587113680 1812 946
484141673 229169015 1212 492
-824526353 -882003050 1337 -704
530486494 3359651 317 953
-647257354 909145585 1402 -806
-876932823 107709445 864 -40
362443746 -521334763 2084 376
60621735 14614177 2965 -135
167534061 325842775 1714 -952
561559855 -35237908 830 -275
-734540675 119581054 2122 445
135626059 -338909494 1943 550
-9532462 -271789063 2060 -508
508939696 894451814 1319 637
-749234725 -880878487 1775 230
489476250 -28932445 324 -761
-219111724 -982391089 2995 -916
-790145732 588913031 1089 -294
788107429 -609935901 920 531
-873379288 75469457 1030 -597
-593170076 973625962 1160 -953
-441971247 -687025457 2294 -276
-324944944 589701703 186 -532
-635512515 -371871801 80 -664
600377663 486344340 1308 -789
110241044 -679256504 1066 -247
605811963 -21511898 396 -418
-359864886 923702634 802 -726
-470638875 283787976 2864 -660
168661972 780047485 1812 440
-939154978 -545231540 1162 -649
-131978626 -941431155 2855 -914
438847400 175429088 537 474
38148060 180439760 1914 -164
237761097 250930597 2105 925
-890483599 917640059 1038 16
959236353 446300454 51 -512
861279231 -365019236 2022 865
-447210893 -116280565 468 96
909267418 29581257 2866 714
-784481692 268374883 1252 247
249276062 505142624 178 -214
242077442 972992945 2856 177
440544725 -769416849 85 110
-609844699 -805841977 473 253
122518223 680429715 2845 -172
905170521 468813505 1069 -395
773676265 -185997782 1723 -810
930529029 -736272662 1076 975
940999749 -205979535 2050 -681
420136360 -679270810 1475 -761
-190863710 -510072223 1090 -900
-797903752 210550380 1996 -645
-687829852 -6081886 1393 45
-691339938 289666990 2392 -740
451083140 266510582 2298 277
578982394 680200640 2886 -430
802259769 -241837700 1269 -835
801706253 299121131 644 -439
-954948666 939655780 2661 -464
-538357682 -930479203 1848 65
765349384 526161849 460 -947
-403521111 934208567 2557 -950
379727986 -954612110 630 -90
715516442 -590843662 1506 557
666781094 -912908040 660 279
249029625 -704919599 2140 -902
320313706 -664843027 2290 661
-297201241 836340583 2854 -273
67229616 384600699 654 -579
-339600660 525329070 1961 -102
822468709 -397185368 483 -128
568969279 -186332340 2215 913
757453544 480769767 2574 971
-471806285 -608374866 1263 31
-626547230 -227580315 958 -331
-563472648 860067046 100 239
297963795 741027680 2018 814
713782235 -216498870 324 -962
996221811 -802921805 375 448
-628916302 -878245536 70 722
854515081 -90062462 1875 824
-864586222 616008856 2368 718
-32290033 91888097 729 636
944184759 -326793013 922 -588
-100300418 370584884 1038 -695
511325283 855669056 2060 -988
642510729 16293921 373 579
-1876347 -788368550 1901 -815
301585155 311934760 2482 -12
366384536 -985926464 1565 -434
429774267 -529511308 876 928
-713055138 -215592803 2482 396
-231880266 -939331015 1508 -245
938761659 -388580914 1358 693
-615884488 -629234226 849 648
-214332985 151695880 1863 -253
-390165893 -131209219 2707 14
308388478 483767213 1308 278
383910961 631664787 1804 -493
581081909 928273553 2547 680
-276532154 838597700 1179 -959
560272365 -54330220 573 330
-664851006 869652417 1904 727
-334681136 -145929543 2306 393
704449473 -405745889 1863 300
750900108 -208081712 1392 -400
216934646 361450092 62 -461
65512214 806856050 2629 338
906808446 -658911599 2597 -75
214698226 -154426868 2407 -421
-795904033 -397259236 377 -904
250464259 -672267117 1528 -770
263702457 -304687296 1244 -121
-409228584 -374130008 1252 276
529624435 915784621 37 -786
-819851038 -226914477 1255 105
-826895571 -630238677 2479 675
-11527276 840116339 2414 889
-305655702 -73261907 177 -629
655379953 252618784 2567 -326
-156755790 971524598 1123 545
824532741 -274988407 1770 -895
-690245050 744883658 1365 -918
695439921 -47509348 1290 -89
293511599 -596630901 46 920
434675674 959914009 2045 284
594124482 -484555685 732 -710
-693728036 150690098 1048 -877
727220976 -588749252 1096 -554
-457975092 664872069 2845 -273
-109139336 -779937696 2225 232
-509068827 -554735258 2050 949
183741658 -72459902 1682 -578
998183473 640705310 1298 -786
-23740109 -355551374 2441 329
33041142 785892964 192 666
135045679 -584763315 1232 -418
542616151 -727357008 880 252
131950146 430790060 1081 -302
-583273768 240673355 1759 836
-20596157 304112326 0 -332
532462003 774311674 668 183
602974857 -40504924 2690 -476
-641394934 368650933 2237 -486
700199393 -206410367 11 -623
157724740 321021676 74 519
12284805 -854258723 654 -536
821204521 998107124 1149 -609
-640267853 -203643240 2882 -295
99572963 -103373573 725 581
627317845 626602897 815 -118
-1561719 983070660 1930 376
-824658946 -172888712 2167 721
-474563780 649656211 991 -703
-802226315 764228243 1717 -66
-49322292 182633085 1746 977
838252101 -330267425 2233 -520
-127230156 -290567992 1500 161
856255176 336322422 1590 341
639842476 -436820774 652 562
-345870410 -133369250 699 138
-178733789 -212705052 271 -505
-952917949 455386072 2880 -649
-9546054 -930761144 6 -68
72419867 -793537762 2071 -749
41539551 -352598523 2594 844
-805722005 282318061 276 -972
-538927594 338276117 2530 -77
866072719 574585171 1955 -778
-169655922 669415617 2136 507
124269922 -182890523 1110 -888
-752195868 -437989900 1030 68
-509641944 248960622 852 -635
332354683 -358444116 716 265
-401368740 -602547762 1773 959
88479546 -268019566 316 720
-741138906 900522977 2728 106
-711197362 135775147 1632 285
-644033860 31975211 1704 563
914354375 -565000877 2071 608
234995155 -471321379 2043 138
784206166 -877636443 1470 137
-207776108 244225986 1726 -360
544059493 893045086 1386 433
244784509 936290589 868 38
752432750 -552396494 163 898
758554000 -796318556 818 -390
848430689 -301913078 838 -381
-45802604 -248538535 534 -159
638523561 -199846945 998 301
485455146 -567163686 1057 -367
-675622370 854957173 2388 712
684028362 -457972535 303 -813
-180738117 -797579448 1393 -945
994708978 -633542877 2426 -174
232732825 716827818 1183 -859
98025942 -544682418 1300 -710
643915069 -920803284 1134 521
754571322 595877109 1321 -317
423928831 -296447103 2071 161
520903019 551643152 1770 -983
-54811135 -903038261 420 164
-933789789 -445393542 477 -586
8407374 -796799805 273 917
-639314009 487786399 2666 -384
302968864 -256360968 1759 113
-375542730 522364706 158 -471
244602814 -426647131 1657 -198
629658187 138918421 918 -191
943827646 -474136737 1866 658
306095283 -317672980 2665 -383
932806445 -91040437 2177 342
772399989 720230280 1236 661
991865117 -297830722 1127 797
-95795540 77836774 219 904
817083418 358823096 2770 -529
983803884 326839781 2208 658
261847088 -595532631 2956 980
224028833 -272025877 1666 -311
855540032 -331819365 2705 -115
-237179873 -903711250 1451 -439
234117837 51874498 2886 -243
-986809431 701585253 306 -60
-210477830 -583562763 2445 -490
75896400 417021401 2144 -95
-990582681 -718178749 2889 -383
-439434350 152510974 2050 166
-719452976 -337195401 402 695
364428360 -681450167 1959 -27
-158374968 301448560 330 -740
599973352 535417368 2601 49
-471906006 -721186411 1532 967
-434791264 404781333 436 -820
-444872471 -79138849 2879 -917
-362870397 779258968 2771 -256
228615950 -914936302 1787 -113
-283619451 -738964404 2761 -660
287117184 -346943768 1756 987
709733514 618519638 2224 -530
-114302275 958006526 2410 145
-841216738 853364910 1014 -651
-324126032 -409254722 1956 633
-266119943 -301707412 2793 635
-606331675 274133681 2420 -992
-979917195 -732580996 992 599
-815094373 239708478 1798 -61
221045676 541573106 2234 -250
445084040 878659586 145 -716
590717400 933295511 2195 -59
726243577 -289998089 1173 -238
74820118 712454342 2024 688
-751220382 828600605 474 -515
-841434042 824543994 970 465
-261592455 633750174 1410 -175
-416147702 -631087835 181 -468
-99071862 642028753 1347 624
-129243124 -53584885 2892 -701
-802935923 487127830 338 -815
573458711 464092935 2078 153
-883648631 454590687 1734 408
310663764 -927629981 1886 175
-41629024 428071875 440 -135
-495715547 -677202502 1273 883
-172855338 -396647795 882 -230
816443010 189267397 2547 731
-191593125 972516727 1755 -302
176486066 86794690 746 22
312565091 -818025941 1817 -681
278093888 -108486812 1819 -95
-783291929 -854741091 57 968
-410926097 952117206 692 514
-709467921 189708477 1292 163
73462979 -681225707 2893 -688
-558325632 -546740798 1000 -178
478831925 206390602 2155 -909
660483326 -999374311 1181 84
162606030 -257674738 170 -283
590182471 668774868 1580 -644
-448470006 -36061517 2743 -437
-685474346 945525727 1294 67
376112789 -45345585 2713 558
-251651190 779876739 2097 164
-149025257 599573825 1787 -725
-185705825 -697187953 1377 -750
989541435 212283223 378 505
-493286624 564788787 105 -509
485676180 495353950 818 -456
243812646 82357808 1108 940
521666971 -722294282 611 -247
521146098 397646207 1843 999
-92228099 183463918 882 56
418788983 -309452801 314 -834
-156039768 619263009 2912 771
-494855449 678556597 2317 90
-93092809 18220801 935 163
-299261676 458268016 2369 -774
58340934 -338121516 745 -230
-49638650 -636435161 1807 476
741133912 949060982 1787 210
-601578991 -6902873 931 -539
-728838299 -69775295 2323 415
230609112 953653129 1984 824
220519443 933477925 891 501
-32591349 -267153884 1416 495
-443890198 -463184369 815 274
904729234 111971180 464 -120
181513525 623888124 447 -628
-66291291 -110363680 49 -231
-587910505 548994013 476 -86
-184604173 278278239 2212 -307
164702269 -490569572 2328 173
-958394251 551888348 1539 331
-696845137 893003888 1522 -605
-899953251 -273286228 1236 132
-473017919 542117039 2311 944
-290504213 -614239301 2609 973
-278888653 -676622920 177 -75
-584806522 -341418873 660 952
-387928207 -43807039 2732 -121
-52308826 -114915677 882 588
45601274 684443715 2152 -247
943653502 268109846 1596 -763
-735596858 985867412 2177 576
828805269 743118418 1235 901
51066278 -303776644 2062 885
-75367320 -461047350 418 51
-266828283 -295697508 1499 331
-869093337 -144058880 2462 141
418853339 -366151655 251 705
-560678400 -337988069 259 -730
984319573 73696825 508 -34
-822043652 -879496400 473 676
-377629892 -906708605 377 -671
901237572 -149675520 1321 -143
-286588280 804547616 276 627
269905074 726324563 561 271
-147666095 826104207 1554 331
809709299 371930127 2395 126
729041115 -525432483 71 341
552476506 380102944 1406 -285
578721265 -537412041 2232 213
-450375060 521497030 2576 473
-239059900 142271242 2740 99
34297195 -425429317 849 623
460982572 -894312485 2445 879
797819930 284842306 2991 -313
-354730282 -62145243 2361 -140
-122824231 853175410 2298 -973
-650891512 17652598 2844 -401
-800805020 357598052 897 -58
-545665949 508352711 210 -315
-389954655 -271578710 1589 -420
789524002 -277813035 1396 -363
173492556 399888746 682 399
561052355 568833010 2642 602
943311639 342658088 2323 -348
493143488 -351293381 749 886
763553843 979704533 1376 540
-615244773 65892480 2013 420
98116030 432899183 2311 820
359285026 150467928 813 -428
-15310789 505791600 1668 -589
864431693 -719256385 1972 -845
-368213214 495616156 2169 919
-486505897 624942792 152 77
585872521 -406049217 1431 -381
52294636 455962030 57 70
973763873 -204753496 967 -138
515323056 761223136 28 627
-59578001 774833363 2972 943
-435629342 -566726762 1754 -1000
-243422390 798641677 132 700
579615832 -997170114 1523 16
-113590655 -641432542 78 970
279166991 919269480 2445 -189
684369910 -475676377 2995 -558
449232420 -246773966 1356 -503
510422274 563257922 426 -467
-851942347 -758549166 2144 311
-400611313 542866058 2322 370
-502115258 93549242 439 310
-929590820 -104931255 938 -341
-527737871 -609773146 492 -246
417725598 902061854 993 140
225786569 580639112 712 905
955066150 -951160830 8 -10
825004134 933071719 2216 -616
172936163 -235782043 2482 415
-361422402 523918724 1255 -294
-691798004 -205196674 664 -694
-135384315 -694885905 1335 281
620707994 -737323644 70 -235
473485436 664011721 2161 -236
434351110 298958457 2796 -330
-548864747 -367727483 1161 193
498849160 983260647 1606 980
-37808890 618558534 2135 -337
588322657 -154746564 1260 -769
-448346489 36735554 257 300
-916307001 799808797 316 551
-259201771 -582230338 177 531
238079203 631834173 2101 652
-511713906 -958823729 1244 993
-284210120 -371094363 592 445
-246810050 -924791170 1918 -239
460286693 299184851 1358 -547
224408520 -597551576 273 -949
-559072198 -776048319 2416 -985
-375204900 839364433 1385 388
-864904482 111414422 1183 -338
39270084 844258485 1547 620
-99627242 276495321 1617 -436
205377526 -880355967 412 321
567341401 -881912776 630 27
470997722 -460898847 2972 -386
992802709 984563566 858 351
489705645 -862449379 1465 -379
-126206885 -385058615 2502 -236
-645078589 -749660939 51 -53
952838340 335108256 62 123
-587847608 -283376033 2742 511
132970565 -332758700 745 -590
-333091212 374190429 628 974
-832590826 67108759 387 272
248492733 -311673554 2269 -353
-545281965 -722452906 2602 -598
-855310448 -448066601 285 -881
-654562333 -609037805 322 -695
-319852244 880436151 2848 -770
100324663 100314476 1338 831
168049325 -791119563 2215 -102
642154179 327929996 1002 -305
-336880646 77928020 1679 -236
720431261 851654516 487 -174
584558766 -379372827 1760 -603
-990059866 943098306 2986 332
-131203938 613450962 111 607
920400238 706260471 2987 -185
-152210957 -44839916 2051 -526
371809825 674684439 961 344
-941726310 261045832 1158 -298
214883063 -839935594 1438 -649
986345003 923508928 1369 -329
972290559 -521841537 1279 978
-348218505 794458632 1185 148
-172676537 -391195429 728 -454
-52744332 -397250047 460 -871
591786721 -843826214 2806 193
-880169292 -531808206 2585 516
-392593159 522660193 658 -289
986411683 -698335031 2219 -769
778626841 -214590664 1261 -774
-190567968 99716247 615 -586
414990311 647650355 402 888
632893157 -120708410 55 415
-327616518 -72859528 1422 723
-510609518 559989909 966 -195
453567081 884859900 931 -106
608371934 863872385 2755 -797
-679991741 -119917980 849 -616
-470765724 -134844215 447 -573
298288327 298015443 2877 -76
-711342583 -437369313 1177 806
-912734273 -676057413 2219 965
-384171163 -47945730 2140 -277
188267245 -375154291 2409 -13
573037971 -636795948 915 10
-837588358 708613650 1413 -404
732812893 -498902591 2755 755
736641223 -688242769 907 562
667002240 86690087 764 -410
511110057 131322729 1093 615
-292121360 -587545575 1528 910
-789761930 147292036 16 -637
-776466302 798646210 2135 883
858521080 -28584055 882 427
-750776690 -518684919 1531 -61
514799801 585351691 2173 428
709403639 540984810 181 369
-473182584 -73610641 2533 -787
-671956001 435608820 51 178
-385325602 -354418133 2685 -138
764388563 -851101645 2991 -858
-555033247 436176546 1239 804
817168068 608508531 1244 -701
377196246 -550198785 12 199
-854544376 912936668 2981 -890
-684429108 930123185 1770 97
836710299 -968618845 682 -114
133790578 -331351678 833 960
735064934 -520319208 914 586
629027728 706084981 1253 392
225720860 -509277003 2271 -555
-995676757 11039870 1093 -697
-32560800 -242334740 1527 -27
-787882837 866546777 193 775
465039177 -794844794 2834 -520
-430789953 409235723 1650 -689
569536852 -614397520 824 -393
923887580 -487185306 1843 -920
431727640 -768025054 2033 -352
891957851 150967144 2793 -707
95205534 -674738927 304 251
-877641055 723818217 747 -459
-419856544 -484638988 2800 549
196708968 933414861 1643 -517
682126406 164642519 2018 110
124192308 -261089916 2958 494
294167532 -83310225 2342 -95
-51101106 959962570 2111 274
-275532021 392459096 2169 -554
685789287 715810550 2013 20
418922022 -276441778 2584 496
-624496330 -341641361 1710 -122
-444668838 984704497 672 -551
400549647 -910288964 1278 -997
-602938855 -348324256 470 -973
210899884 -195497276 2650 -594
-766787544 -832946925 2705 -641
400106982 533625751 1691 960
-935001063 -815780690 2999 619
-570716171 -649758085 2629 963
513206871 869912676 1480 490
920544989 961925567 2702 179
-552114820 378541813 2274 8
-283489198 -998413717 2130 -826
19839623 411466344 2584 978
-279459002 -918721454 597 951
239355869 -798065350 2708 70
47327224 74430698 2541 887
-331032460 34834515 2273 -864
-348071904 -718558856 354 -53
-139589682 -711389518 597 -870
570147031 434832856 2559 -573
922658334 -48281150 967 91
251851315 -645747524 680 -519
-431833639 -400646350 2625 -689
880412567 -272559036 379 -637
480433868 908573837 2728 405
-601563588 -79749010 377 -829
45899915 539261273 1060 384
-3708754 469941630 1074 -698
-610333479 328518503 1014 836
-840650067 932247602 6 163
805554242 994162924 514 581
424805199 717480620 435 -930
298388762 -680367898 2547 757
576787044 588997747 1173 -841
268535318 502629868 385 -842
320987180 -272388155 99 -955
-507398054 -941356278 1589 -49
-817162878 253419871 312 105
355429069 -452354381 2177 765
492844436 326259834 214 -33
-442625164 -824305180 1332 119
633750582 371895030 74 -684
246963528 -446388949 1132 572
-190309955 694292793 317 -97
579864933 -464338519 2192 576
875313976 -342626152 1475 901
-622490186 -388911399 1217 389
469995071 -895586716 1485 -971
2 1755
2 1521
1 168 566
1 1860 245
1 1001 330
1 2788 -56
1 2535 833
1 245 -629
1 2812 982
2 1943
1 1102 -317
1 1092 895
2 306
2 796
1 2985 -458
1 2118 718
1 1946 -409
1 2413 958
1 973 -324
1 740 833
1 1005 30
2 2331
1 179 182
1 2719 -635
2 2404
2 2202
1 2501 341
2 63
2 2135
1 2514 874
2 1521
1 1797 -507
1 1942 -444
1 1760 329
2 1208
1 2344 285
2 1970
2 2454
2 1197
1 743 -82
1 278 -471
2 1106
1 379 -145
1 2151 -454
1 880 85
1 2311 -438
2 1450
1 1123 984
2 921
2 1151
1 1943 -658
1 1885 -209
2 2848
2 1461
1 1537 -281
2 1596
2 1204
1 2915 682
2 2412
1 162 -261
2 850
1 1009 -594
1 439 945
1 2706 87
1 1003 -41
1 2230 -183
2 2887
2 2210
2 1
2 2656
1 558 -719
1 2158 987
1 2960 284
2 2838
2 617
1 1030 -932
1 401 691
1 2874 981
2 1820
2 1360
2 1544
1 2227 77
1 1264 857
2 1762
2 2972
1 213 -132
1 820 494
1 1441 413
1 583 -321
2 1146
2 779
1 1652 69
1 2794 905
1 2639 652
2 2454
1 1991 -156
1 1372 990
2 2976
2 1749
1 1820 -175
1 1116 -636
2 1402
1 2541 304
2 1445
2 770
1 2644 897
2 1980
1 158 31
2 1512
2 1127
2 1330
2 575
2 1529
2 1226
2 353
1 69 587
2 1775
1 279 278
1 2419 -903
1 2376 -156
2 2781
2 2482
1 665 618
1 1027 -801
1 1789 926
2 2647
2 1653
1 26 798
1 15 -838
1 6 -706
2 1181
1 2914 846
2 414
1 349 -93
1 1153 -93
1 2640 -412
1 1172 617
1 2910 -417
2 313
2 1541
1 1630 326
2 213
1 1103 337
2 245
2 164
2 2161
1 2154 28
2 702
2 1762
1 2621 -303
2 1372
2 1869
1 901 -299
2 869
1 2974 716
1 2946 -944
2 1984
2 2753
1 2761 748
2 2142
2 2192
1 1395 911
1 1359 -844
2 2654
1 493 -375
2 2895
2 865
1 1121 543
1 279 773
2 2073
2 177
2 1586
2 199
2 1075
1 2632 990
1 1278 827
1 2675 367
1 663 -408
1 2587 235
2 918
1 2299 401
2 1195
1 280 71
2 2989
1 922 616
1 2010 242
1 1212 -244
2 2861
2 1312
1 2330 -716
1 2294 166
2 145
1 2032 -413
2 584
1 1194 -686
2 2678
1 1836 458
1 2813 267
1 1231 -755
2 2329
2 2279
1 740 -488
2 2569
1 2941 -856
2 1716
1 2323 60
2 2533
1 2820 536
1 1633 -854
1 1937 -662
2 2948
1 1302 -119
1 1915 437
2 2558
2 1274
2 511
2 1242
2 274
1 758 372
1 1728 957
2 2145
1 2147 599
1 2471 558
2 1892
1 1251 -487
2 639
2 2127
1 2794 172
1 2095 546
2 2777
2 1436
2 2148
2 2896
2 616
2 1411
1 1117 205
2 229
1 1214 889
1 1697 197
1 1008 257
2 2710
2 2146
2 1630
2 371
2 1828
2 619
1 2224 487
1 1281 278
1 1307 33
2 1099
2 2728
2 1599
2 644
1 2948 -908
1 1979 -900
2 167
2 1876
1 1059 -309
1 1188 -852
1 1135 534
2 2238
2 2646
1 2113 899
1 2396 -350
2 1373
1 299 -45
2 2266
1 411 278
1 1850 233
2 282
1 2185 99
2 1500
1 2606 -875
1 2329 -748
2 1176
1 2813 -819
1 2650 -772
1 2735 -515
2 2586
1 1295 989
2 1810
1 789 -74
2 255
2 1179
2 2270
2 464
2 992
2 143
1 487 -694
2 1243
2 322
1 484 71
2 1606
1 1669 793
1 96 -93
1 2854 689
2 1537
2 1342
1 486 301
1 157 -451
2 2929
1 2403 242
2 2204
2 2419
2 1993
1 2256 -190
2 2502
2 2729
1 2040 -81
2 2842
2 2612
2 880
1 934 134
2 1311
1 1813 66
1 2843 -734
2 1496
2 1978
2 1096
1 2130 945
2 484
2 2350
2 815
2 1944
1 2185 79
1 199 -371
2 1746
1 2771 535
2 1350
2 1632
2 598
2 1485
2 1289
2 2183
2 693
1 102 -655
2 1475
2 2086
2 2205
1 2491 202
1 2512 743
1 2641 674
2 1412
2 2468
2 2111
1 426 447
2 905
1 1428 175
1 2582 82
2 1899
1 2474 263
2 2684
1 1297 850
2 310
1 2534 -156
2 677
1 1373 805
2 1502
1 1442 -259
2 904
1 722 860
2 1214
2 535
2 2155
2 2648
2 1255
2 2708
1 2419 293
1 1380 -576
1 1222 -737
2 887
2 654
2 162
1 588 -870
1 144 150
2 1866
2 2883
2 1092
1 2502 350
1 2056 297
2 816
2 545
1 236 842
2 1635
2 1846
2 61
2 1225
1 615 14
1 2415 396
1 2529 -354
1 539 397
1 1643 532
1 2739 726
1 113 -52
1 835 -795
1 2752 -206
2 301
2 752
1 1130 -759
2 2254
1 82 910
2 1268
1 1099 537
1 1156 -724
2 492
1 2744 618
2 2486
2 2134
2 1289
2 1830
2 2555
1 724 648
2 1402
1 2425 -853
1 2158 -857
2 2260
1 2410 -990
2 636
2 3
2 1629
2 736
1 2229 326
1 872 -823
1 2744 -625
2 571
1 401 -806
2 130
1 1487 -312
2 2812
2 669
2 2862
2 897
1 2903 -644
2 1281
1 2316 31
1 2119 261
1 2459 813
2 536
2 1582
2 803
2 142
2 2885
2 2973
1 1874 -175
2 553
1 1706 668
1 211 -456
2 1025
2 2318
1 1231 -688
2 2224
1 114 805
1 2463 -704
2 2092
2 1706
1 2350 -675
1 33 199
2 1656
1 519 -873
1 919 -512
1 58 -386
2 1449
1 1008 -494
1 1919 933
2 1941
1 2996 -824
1 778 298
1 882 487
2 1485
2 2656
2 609
1 1399 -529
2 957
1 305 -576
2 2457
2 2858
2 1164
1 2425 994
2 867
1 918 266
2 1831
1 2778 -381
2 41
1 2727 105
2 1211
2 1828
2 1464
2 402
2 1752
1 2072 237
2 1169
2 1058
1 1603 -363
2 2861
2 2081
1 2891 842
2 1239
2 438
2 871
2 2765
2 2163
2 2817
2 1640
1 2780 613
2 2054
2 2066
1 1928 -237
2 1511
1 1182 -105
1 2220 -522
1 1311 318
2 1380
2 2252
2 2410
2 515
1 720 -200
2 2476
1 2184 51
2 526
2 1214
1 1342 -272
1 61 20
1 2413 -306
1 1753 -535
1 2785 40
1 2296 203
1 1685 -872
1 2393 -699
2 1768
2 2881
1 326 -566
1 1903 -870
2 89
1 2726 601
2 1727
1 976 357
1 1541 453
1 1793 -515
1 571 373
2 1965
1 621 28
1 1600 -786
2 560
2 2906
1 2434 -506
1 844 -488
1 1825 -996
1 2902 -327
1 2920 87
2 1099
1 681 -635
2 2610
1 2284 -827
2 581
2 473
2 2731
2 1101
2 48
1 159 -883
2 1658
2 2412
1 2927 624
1 1486 -246
2 2583
1 393 419
2 1003
1 1519 747
2 1253
2 1720
1 1895 -454
2 181
2 456
1 2060 -670
1 2405 785
1 2337 -251
1 2680 269
2 81
2 2922
1 2294 -373
2 1985
2 2867
2 1158
1 531 207
2 2136
1 2130 -163
1 2814 142
1 670 434
1 2660 -656
1 1048 -345
1 246 36
1 656 407
2 2175
2 2011
2 2697
1 330 972
1 486 552
2 1802
1 2369 -768
1 1353 -389
2 519
1 1613 632
1 45 -751
1 1365 -798
1 961 -491
2 1650
2 2968
1 2075 -441
2 562
2 2325
2 1553
1 2235 201
2 1693
1 2569 360
1 1938 292
1 1507 629
1 910 988
1 1916 767
2 1506
1 2341 -645
2 1882
2 1933
2 1183
1 1222 25
2 462
2 1599
2 1849
2 1780
2 848
2 2229
1 2994 860
2 1209
1 2803 769
1 1275 -221
2 2087
2 2553
1 2927 -768
1 336 264
2 260
2 1987
1 566 -114
1 1756 145
2 900
1 1303 508
2 2136
1 1639 493
2 89
1 2742 -642
1 2300 194
2 2215
2 273
2 521
2 1349
1 2699 -114
1 1612 -408
2 2027
1 1728 831
1 2714 -368
1 2736 -219
2 1221
1 466 464
2 1393
1 603 960
2 78
1 1579 942
2 2367
2 913
1 969 103
2 829
1 1762 386
2 2474
1 1509 -918
1 2625 -540
2 894
2 1898
2 1647
2 223
2 1346
1 102 155
2 771
2 635
2 1780
2 1665
1 1006 876
2 99
2 2267
1 2504 577
2 1323
1 1664 -581
2 1036
1 2245 321
1 1732 855
2 324
1 759 889
1 649 301
2 1750
2 2461
2 740
2 1560
1 2240 -297
1 1761 -641
1 269 813
2 1116
1 772 -259
1 851 888
1 2331 864
2 720
1 589 883
1 441 -340
2 1454
2 2489
2 89
1 1232 774
2 916
2 1401
1 653 -270
1 2162 -933
2 262
2 453
1 1498 77
1 772 600
2 921
2 808
1 2406 -980
2 1000
1 1344 618
2 2215
2 612
2 917
1 1863 365
2 2890
2 1049
1 1714 429
2 2639
2 505
1 78 -126
1 377 -448
2 759
1 2156 -309
2 26
2 1145
2 2464
1 215 -107
1 1329 670
2 2809
2 2908
1 1117 -748
1 963 310
1 1184 34
1 414 921
1 1074 -197
2 1923
2 2259
2 2507
2 2655
1 2460 -331
2 1293
1 218 421
2 826
2 1278
2 2319
1 2676 -368
1 2325 -95
2 924
1 2720 -854
2 1414
1 1944 786
2 112
2 2801
2 1318
1 2385 116
1 236 -418
2 2601
1 1695 -854
2 2149
2 544
1 1620 801
1 1108 -266
1 1777 649
2 2379
2 1587
1 2329 -8
2 466
2 1953
1 2428 299
1 2122 911
1 1506 315
1 2515 -898
1 170 -749
1 2917 643
2 2396
1 2077 -339
2 2792
1 1280 -829
1 263 -114
1 2493 41
1 2965 -990
2 1066
2 1916
2 2074
2 1768
1 2296 -556
1 2675 78
1 681 24
2 1431
1 2439 -367
1 2239 -596
2 1354
2 1164
1 1767 15
2 1773
2 1808
2 124
2 321
2 1816
1 563 620
1 2058 258
1 390 -856
2 2391
1 789 -852
2 2204
1 335 -915
2 2927
1 294 688
2 2095
2 1133
1 969 572
1 515 188
2 2769
2 1287
2 1447
1 2067 -538
2 1342
1 592 -654
1 1454 739
1 2449 229
2 1141
1 2819 270
1 1616 -418
1 2971 922
1 1177 -850
2 279
2 889
1 92 323
2 1054
1 2306 202
2 185
2 1490
1 2001 -478
1 2923 -323
2 1704
1 533 -383
1 472 -819
1 818 379
2 1915
2 284
2 1001
2 2479
1 1970 -682
2 10
2 328
1 1012 242
2 2400
2 1341
1 656 129
1 2159 279
2 914
2 867
2 1484
1 2717 -635
2 900
1 119 357
2 1058
1 2540 520
2 1745
1 2904 -36
2 48
1 1875 47
1 1017 -604
2 1752
1 2610 -516
1 405 405
2 831
1 510 -456
2 1557
2 2442
1 469 197
2 2935
1 354 131
1 1859 -616
1 2010 670
1 2810 -989
2 2924
2 1027
1 569 -922
1 1185 -384
2 1600
2 2423
2 2267
2 1674
1 2080 862
1 1603 -824
2 2336
1 1440 183
2 766
1 2725 525
2 1057
1 2266 -580
1 2122 -964
1 354 507
1 1628 -576
1 1717 180
2 932
2 1748
1 1422 -356
1 197 224
1 124 304
2 2311
1 1179 759
1 9 262
2 1435
1 697 -315
2 1728
1 941 449
2 283
2 1203
1 2209 560
1 1949 -710
1 2102 -761
1 1969 -243
2 257
1 1283 932
1 525 -111
2 2138
1 94 674
1 186 796
1 945 -221
1 1456 -60
1 486 -370
2 1560
1 255 2
2 466
1 1374 350
1 2506 911
1 1022 212
1 595 -338
1 6 -58
1 1624 5
2 230
1 408 -87
1 2884 923
1 1735 959
1 1309 708
1 209 -648
1 1720 907
1 104 301
1 2623 885
1 62 -558
1 717 -40
2 1080
2 1613
1 690 897
2 2725
1 1515 -415
1 1203 -199
2 1826
1 52 -858
1 476 -187
1 2651 89
1 468 -324
1 1142 -319
2 26
2 475
1 767 -868
2 2224
1 1715 741
2 2066
1 737 -376
1 323 370
2 127
1 1989 -691
1 1955 -278
2 1748
1 1965 -217
2 2426
2 2210
1 1131 919
2 1728
1 1947 159
1 921 -928
2 2210
2 2750
1 2268 636
2 2042
2 1271
2 434
1 589 591
1 640 -842
2 2290
2 993
1 2220 213
