3000 1000
499937765 671939259 2776 -352
247674915 476643273 2778 -138
-133871818 -32633451 2011 -306
-19495762 -313022729 2632 -293
471197480 -676285934 780 -182
97411057 405029123 2346 -175
-348591118 766070514 2115 620
771524671 -919673004 766 488
211917137 -417020070 2801 -86
106360958 -160098037 2846 -410
-202022365 853269153 2809 179
-781716214 919029457 1088 -40
-748236070 423354817 2522 -85
-87245755 -957056759 1521 -153
702306991 688920581 1935 626
299968040 538668666 1990 662
725676750 267200057 2728 -671
-260620060 453749209 150 704
-820372120 848312512 1416 64
-98900136 909230862 2202 -97
739682494 811500415 2116 772
-194845008 162430999 1311 972
529894819 -831216832 71 738
352585702 93728222 1298 -624
-107418469 944895975 2456 -677
813933223 -305578063 1748 22
900551848 -568938868 2473 -299
-354563070 611329694 2327 908
481333946 -644878332 2170 -217
88466465 265154709 1861 221
-634849306 987283753 1134 56
-454906149 -504415636 2703 -194
-919523914 -713341697 1307 572
-594165225 995503594 2 -566
356829945 783550543 884 177
879370086 -211411867 424 -848
-162624715 404216801 518 -148
-203649820 -601126196 1662 362
495926820 845106265 2562 944
574115376 -418547804 1586 -851
-609806631 100167334 1033 -424
341280863 233120498 495 230
584685225 566770443 458 -677
131879607 189747148 1183 -909
111705949 -285402921 950 -152
-242796874 -801239815 47 -454
963137679 -966280550 41 -290
427681280 -734208182 1560 -519
-30702210 288853262 253 973
922176231 767984674 935 -73
956244317 430062013 2629 270
901287593 488439030 1079 -374
156951129 637675766 1630 891
-2260435 -796465032 2757 -696
-60155928 116409902 97 438
-249241304 174007136 2979 153
433331484 968743132 1102 -733
-181119734 119142358 2502 49
-673694804 261175310 1560 -939
843719596 -915940584 1705 -726
-460340385 674819335 490 -876
352735644 -842941850 2144 428
-584266596 -365040749 1059 613
-66670143 -543197813 1742 925
-293374336 574365445 667 475
-38939463 -54054227 2196 263
833683820 -101004572 1250 312
-288333532 -405198371 2241 937
-113208478 -700766736 1008 339
-989638551 -762315551 1503 184
-58262416 523471742 685 158
-178685682 -735869627 607 -797
-684099814 16650939 1239 313
281001049 -85463313 2228 -174
-319928877 49335892 391 -597
-658959928 884730103 588 -967
-910003034 485403016 23 -296
-514951927 -317224604 1768 -133
180781165 420452591 526 44
-650225873 119741082 728 -538
628314248 751189694 1514 168
254695824 -573436483 1364 210
487295924 -376401190 162 -300
453698556 -818690688 513 454
-641056282 -75394786 1734 -357
-251706707 -602097451 1753 809
111777850 951158544 2420 85
-989507716 431294557 2090 -829
906872420 -567747772 2862 -159
587491591 -251991977 1285 766
-223822849 -626318342 385 693
-672204155 761143468 1394 838
717424037 -608682240 343 142
-699759126 -103926166 2270 -301
-504881229 -868945199 97 -246
2612731 -719628998 2660 -772
-231037106 244686812 447 -61
-135956312 479692083 743 224
848808603 -480834519 540 815
16872537 400453392 1506 -289
385497315 608423292 2038 450
-3964699 -825179053 1948 37
973636259 918612831 2534 707
869990797 996256783 1108 -756
-259205189 844932343 1811 -576
-891798479 -68271078 1827 567
633185929 235781238 69 -25
-781332171 -597023908 13 -184
-779554868 738830946 814 -64
-918754786 -231134249 2822 -393
684158056 -572130065 591 -716
-471044179 327134991 2276 -10
62578506 215455451 2680 699
954656814 -247727562 482 -949
-457605735 -634884059 2265 -370
-966389074 -644538028 2480 -465
414700194 -864813343 2919 -302
-404499904 -79390247 2290 -656
399306885 -773691397 999 -679
674807011 -778302776 2902 -906
-180324762 -880520867 1427 -534
386061598 147319175 961 252
181132811 -786726955 827 59
383692620 755587837 2473 889
-266179087 771663059 2265 676
-636669020 537330687 933 852
898043640 881480072 2098 -555
563307803 504417543 561 17
854330497 -523658889 2026 592
-233511154 -389552787 2717 -908
398535504 -8636883 2267 -475
671747083 -922974262 1742 -224
784504402 605675817 1511 -20
775449924 568897995 1930 850
-31987305 79877189 1778 240
633472229 -435067209 2092 -503
-948159180 164328415 429 -892
-505374692 -454693011 1682 -242
-140575148 180291067 2267 839
396527808 -450416285 735 721
-872889949 863901822 2937 77
319919887 -197394414 2717 -394
-619428850 61774598 1166 -168
-469529510 666806912 1763 403
945387086 770745782 1856 -593
-966491770 -443258830 1190 -20
-636070475 325641454 2618 -856
359344297 658753549 695 -397
888263273 907072226 2099 -1000
954907417 879161827 2294 792
264398364 295116910 19 -217
699711782 -987123907 422 -457
268928871 -30419842 1281 -65
-820348586 162727994 777 61
527838441 405944982 1503 125
-189054877 727846784 2242 -50
861340607 -156714793 1689 881
978992091 725738009 1689 733
456247852 -629540261 1274 -705
-243584028 -876475888 573 482
-296099697 908886187 2492 170
-754095300 239800015 0 77
-119287262 962625825 2278 993
973257380 -33470540 97 623
67907655 -818982665 1595 -658
-880088177 -777142830 1775 341
-355877520 780621652 2583 -947
-868292172 16615921 175 357
293317844 773979621 769 -463
-504003016 -781793401 1283 -470
-269945566 263883556 834 -760
-424864266 -561600560 1760 -641
-30932350 -622822605 465 196
-787724794 -487909675 2475 -365
510201898 974168060 816 -414
-694390964 -435712571 86 323
-554849970 -274254859 2176 239
-474328812 467615436 1943 836
-677181827 907133012 802 962
-874841759 -623549118 2483 164
622248598 -879066619 1343 -361
-417743277 253758435 1474 36
-136130653 -542072561 2108 -582
-449417735 168206542 169 962
-931679611 -997172826 1300 74
-95607210 142048935 465 684
212329190 245348631 1186 88
343471119 -683047022 2157 -541
-186381695 466341969 1024 178
146815135 89227186 1853 -13
117855015 237158415 1164 -354
-329047771 -166195729 307 35
451473621 76840695 1463 475
-554870753 712957643 957 499
888456225 139034903 885 691
-459777512 -261727056 1898 -365
-536759196 855364476 447 -711
303214425 322597074 575 641
699272380 663687030 2 -641
890771948 -502088967 850 -340
-597339403 999654684 2667 -541
-110683686 587269848 1108 -957
-720971023 455320721 1593 67
-355070782 848802698 766 412
154693080 401984065 2955 -191
-796813822 -115827697 6 -112
400321130 549583175 1134 942
-116129937 -816983342 286 868
888419367 -307181397 1207 -855
948413621 970689361 2056 -882
721961733 -965819071 1703 -110
-277058141 573393537 603 667
598793769 -579106182 1631 172
-463978752 792203936 1157 -25
172520913 -662242242 2352 -634
831775869 -215615939 2276 -419
975733961 -178055865 1813 90
-553187479 -457938367 1595 668
297994832 -409526061 884 -10
346148014 -89428967 2869 623
-296974599 269846456 2185 -468
-952782841 155740587 2509 -718
-925566183 666689013 10 603
760640042 291309454 554 -764
-240288875 295973589 2920 215
920933035 818708549 1990 -375
958242087 -191543010 1603 -108
514592734 -13925400 142 -1
736946236 -191812339 266 259
-477066765 173065623 13 -936
734152547 215076770 870 697
-746809519 217982218 378 192
885572153 -833885486 1046 933
887755964 480028933 1215 682
151480397 273781292 27 -177
585315646 -587871260 1474 1000
-702382944 551027907 1503 -501
-471601542 -310968730 1973 -701
-347614471 10833319 1182 -518
335565712 -733904197 1906 -185
-23013366 -627684550 1826 -35
-329422146 596041549 658 333
-136238069 -456281169 435 719
821181905 -137064686 27 -542
526809960 -472413564 1049 -497
-360965588 477038172 2652 -337
276366362 -922415720 400 -77
412353053 -284578259 1547 924
613223025 -385611999 485 936
-445304082 -712596496 1694 -388
613112488 58737436 1010 183
-931136824 -985390892 1102 -420
388758490 -428368926 2500 300
166808815 -232542575 1146 -308
880137961 43627063 1522 -730
522808417 533721317 2778 -207
-672538240 509193284 1239 -833
-189589998 -784537127 1176 325
71942576 -108432437 298 -999
-13445531 -553527593 2301 -260
-641416961 574761798 332 956
538737976 997707043 2970 -531
351666960 290154255 2936 704
957465024 -373452260 1112 439
330684181 -543430404 2780 513
-781280725 257519725 708 893
121024437 398317832 1411 127
691300344 285955619 69 -767
-410729788 97606037 80 91
-444436513 115022507 1965 -996
-191057289 -149511892 1979 122
449386956 455993627 766 -510
810801335 -674756066 942 -949
-612949015 -333097707 41 916
829191167 -778481441 1122 -758
443138157 -567693517 883 -296
691739470 -202581458 1703 -808
-649682254 -566508060 2514 649
-598348611 -79813809 1087 250
-471173303 -573597960 2609 317
373803205 -101522863 2096 -136
-248511467 -758709619 2908 958
-467706173 897726615 2875 -335
561792500 -236266702 373 -24
460369496 -223430365 2077 -33
-419037648 -963385046 2834 131
421432890 -671576547 2426 -350
-237293697 -427442051 1092 -722
-37076345 354408390 1973 596
746053863 342056070 1023 -7
416413336 -906640628 761 527
-355292737 119397788 215 -692
203109693 470850156 2940 61
-23112461 275680217 1255 -512
954122325 -230180418 239 -369
996097398 530222356 607 118
-168060600 654072452 2698 -774
339513199 -386085554 2405 -682
561711978 -280311015 158 660
-838882182 -952738173 1955 -175
338117342 999258510 1620 156
308261245 103737123 1652 807
-73595209 -846226413 1204 -182
-995427632 418220110 447 867
-830008841 683162775 2167 187
-768642534 137242771 2089 -636
-83459239 -806397084 2633 -43
11006994 -943652838 2881 122
-314605352 365400687 1297 -306
831239546 -336207393 437 182
-148403538 483246955 579 -210
306353193 -958137427 2445 -220
263608235 -383617951 1920 133
-18464755 -450186516 83 -498
-397566162 61487530 2008 -622
-905275745 984820465 1292 18
-260214902 678814241 273 617
745379514 -776620665 1515 -174
-1046137 18931228 2471 126
296787956 792331635 2546 491
-100390902 -122681026 1925 746
-608471668 -473712590 883 -477
-819655030 505268218 1586 -35
779911783 397225794 1802 455
394186071 737302336 578 -329
432187119 196162976 2755 -390
712364748 292514789 1821 499
-263576588 742096207 1336 -961
-624891494 -280947064 2256 151
-238251624 -145587461 2297 540
-47709947 -923893814 2636 -256
68578661 264660358 2036 678
911152190 -148171356 2460 875
816676411 -610190664 150 2
-505315702 198725656 2050 610
140460926 -530954596 1216 808
858686485 499599031 2398 674
235533844 -338451709 2829 711
494903514 474858908 2210 -777
743452360 634987885 1111 -381
38564412 722411663 2599 756
149591952 597083309 2325 -451
344979924 18292198 1637 -108
-713857148 750650172 2972 379
632066213 -648162275 1343 -746
-799828222 815990680 961 188
799146136 955979587 1209 -583
-220927548 156370340 495 132
-913330235 399776570 2255 -254
793255162 -310035254 1323 -593
-996032532 849274808 1169 24
-588507838 305902143 1741 729
623163133 576742697 1708 -384
-591227349 942494870 1222 -376
-823782396 -296898204 2181 576
-823145314 469224796 2889 503
866969696 -354617456 544 61
-423835365 275942098 211 -819
-855732836 649311037 2674 -340
559935915 8566926 2384 736
-524226781 131836765 1424 -861
187645385 -535171252 1442 -549
-291956853 421866103 2633 697
-394441932 673478447 2144 -510
-227643525 130265954 2360 113
244600898 403376770 2687 623
-565371215 239331086 761 -896
987000325 -351001921 370 171
-949890424 774037322 1563 928
-158404719 -565890416 2336 -669
830452783 -398161810 999 151
-711998154 53052558 364 833
624992516 585594638 83 520
13500445 -174569354 1773 942
-26135483 -852417508 258 -713
-680565448 252877319 332 127
-167515725 -332073755 97 535
-94432247 63340945 825 294
-505549711 322448766 562 943
204351723 47297316 2090 202
-205011907 304687650 1455 24
-917946702 -347785350 2830 -434
-77586567 365699699 2418 778
564825519 -923333007 389 -647
-926067498 -266720590 1637 -797
-980289437 940648839 1779 547
-22659434 -632834717 896 64
80614644 986961674 206 674
235806056 192469840 1138 281
-555996718 -466654064 2394 -696
-478579385 880758439 2546 119
432016267 -713865016 2583 124
-662650944 -951076087 2053 -896
179577537 -137381621 515 653
-878941623 -179217218 254 -349
-921572226 -394595687 794 488
-809254070 682445648 254 -362
178591487 463818162 2717 -596
-953000342 -792266133 708 -939
958033973 -9305922 628 -462
-870376140 -445988962 2141 -927
-948455910 333208133 829 -987
2994011 350048023 1976 495
491361211 871669454 816 -640
-33310485 911626315 2512 13
395207373 -630031936 2519 279
-68738249 724480575 148 105
-162779288 304262648 1255 809
822531093 864548289 1182 -225
-528867224 99445849 97 652
818664212 -991178833 2238 -67
45595050 -38331193 2396 274
759808269 545109375 199 787
41772974 284247181 2954 244
-361417395 -261162256 223 64
869529965 132877881 685 -293
-834228247 209845428 2270 430
997440868 -906913628 97 -468
-59768677 -558291286 1642 173
-759392783 -134228277 1195 320
-884362851 -831445895 1009 116
372489809 -87079942 502 344
-127717286 91679682 773 344
-293469066 835059781 83 -925
396504850 -727276391 599 -49
-123329332 -135587540 1689 50
793192855 329493828 2254 -925
-144271078 844211306 1902 -396
-255975251 339350943 1973 242
-489819518 667618019 1785 -246
-406815308 742168104 397 -760
-631235886 -433603788 2946 983
-971368341 211822386 2023 -461
-749747098 -493873807 732 -18
-11621200 -208587238 533 -764
-456071210 457102706 1377 930
-775406895 358749731 2465 -917
-832116880 -892659382 1844 -574
120311549 -120092937 518 -428
-88954083 253797183 512 895
-889852193 674242018 1401 6
524979507 633454433 515 -35
-498198104 -85405230 1600 672
-655106734 40293275 2653 -332
129999399 949555523 1809 -918
-790394027 -719473807 2533 486
709737740 804752266 1779 758
-458064759 109537380 2947 829
487836953 -130502512 1378 32
-807481744 100494294 1146 -95
-142822338 -812347438 1059 440
405566925 -534313653 2087 967
25119946 660572364 125 373
170146867 -156513476 2848 -78
-562506083 -310943273 2316 -474
-827898489 -4620239 1221 -66
-439144502 446665032 547 148
840962603 438745076 1430 995
309164043 -736674749 1485 464
542771090 825360045 907 -423
255125786 564676708 1511 775
-762848322 -968071093 432 -951
-752570621 696249986 2417 -393
-450678715 -294332300 2511 676
310561611 -403190985 2717 -902
-838991612 -857900973 1795 -940
-399004817 -555835194 1882 961
-799138545 621987887 636 -925
605933005 309684458 1348 -785
982140468 -523192878 884 -173
253179724 765907480 2546 -960
-413895843 382276902 1761 -262
725263632 -482671078 1506 -950
-923478182 -13358875 1703 825
-127828347 457624643 2999 276
-127529537 -389084324 1979 -272
935275811 -296364017 2363 -884
706969617 -731480863 1145 -948
-804893350 -254040874 2269 657
-861519178 -188737749 2794 -403
248052852 377669102 981 862
-889174073 -853344067 2405 468
372232680 399018869 447 663
-634209952 135217528 1239 875
-136180925 -624960264 719 -531
830091308 -168502764 2731 420
-443774215 -994539494 2718 338
-285885996 -463296499 2265 678
-963696421 934222494 2804 -452
966917308 -521803137 1239 412
-729356821 -447267959 924 -771
253615364 362028812 49 -442
564893551 590023672 2049 90
243698097 -335641787 2709 -647
603137354 423045674 2093 145
-947989620 874253961 2534 502
-263335279 612137605 1178 294
935569253 668243652 742 827
25079419 -604771200 459 -634
-229195114 -809832338 490 471
293372759 452010034 2059 -568
363086593 -263543235 219 -971
-894697765 -114116216 2773 879
-954359189 159597334 380 -447
791069518 -181439358 1424 -839
921876618 -137085806 794 829
957312995 -761356949 747 332
163431621 500996962 1468 -535
-350264993 -472142243 2137 369
-330365775 445180205 1942 335
-173403644 -173990183 1204 746
-251263326 -15775260 1239 515
-154787157 -213181502 1131 -603
595337294 893593602 2989 -562
133001744 606183085 2057 245
-681577061 299721993 1876 369
-492687203 -680997589 1667 -117
296337975 -292323438 150 -998
-426200870 -386796577 1388 -643
-600178839 -37354120 2828 -859
-655823105 -214468008 1832 496
522049167 451619860 733 -348
943406886 -248522421 1158 703
783971293 102401124 150 -463
-362697897 90440815 1820 771
856906081 561387705 363 340
415889653 490171197 2994 -169
-760131778 -349651560 2031 215
669503667 -498700963 2859 206
831192018 540510875 1444 530
-652707509 516585712 1724 -869
119808481 903551750 1885 238
-804033105 57211157 2108 131
-690130070 -574480606 2447 360
-392374021 -792459219 591 -902
-516190949 -713383261 879 -181
-231833536 -575865810 1794 827
-897288833 638116770 2351 -963
174582383 -626603687 1920 351
-540868436 -73881747 1993 379
75036955 354213377 2294 -521
-787362416 -893591601 1252 301
661169577 -339401249 2297 97
708463734 -107938918 2301 -75
-276713247 -178407963 2447 438
417033788 349984103 506 724
-417174808 -28600846 1275 -147
887170237 138283603 2300 -322
-908528677 -436372630 71 -909
898140075 826758624 39 -615
36044775 821479467 1166 408
975078216 229998543 2803 633
241133621 447738683 2926 976
-165668502 -515706513 919 -199
-782981502 806392151 141 886
725845368 -117087429 158 505
-361703178 974476863 1715 833
-805686972 557605097 348 -654
-825332160 579733675 1477 536
-865980361 345788972 2597 122
859304055 -31934689 1991 -856
159652145 -510210535 385 -590
227215051 302330773 1636 -370
-96702941 -393769920 1894 483
20890042 264391742 2413 758
-35333031 85777565 2386 297
285828465 96097437 2975 611
-80025491 -86381601 2646 229
460292908 636416681 2681 -819
402354712 256824890 1146 -226
-569611968 188058256 1930 805
844425087 -488954432 2778 -495
970415186 -188005599 308 734
-124991956 -445890334 905 -900
44200510 169297393 1249 492
-737635113 -834370948 1960 -358
-95311499 -236454313 2396 250
-647863658 -289179659 1595 391
-813022620 -710352410 206 98
446897145 323530640 51 866
-327514519 10910562 1222 315
386871949 850484937 2938 -819
-651274344 372789647 1195 51
369151663 -909552061 2129 102
-137410561 731765074 1586 -829
542032909 -709478940 982 125
-944338855 -770724543 2241 437
363470477 506444438 2254 -258
245269778 325347056 2957 13
691048574 -616337237 122 -886
-704678575 483802873 1779 -471
438239195 -568778668 2822 -131
-421584822 449939517 2760 -945
472983995 -857369960 218 -654
-824357347 -438423886 1057 913
-302174186 344247118 1057 -201
-886446555 911972828 1529 -949
970841397 581289511 1992 -810
391390914 70747457 315 -758
-168265585 -470206184 186 485
501411178 -569892779 2534 138
-2439831 419595603 1689 -846
-239399763 -307596061 1457 593
9015081 673954613 139 625
830398989 112041479 2387 -64
-429916649 956353682 1641 215
-790177813 399314271 1423 -252
154260033 -674663116 2582 -228
-578526725 851254919 2718 490
-442577395 830357060 1159 -708
800188340 34686823 1888 -338
-277919231 978889854 1081 698
255010054 -135998584 1762 718
224377975 216370235 911 239
-408824908 -432701434 278 250
-894300205 902309320 2741 478
106267679 -258640018 998 -690
574391032 -141684007 2774 707
-577609069 -684447161 2125 630
-931673945 -839506758 2410 196
408399627 207434009 698 -17
-550905598 112880360 138 194
883154917 850422008 662 332
965050378 414981022 1457 762
700926489 195876287 2774 -535
875796103 784422184 2529 -175
455125290 -707209435 2063 446
-958008640 -479627884 2090 64
722248465 383852042 883 -434
-75220149 447017649 1407 -26
-36920215 -20741683 1444 666
711536831 -215315213 1562 522
-265781564 58896437 1704 -966
350085533 30867293 2269 676
674578051 -690899182 736 981
310290575 302352793 1129 772
-472130286 811075783 829 -130
236041670 -949821501 346 -287
823025367 230886796 304 -581
312371638 927570202 2259 504
-739627308 417767008 1437 -674
684740279 48727252 2983 -299
217153025 -291551846 1427 240
-750954902 703730009 498 708
-395427581 -181427937 44 -783
-183826128 512336779 2354 790
611723046 565643799 1126 114
881993575 -155898542 2901 518
-59099999 595074855 653 927
-971334668 790361641 1073 -265
-756361211 -847545300 1044 722
807536708 102800822 273 -106
66636590 -906517585 714 -739
137208980 758962703 1767 127
438513574 78576807 2289 -457
285650064 368759302 514 141
-431900191 -802006786 915 -933
222202611 -162468984 1236 248
-424586328 -198636660 244 -126
-663711634 624494049 2838 153
-844235031 969517556 2212 -765
641487547 -162681554 2684 -553
27897172 728493085 1433 860
109613563 -739133600 685 97
-660803134 -622914555 1437 -694
-780103999 14974674 2406 245
331934612 -583240230 2739 880
468201724 -987435143 1513 491
349468396 749528656 2334 -1000
-829652922 -868558910 1395 -612
-676129103 742350879 66 -128
-523218335 484041145 1511 -733
-925636371 806233426 2229 429
206148912 -657568585 508 -290
-656265560 -86974151 2548 -677
-573285782 -933029061 603 -195
-633574297 156954140 2053 -409
504676664 815786430 2762 299
-726065610 -898475035 809 -988
-97919092 672701066 2347 -572
916066121 781827493 13 807
343725210 53620201 1903 563
-927625921 231592059 1969 894
-866066813 455711584 1239 -201
-716320390 -662699688 2767 451
568681524 145712996 2905 935
-226699110 986390071 1576 586
-496995853 537456438 2556 -494
-149165232 217262162 36 561
389306237 -312456712 2496 432
-355249797 815331550 1776 -56
538877893 566558964 1697 -328
105018577 55350259 159 339
-723971419 -522449294 1513 140
-621213490 575809655 824 -4
652693951 -333377784 1312 370
263300027 -297619635 284 -750
670141413 -876060887 683 -547
322567990 280079577 1291 -74
166003293 -205238445 883 107
-682253996 -94967588 39 -889
769439959 499936566 2733 856
-31186608 -47185385 1339 -192
735741319 -673706786 2241 -134
-948562437 -570454110 2429 -564
474853663 -359613935 2473 579
-198947522 286754166 1742 -582
-329165193 -649695005 165 604
724026997 660990078 1990 945
-635148618 862427026 1908 -62
171312679 -436042088 121 934
-167804764 308150618 2786 297
730433642 133755476 2140 -35
972845329 -820744311 2346 -71
-827189200 523609110 1734 663
-462883560 68419246 2983 -259
-49083853 192590454 1640 -861
-25959726 324729898 723 -593
-229856076 886111548 1731 -549
263212430 712467750 1482 -722
-878164202 -160040166 1116 97
-371939866 -259852929 364 830
67719018 181687000 481 59
-411094531 -706431125 573 774
-742494273 136190846 1322 -292
652190536 48569597 650 473
-239012660 384594459 1997 -157
855039459 -606973332 2007 -990
232202847 -133370970 2617 -271
-355645792 815002154 351 -20
-179108075 468158798 2812 674
-585265788 275697795 2661 -60
623591291 -105754181 303 -534
352614596 -268829188 271 17
173211512 866321862 2789 585
-107961632 -269141684 1955 422
470688551 648686888 1513 375
-576869366 74915472 2694 957
918519938 475694962 2762 793
923419744 -637287858 2986 -264
-456170748 -999014443 1115 393
-672865212 759678447 304 -47
-526885973 -555760593 2812 545
924707718 -481048882 2376 319
793323649 -454925954 2079 370
-672750883 -781949237 1311 -911
-881351513 -898049745 1506 -945
-516306004 -510508820 2862 -150
498738277 -448724052 186 1000
-625451018 279847211 2728 999
2241410 877675222 2347 -415
243277990 -93540449 2496 -536
-940183880 827669293 395 -877
-137310390 388414715 2760 2
-383834692 -377786289 1252 998
-842600541 -263157986 386 394
568755493 -28786161 1388 691
345092482 984404515 512 704
679083926 -585113522 2465 525
-374960869 397057307 123 -120
590755472 -355534947 1182 -785
-911772930 316101267 616 -246
-869435810 76355028 1356 638
24267301 -519458494 1637 36
590344763 -338928641 1139 273
-587722536 6533232 689 529
-918932307 -425584093 2796 99
129000657 -744654447 727 347
997294049 -783507613 2710 -281
676840218 -212767716 1770 218
-101476954 -876705701 739 -795
-369646054 -853600460 378 -541
955943256 415112038 191 -468
561314580 -732655412 800 -61
358679229 -340410973 1162 795
409539976 863355759 2833 773
956673632 -876903379 420 -424
124593892 -983404489 2833 832
963533632 154443685 1116 -889
-87214949 639604946 1262 404
254339772 -535039414 1642 -726
-786745263 393455925 1987 -218
259080329 426318138 1846 -918
535255622 402344994 2920 784
-770673608 -71061347 2311 -511
-431580408 -408709736 2507 -391
307066174 -301176740 2438 622
-36418387 -635910974 2053 -434
-711447851 -931370931 2286 -328
-413261034 47813762 1632 -567
-856048311 517392422 1595 452
949954593 66689693 2703 -228
277951386 9852475 1490 -871
899594436 748195257 1979 942
-543555610 541616989 2979 -108
863882180 192710121 2235 443
117418013 -844902632 1370 682
-779326217 666991488 2077 -24
-606130348 -70930055 2150 -301
-649075325 276916214 887 -3
-648001071 269398403 711 -789
314870966 497784867 1529 -891
-893873150 42723388 1329 825
185915282 442769770 1844 -262
871713067 -128281221 2095 599
-155755018 -446744107 1460 709
-828739875 141150722 373 494
-187418896 436181215 2460 -401
-845580667 -888649834 1145 -780
322873327 -649128626 2582 453
-732634210 812876338 2599 -375
582415624 28864502 136 -71
344092857 512021365 2154 921
752569475 974327252 1575 860
260397987 195896852 1649 673
-736285040 943582507 373 -792
-520576494 702416990 2095 -24
-494953202 51938231 481 -753
304772243 571094383 1872 948
106058983 -910608648 2521 -148
-27152162 60257177 2868 -170
-638326779 -883229062 1924 -553
-518492085 766776149 1847 42
-139097382 -382321581 253 -903
871638757 -950792682 1710 604
-927255284 343119985 2567 603
822105875 -475844328 2597 -331
-510900857 -21660538 880 -896
-110800438 -941352398 1734 221
131871667 -354682843 691 -979
-226797145 539793661 2176 544
427822174 302433799 2429 -520
-560727670 900897456 2710 807
380673156 -394996865 447 113
-35272802 -73836475 162 -505
281613514 -894904803 2169 -449
833406531 513432892 887 -33
789795536 715329037 1163 632
-97472856 981018050 1550 787
614578507 -825054100 2338 -251
866979576 812101550 2018 750
-414297229 -794307547 989 7
-439975782 -582691695 2012 -533
307338207 168447154 2441 74
836047965 317366732 547 40
324595311 208412177 566 380
79845671 20122309 1971 -971
-929608599 -306007730 2632 350
-318737232 -810670113 2391 -274
670933009 126626450 1416 781
852458113 -976873151 1600 -744
-160624688 682690120 1518 -420
706303668 722889378 2260 218
505445518 606089191 2800 83
706874638 195433017 262 -322
-843264290 -427025101 1637 -243
919974379 -845126732 2008 406
-210561317 565762140 167 725
-800170195 907332036 402 311
170353754 68031233 1001 456
-526468529 -273687037 2989 -504
-581163445 -581345585 738 525
-831183200 -449529653 764 -108
380064602 -162362264 2802 -492
621321885 681701195 1525 -391
105347651 -612183048 1217 -443
-214484707 -494044438 215 916
-85292951 -51387137 1736 -513
-315829294 -446153020 1175 -404
-514404770 292417582 1001 -592
858514000 516056360 769 38
341060752 512567294 246 353
-908663179 -69270198 2029 -412
-685129517 -454701443 2018 -501
-698799164 454509038 999 673
179137336 -440574388 1381 785
410412173 -80319243 2855 -186
378608733 -606600724 387 828
-569114492 -633503090 445 -301
245317999 -406671807 2678 -639
538534186 775447651 1404 922
218148492 912365037 1209 -723
467629179 235676702 2446 585
-339588926 -433631515 1965 -781
-529311794 -710509287 2284 -465
-598607570 -29868216 424 470
949002682 365260769 255 365
-384633008 -57642651 1040 595
655436297 503789506 635 -236
349474811 -512300893 27 214
-790584418 -764614968 1433 12
-415246592 21431917 1795 -575
-510070841 996205836 1751 426
575263727 -676054505 2208 351
505013309 -308406486 972 707
-877645506 -696625925 418 428
-773026928 -526965871 1327 642
-901726575 396116736 2575 -525
-904270324 -353842208 1578 -427
775874186 317129268 1341 -255
-746000721 -818139984 2648 -44
-995096612 -722342503 1673 855
-969270804 -727475737 2144 433
673211 -329545003 1576 258
-13188 509747228 1033 -869
-537380615 -595163256 1802 161
143273542 611205945 669 -321
-491069698 -60858607 736 -140
986526465 -195149851 436 -888
412030326 -56906147 1817 40
900943917 -128454769 1742 967
-18568209 -131803329 884 -677
-289268248 -946928939 1316 -836
-619473472 -419549705 170 -300
181584565 -930854879 2661 255
-13713897 263572833 2856 555
636447125 -423983107 1325 455
-303167737 -770106559 647 -486
468348721 -68794262 516 -39
393340576 -658041418 273 -700
378306900 -82833220 2587 -525
989274952 -849239548 731 354
-482796536 750601175 59 -176
471968390 -989044913 1673 836
-753733257 977111824 2534 -707
-873286024 369462498 2929 462
418626577 282194001 1596 955
920802615 -213581445 544 -59
867919923 -464971253 2307 489
696486016 102169572 209 -626
-287087343 -854340859 2236 -387
541505688 -694101191 1335 470
-793695357 623638535 2618 -787
414586905 587081341 2734 -344
914480719 -540190416 977 -433
483113400 -711326526 2681 -204
-230017738 -300616845 1004 281
157385404 -34437301 759 188
28771888 -964719639 1934 749
-210212703 422406866 1590 171
628646649 -637632209 2984 867
134709165 142033042 1814 93
-863194017 702698163 2571 -625
-879971402 554452543 2399 810
-980940489 209865203 1025 974
-202829832 399180981 466 721
888854378 360725554 216 274
825587980 909468854 1119 -978
293819825 -699291858 2956 238
-554662136 895417359 418 -345
-12614651 379857712 567 -350
277842478 418687867 88 -724
-86999888 -124489745 1139 -724
914502613 927622593 825 -636
-912462291 894111538 1416 -727
-236456966 956393813 1963 301
-551693538 926217228 1572 596
36352770 551934932 2664 354
802824160 -959311127 2584 876
-736811062 -222459793 300 495
-104121500 -653324056 498 -812
105129622 -272916016 2265 253
-821380621 -298406259 2329 -4
-202268966 799812521 2163 212
-287306163 100537081 1425 629
544676559 714624228 1718 667
675730039 -433496042 822 -682
166144316 -104348240 594 -875
-785606694 -334333706 1460 62
-745010364 -841559398 232 -41
-763900656 980652819 1424 -413
-423636854 -584370505 1949 535
746405844 163551635 2309 753
231214839 243978917 1215 -266
-271328403 283033837 1754 -884
585086883 215779497 905 677
456304804 -209657263 1563 -917
-851208019 -661715531 485 463
907568684 515405061 1362 602
509854239 868240446 2560 143
653699274 -338645796 2089 966
-661545454 160627377 2107 -661
670996275 -724505742 1672 40
906250180 110795592 1250 -573
-331215283 957038693 2807 118
144587367 -368910990 394 -786
-277173935 383747348 2717 -299
96199474 -304753074 582 -236
630576089 -851893617 720 -108
835138252 -218522438 2560 99
-683407132 -668399596 125 -521
-698555847 346985474 2974 910
-245734247 -830493635 2273 336
-674421323 -926202695 2107 -42
-29693041 302540351 2660 601
446107028 96700877 920 -297
542478778 531169419 1092 -889
918528004 829808190 1348 -935
752265771 269310435 385 645
-9229980 -215311482 1113 -360
164003916 75682224 1826 -559
223915839 -513386310 1943 -967
207970442 346996949 2527 345
152198521 -282672142 624 718
-639514608 364368654 989 -55
526823931 801872544 2026 -640
-781066831 -933520296 659 -452
-344411846 910029142 314 -870
-147014839 -853783739 2686 -410
-48745680 -821061334 2599 505
-363092752 -323178136 754 454
-813366335 -36025860 2452 482
-877386354 850906718 2752 -891
642164981 -554977488 1298 729
-732523819 -477862959 2248 -712
-454990850 504895119 2843 -939
472299262 995294606 151 415
-195117710 -548425675 2009 -711
-404625428 -876799679 2504 504
-470618688 642343325 991 -98
-176338115 747749977 2742 537
-87386087 -775343295 977 121
169927456 679735606 1033 -112
-697795795 -82030046 13 191
-151329069 997234587 1111 -543
-859894200 -828030808 885 -970
-577074788 -167953061 989 142
-701200950 867706290 1017 -106
-492592394 -11446245 764 543
420325155 -552656224 1742 175
-21678788 896020162 1192 584
-237909801 -749787015 2563 895
33849643 521178255 83 -497
-546738839 920718893 300 650
200112814 -120868806 112 454
-783562702 -873902881 1398 536
380893601 395421225 2484 750
915085569 664274167 2636 358
-334674273 95729482 528 -375
448465813 218914783 1840 743
-305692817 -570220097 193 245
952071805 -47075364 773 566
-999331681 -980256407 296 -741
-27774611 645356118 1153 241
781402412 -128822671 1252 -448
196708797 56688904 825 548
-144522838 -531440730 385 -488
908758027 357617046 1649 730
-156124017 -281583233 410 -190
-878285368 -756998846 2985 -736
-608022729 960522650 1047 743
896687990 -551950095 2633 -473
-35898129 385061357 1774 -695
-813144228 654079119 1107 519
-82907653 -968499162 1126 898
907720538 71232693 742 142
-114207480 -723224950 2768 -77
782317939 -811214752 206 30
-443320862 -395582585 2471 -294
-118710110 -631181584 2587 423
-630396344 -519999799 829 31
-82771313 -595389943 1463 -994
227984462 349015624 1699 749
851692203 477335229 292 -224
-511310135 -675273047 440 377
672818203 -649875717 1885 360
-504618560 -578593542 731 610
-716047046 -381058701 233 -67
-281293774 288505277 1275 -920
-64424593 164280395 1238 823
429149430 671988143 1879 -844
-191650663 23289849 689 -412
-750041569 -493947049 2660 882
-140971119 551873291 2247 -635
540722528 -450004997 2813 935
175711635 -446239606 2488 -21
-283667041 437531337 2051 879
521725177 147312281 1605 -343
138939006 -675727553 1925 -909
-790215879 -715119784 926 560
546279885 -358874014 2972 -707
-940314032 -781103525 548 -108
639943085 31741057 1838 783
956018456 798932730 2611 886
957148553 287424000 991 26
174709841 481895372 637 -651
176887619 -92359088 111 184
907320676 -410893083 2534 608
883092811 134853735 1577 -910
142379522 996034283 474 -988
191534012 55845135 2171 186
-951454859 -712149389 799 -350
-5417965 956908724 541 -505
-227051000 -528408596 171 -756
-562236957 -609919767 2614 656
-282792906 215661695 2504 420
-582091146 384587894 505 -841
-286672379 -648045870 1943 -111
10224222 -803535495 2254 -796
587363245 -747496037 1139 -156
-90512069 44140184 2946 -672
226473070 -705868520 1274 874
-347335551 -840768825 2780 696
-196441681 -394296689 424 692
632454013 -721589389 598 -573
684956451 -998855516 334 -781
-85838754 -547933749 1207 -495
-355388813 -59323332 588 -353
-913990802 -244696066 1103 -935
582623697 774063847 1318 -155
-86336023 -913633279 958 169
570638998 -65000900 1819 -509
712056851 -181055909 2617 58
-614950272 -555903585 1307 175
606893651 -107859667 2918 -785
-375794662 304459116 55 -161
-579538213 -240544048 2201 -856
253375969 610163955 2085 723
-305060728 308067871 1040 -240
396265556 -650766310 2095 339
366697958 627440149 55 -239
-280629294 298062976 2302 -247
16365580 -386000766 2031 186
-285139618 789151269 41 -947
-883398722 -127449043 2127 -330
-428052360 287671471 2639 657
-664250778 -501021132 307 -338
14918729 168070244 2562 -382
49885740 878818263 512 46
-856288767 -706220531 2065 775
-231664622 996556631 999 -593
375103669 881159661 2331 -140
-724791811 -604318489 920 -435
-541198047 563733064 664 -121
95938479 718872276 683 39
653128517 -47759555 2007 448
-609426533 780748453 2825 682
-755548891 -828873381 575 500
48269037 269763108 2710 941
-435748903 33394740 2710 138
530304433 369363832 2017 -94
142069239 697278160 2585 925
386635410 -46204454 2765 -839
-35267278 268664620 1088 903
-933587931 7657806 1307 205
915480525 -522736971 1334 516
691712901 -973298629 1846 -309
900518185 467886947 683 -580
-343838292 -140116032 1211 583
-371407613 247203602 212 373
885798124 632701769 429 -946
-68663235 -247240698 1674 -717
421738581 326248989 1363 -394
-239962615 946122318 964 -107
796028687 -967327692 1680 -958
-555912177 371771738 1314 139
323002229 592292534 1509 854
148532762 869517051 622 -789
-660554519 438639121 884 629
605347757 -552625339 1529 -734
390540582 -849179366 1033 -826
376467341 -691548921 2985 24
96903965 -284967106 2583 844
-221985985 -353522887 2334 130
-845953311 -977079505 2033 -836
742235418 -507234658 2772 424
999918710 -518148451 995 -136
-686484302 858634053 1890 114
-664190964 -931340562 1182 177
923312825 574577191 1453 480
318316402 -374951657 2838 768
-78229215 -946441585 1786 -202
597159952 840027017 2881 -855
422749465 -131449489 1098 -827
91490204 -539976028 1235 429
-905855119 -753976416 1334 -736
-404132246 -966588925 2332 -743
71333352 -916855711 6 -25
594923879 46307401 2928 -194
610011800 -289400530 1252 835
-579539659 -239218309 235 -362
-624335645 -499728017 2834 971
316486960 -285557227 2946 894
741419728 -638086052 300 516
-445403498 -12121425 1615 144
687687987 127840804 799 -694
93511030 -844090346 619 -716
-321291732 -880014408 403 -237
490714696 -906037792 2976 292
-141241335 -489409816 2766 135
194220033 115433921 102 -993
949636516 501454688 912 339
475337028 -192930367 86 971
-849026599 704802540 2743 -190
304524757 -626062312 314 -392
-358086896 42307094 1195 13
-659172823 481470323 1824 -315
-956185910 -491962886 1400 -155
435397670 286555724 1568 664
-800186229 -155425603 2173 633
160190862 245125236 304 -952
136431867 -341784050 1825 55
240740952 568920081 1401 -614
418889778 -981145901 2901 482
624652296 490567453 2 -739
354953084 957835815 413 552
924061602 -36420888 2294 -547
-322784729 -21483802 535 -791
-343804908 556699168 2640 249
-362468758 231576699 2642 -149
618928508 -215135911 2336 -49
150412832 268582515 2066 291
500244752 578374218 2626 -639
333236611 -821127175 2812 898
684603592 176016105 1196 649
560634467 -838614867 2901 479
808168043 -23410579 878 -172
497078476 -320131209 1121 -282
167438856 831400071 548 -906
-862856610 127306111 397 650
-514729926 -701292504 1229 672
-531515606 55583271 1001 677
331373120 478162382 15 678
-233413839 -608246551 144 812
-433559317 617255341 725 140
-717604471 558356556 658 -113
261573429 217944365 2800 -475
318222797 84890015 2311 776
934549915 -262728348 1129 428
-189096903 643256598 912 -714
832285610 -649868870 890 752
169478841 -805102271 1637 -921
687396302 -173318641 882 535
-505753295 637347314 1499 -179
637894968 361771718 1334 -6
-141904430 -531700521 1872 377
451567666 -341530205 55 280
-630968916 -416139438 2438 216
-116911247 565097829 834 -165
373126167 -700844701 294 -829
806345501 722832650 1199 912
507738842 -984446796 1759 508
528821481 -963184622 612 283
196635808 947730747 1073 520
-149462398 140639611 2171 -628
3285141 209267507 1400 -871
-182609493 -203256261 653 -714
-836771009 28769087 2681 593
-593040279 -810422351 512 736
-48589175 126825435 2311 -776
811030917 -84007193 258 710
-623372715 296254101 2367 -86
70442392 244498180 1758 852
558371187 430551785 1008 884
-3975362 -521165097 2653 885
714367820 104084582 307 -149
-337592805 639802435 870 -269
796444287 -903910742 991 32
283925366 281709975 860 -797
-257114937 -779390786 1785 -494
790017002 201435985 1169 -591
-849927905 -27259514 1416 -974
395049473 466644749 392 42
-281464554 196655992 1594 329
-238845890 577744546 1351 140
19243230 67825184 1593 803
870985735 978200702 2256 -112
737909474 158475033 561 197
27036484 -529570724 316 549
-548085650 395424875 2206 -335
-975460924 479526566 1733 85
-565662390 -213476164 2492 -214
968108446 -216655813 364 199
524066317 61993298 1176 -391
-183101395 -165715591 1775 -667
-848999656 -662173233 2008 -574
252300721 -196482174 2287 -893
981244649 -523385509 2147 713
377405222 -80435233 378 -436
-62829086 613671235 2226 609
-307669269 -944907488 2000 -101
580197809 -301175890 1481 -667
-826661647 -963291625 583 505
-243631681 -853497961 2203 276
-849575745 893520504 2248 867
-541287668 865320241 2653 -334
91511663 320200897 1563 -312
-313880719 3746314 591 -773
-295018343 -547590968 1399 148
-989466657 990467153 18 584
-30534169 175797404 396 -454
594814927 -550672715 31 -633
44458789 721587855 1674 -234
278273926 246262057 2528 63
-126627007 -522456130 1031 -181
274863552 423243494 1553 -61
699060801 17814768 2599 -92
-987660893 708164547 1694 695
157203084 -585765937 608 -503
-262276765 -567673115 797 -130
-402353649 -946778325 1572 -148
-909898845 326202766 19 130
-528653636 -430957627 2272 199
-667050137 -856309830 1541 -457
-496715882 148427337 910 -284
-793352708 -448136137 2515 64
-758985798 -497908762 1126 900
-432624476 -864752627 1965 -629
704176920 -865692543 1840 -684
-79076986 -468804309 2245 -613
349471596 626746446 2775 -162
611955207 574708849 1215 970
-694202632 882370862 2657 -917
-289012069 -504841500 314 -79
854333642 469965919 1086 -231
394036726 887074606 2865 -797
-362768570 -104233093 1514 64
730696436 436660114 1754 -20
-156368926 479602867 2 82
-584609653 -171173289 1786 727
-794413109 -171331888 657 -878
775542800 -150331493 2534 814
-174326215 -360565527 1753 726
261421495 -693448542 1599 351
-672228517 -932540365 2838 334
884846342 -7635201 515 237
-495538719 -895027460 458 -475
365061873 956870977 328 -648
77078184 395289040 274 451
-725510755 796487 894 -30
-607557323 -462720089 1460 -606
-824567814 -867450641 1444 207
652729933 -778905719 2284 390
-596008970 737562729 424 510
-538152885 39562942 298 -370
771174971 144389303 1882 274
375043343 -276982916 2777 -650
-726012845 -550621987 726 710
-139404700 897611896 2885 193
228613558 -119595898 2188 -695
-472359158 863956937 339 728
198077519 -989150546 2436 766
927921439 -33116254 1308 -953
-26767319 72631138 1719 505
302442604 319995498 2545 399
389413966 -687682194 2814 475
134513802 -972666835 2334 569
338138549 -163038001 270 980
217890679 -731713097 1864 -897
-266591669 -556924217 2939 -752
-941644983 -19107557 1928 -527
3637836 -906711383 2268 509
-970987758 907087822 705 638
808158223 791991959 1821 -947
-405986278 958607134 193 489
-745253663 908953676 2980 -596
339318991 988706873 2012 -765
-200158303 778573249 2958 -318
448047597 -934254601 1249 652
358486304 -644809590 385 446
-620331738 -469986530 2759 -161
-566689014 640914577 2367 727
-416316690 -400839111 2775 -290
876398517 649481786 199 -730
-303693743 -494935398 1448 -581
671165813 715604472 237 -147
-580513262 389969915 2901 757
-176778301 -321861419 665 -956
-444504309 -517309915 2275 -432
513577865 985760932 1960 474
983362365 326612954 2834 51
353543126 -218775293 896 -48
736206196 -594812267 10 102
-628850069 -203905352 968 841
514113722 180785821 2141 463
-407680162 975297921 2219 679
-189240942 835523395 2526 -379
767403716 590521798 2504 931
765381021 -974536395 539 160
-785059696 701577952 1463 433
521917879 758352435 2439 112
179504433 398430613 2193 -261
619249548 842945509 2503 19
-260582190 -947214293 2829 -530
789857271 -377078978 2344 470
-654048094 -192065415 1081 -372
-790231350 -818385194 581 -50
392585114 -419949863 2957 250
95452382 851029355 1037 -268
74106583 -672248185 147 -161
-293836655 496300792 1311 0
-378931954 -999941352 2375 -325
66212864 887599551 2252 376
509832281 -226045936 1239 750
-133824999 -299611436 2929 384
-693225783 -729504787 2047 963
-933920987 -684700565 1073 261
-670520678 -516991954 675 996
-524059290 -294789804 2732 -493
-530771443 647793938 69 -972
-529174796 -992385818 905 992
378512065 55272695 2599 -881
932314948 -667640855 888 5
-56568424 -241393802 2360 338
-425272962 -486929215 516 -711
-268553315 -674443879 303 -794
603524547 8145532 2943 528
77182346 113946790 314 -425
-801912282 916158622 2543 -474
412309814 945066648 1795 296
17474606 -646582293 1852 231
117067105 625544110 1802 868
933726670 -846670632 736 931
945455085 406884537 762 591
190683648 -557711953 1104 804
-393249841 -235844849 2562 -957
-914881744 515745172 2057 -309
-518576007 976564242 496 -951
228484849 435110650 599 294
728294726 176093045 2660 -453
-479092631 -369082538 1990 0
-469188683 460813735 1587 -243
-519671402 -114896653 1161 657
389045795 -833784846 2208 -152
-52834607 -242370472 2984 -871
566022928 653597632 2939 744
-232861400 317792528 1161 813
-910617309 -848376586 1998 146
297014517 -348942021 469 -167
678505499 -923206922 377 897
453515133 -553365771 2042 20
675630202 -142668986 1316 385
-537561903 -816812203 2094 -495
-90176245 -33547789 1991 -864
-443551747 -143760192 2413 718
348868260 -576173258 1774 -240
-573186265 -522710948 1979 545
-106432276 487014844 87 309
-625096981 718657822 2722 350
-582181775 -588094028 2646 202
-106119268 -516542128 1844 152
385557562 -796430211 650 785
-594071092 248135279 2727 -881
-91311226 888854488 334 646
544505983 -393439014 608 -990
-910988816 564883470 2862 -675
449623495 -336608552 1469 -294
-836024362 227850321 1562 244
-457914980 -206537081 1719 -207
927075605 -584169858 1838 460
-316248081 629089008 598 -933
449992848 -186196936 677 641
-381492475 258508035 486 -238
205419565 -161557377 2760 -169
-77355608 -758537896 1542 -481
342490312 -51211242 927 -543
-540317445 -584721660 1311 -171
-229232466 59809792 1990 66
876260722 715215199 2093 -270
107698782 -89808979 1145 -812
528572509 172361093 1270 -893
-704053984 494543519 168 -10
911729342 -60437880 2986 -448
-933276845 360152842 1437 -41
637057646 -765235342 1799 -457
-486876779 -251019324 2369 177
-104314132 769191072 1146 259
-233247002 456247861 413 -832
-273082204 259252495 2443 -637
-644772285 -196860380 1658 -325
-821209433 535489437 1637 445
-454746176 -612492906 1875 -632
723817823 533411709 41 826
-668780486 -565009910 2094 37
-745972229 886768573 867 -189
-18979955 -25744515 1990 160
786461589 765668221 1257 571
-876908471 -46479327 1783 919
69213130 32804200 1526 -377
718320848 604768047 2254 -192
143490959 -1154880 1080 -286
-864296919 -295256879 125 -848
233275897 168395454 1229 783
784426333 -789143299 2361 -590
-208466786 -942175729 268 -966
-908317352 -557989842 2566 -367
-644649463 40978291 1774 -710
712485371 -40808157 1115 -404
811877788 826384603 795 871
-680170551 724944324 925 196
379972329 472842998 638 -786
-479044843 -763445460 1869 289
124419118 306954618 124 80
-17680146 884285211 204 441
181442326 818479207 2611 -79
-108363815 704907233 2328 -338
652182097 465575072 1255 668
712260006 -618535935 691 424
-397563042 -685755601 1196 -868
374579405 -456555537 157 -834
-672011336 -544133529 2024 7
-320678439 460169933 513 -756
664582258 176965202 1126 361
-810954669 306883067 1162 -577
-548853013 868651974 2545 -993
468908120 -291948508 254 -467
738118063 -155347234 2748 168
-29175383 300692209 1610 -216
-167959099 -504546638 1391 716
-148321819 398865713 1824 10
141629377 -167834663 2741 -303
170877575 -195825124 1438 210
-303333251 -662394627 474 679
-127443250 -472472556 535 390
425022626 -45616386 1652 -298
-679168217 541762089 740 -739
-845538323 -203633617 969 485
602593312 -375139433 2334 805
-725351256 -874665099 2797 -388
-824441628 714418379 1594 -385
-665281206 643799002 1444 -694
446390427 -609661763 2805 -37
-370109244 -666094674 1333 588
90227991 501326131 777 -170
-304469009 52950106 2244 -721
212799046 -565424350 2543 -304
977284896 704112380 2836 -212
465851420 181741539 720 526
887085602 883087312 2639 -564
107529093 493766365 1272 660
285622948 487422515 838 -991
-211408945 604976622 1954 556
-380633521 -52785388 2402 645
-625348346 921712862 1719 500
437723813 64437135 377 -771
721601018 967252504 2447 -160
45878212 -467274890 529 -517
719632173 -200642858 1505 292
-177906053 -609030306 2930 167
-893998421 -978340056 632 -595
574867686 712935087 759 -474
745756734 -576360200 2331 522
293209992 229083600 414 403
-160783272 -143681526 769 -86
889661840 -150877583 1169 -908
-857279211 -649917663 1575 231
-848696638 -662187079 1412 -84
-548841031 -813290317 1451 -458
547323478 127053578 31 638
-12464968 515412052 130 -905
-81192692 543837830 2243 -900
686878146 -451461300 1565 746
282688705 11104040 1768 314
-324882563 684721090 2972 110
328551410 79148449 2567 -849
-143660418 148413133 392 -467
-345014436 -784518111 1126 -671
35127005 -988271169 2618 541
-469565143 -27064133 1572 -746
982390580 -635210584 1008 -519
-992279074 -781149014 912 979
643305936 605983532 1102 75
802540974 -716030589 1637 -734
966166488 678940024 2588 579
-860769263 90371815 1733 955
513997559 365789269 488 31
953324173 275738222 998 576
-401039350 -571539270 431 664
945752514 174470629 33 135
658003419 -780708866 2849 550
430453725 367975214 1989 360
189713846 849360294 1116 561
-241612122 661354441 1394 -887
-757143322 -78210452 2231 485
695541084 636493203 2029 914
-438093169 411194518 2248 -585
-237899763 864208422 1327 838
557464063 667113586 1693 208
-393094343 146444187 2322 -310
-639868203 563059749 2032 -928
-88634715 149933047 1756 7
444688909 -599309568 2966 -396
-407109720 -300148953 1622 -263
831942050 -980002653 834 -720
720488176 -153857581 823 -681
-598347227 39772082 1033 -236
689486457 399473220 1022 683
-636108895 222571868 1951 488
-937101909 -562158038 2413 542
-930847614 895974583 2134 -946
282269600 -288784950 149 -1
-647789965 -427827536 2295 938
241627023 423614240 469 178
-3001080 333405677 2390 -828
-139424016 -86027262 1195 909
318832661 -645050167 197 280
844873041 -41276213 2193 -822
804353472 53838839 1807 -475
559029610 158010693 2027 881
-211184555 -997927877 2838 186
40109397 388180458 2173 877
730656545 -797945264 1737 -79
-910481096 -138699798 2089 388
-613066653 -942689881 551 241
-156591747 -139843655 1572 -590
850558964 980468550 188 880
-283059729 -299054319 172 -82
-132178882 786847891 2032 -868
835714092 -328348001 1868 638
-313718954 -642310991 2903 -510
987970835 524541321 2147 743
288855067 373417832 373 451
-646418265 824779038 482 60
-884927631 -804096281 115 -261
402135692 -529144334 693 323
-604719983 -245219019 685 -607
326949068 986475329 172 -600
268015850 -334372304 51 -938
919625907 -806480419 219 -735
314776933 -13593458 2276 -968
860305875 -675258980 1786 169
-671518404 -501949894 2794 -968
477382106 40569127 1539 484
-101413160 -280096356 920 -161
-595376982 909272759 628 -395
-263307481 293241858 85 736
245995217 9761501 354 -394
-848995042 427242384 2069 -560
955190355 -195191421 1996 127
-446455226 498737719 2140 592
954485859 -227554372 1057 637
297042698 -18790964 1131 245
-310531819 -972198015 2847 110
-36336093 -895648321 424 939
-836439991 425871079 1457 375
153439444 -259498145 2838 -802
-31935457 930097865 1334 -553
874101569 206064261 1893 -654
640278888 572806296 1353 849
-138045465 601237493 2092 -223
-669081786 580516725 2480 841
-320622359 -168132412 565 469
667275918 483928354 2900 -386
-66761216 -984134649 427 708
-219936352 653006200 465 -935
645697498 -839775091 1025 807
435647859 -990257588 1836 -325
-80196694 443802448 2488 46
-656744918 -883574997 1073 202
-614392524 691948594 111 448
899433585 492030145 1886 340
-322729100 839988651 2011 263
59248013 9798339 2678 214
-214137779 -612925913 1725 -453
289833534 890443680 1156 -115
-402061839 446235591 352 -195
444744328 -315903021 2117 344
-202291316 536222697 1700 449
-833878846 856124088 1979 -438
-492623737 -442296364 2475 -435
107561718 -176902417 1355 688
-667897825 -459461650 2168 -324
783460778 648148110 765 -845
-315114904 822558514 2640 -263
-352123076 717325557 772 -707
-127056970 564102089 2742 262
-490939154 -298919216 1292 -927
-643836284 -28057125 2955 431
-836093014 -482709039 2287 -489
720740389 -157151042 2929 689
34093483 -552801401 2404 -1
-555093737 766957849 2135 -849
-396497573 176770372 2244 879
835009420 924463661 1087 -738
162139645 -907961970 2893 565
-394448013 895104064 609 -900
894056749 511525547 1080 633
26275145 889828009 2196 648
640812472 484148178 365 605
98891889 -837392751 2196 363
-33058332 769945706 2453 -353
-80176247 -898809211 1161 931
-791528459 831700504 2692 -774
157969369 657484228 2480 962
221441494 -910707389 1955 -175
-626997378 574538230 693 496
-693822645 -36216663 1610 483
-729972065 -609774914 2053 241
520965781 -408571424 2294 3
716212526 -56939432 887 -211
-273677970 647881391 2035 400
159355083 -388531008 2967 602
-172442047 -628550646 2099 -108
-102358214 282588790 1482 -408
-342697678 724247873 861 -64
459403083 -687784623 2095 -612
-987383551 -929126454 2265 -631
-776299521 164752152 1508 -986
684905562 985256171 2495 -337
537841698 88754547 2347 558
58183016 -98840278 1022 907
781285236 165479755 2023 576
-839154900 241013729 2955 505
109537351 340254966 2540 51
-868838509 -755453433 819 -978
-4672990 550390219 1840 -306
502618773 -249463872 2438 689
-188985847 997960181 1864 -786
-141347204 217857599 1482 -927
797437883 550743769 1088 578
-876210902 717009749 1829 26
820220710 -313740508 748 -472
-863606440 -471754739 1363 856
473379273 239051933 2168 -199
267327301 -985730723 2166 964
-956600603 541499718 2479 489
507324081 789227446 575 996
-762057117 -36561748 2606 179
-505622649 307100587 171 -104
-832666825 405240737 1400 741
-70589317 973323724 1976 874
326328911 -496327780 2222 260
601029784 -294490806 947 34
595041937 -503431596 1525 -825
-353013930 -637342505 869 865
958792184 399170858 2053 -600
42180144 -137623246 2956 285
-863198147 -855290841 2037 -317
21810117 -527883607 2185 553
-931320605 -532301545 2747 -89
990769575 750326506 1314 100
-183197537 360829946 473 -552
216212397 -940480021 1700 61
967909480 375543913 270 -55
322092021 -285851470 420 599
496106561 -753280608 488 179
976126206 304696123 1637 -195
457306609 -255585417 218 -60
-121491956 731916929 2504 -812
-473850772 846492566 2544 220
-92682516 -671439797 61 -157
461232617 -246454931 253 -944
-374947658 353965574 2147 798
-404871063 -636445202 2080 213
-885645104 -797323139 2465 922
-774875818 -247151281 2766 -925
-396984457 925861980 1392 -437
-776935922 -817756199 2159 257
948922479 605816983 2551 -738
-254973957 450694170 2254 -57
840762175 888617611 2483 136
-872031243 -611370279 2925 46
-777240035 743976042 2447 -826
580430213 -367581444 2168 -332
-845755260 838168381 594 -24
341320801 718227668 515 -399
549210670 458415299 948 98
-292491120 -404919092 1427 -471
66942956 801824542 955 -176
-456275656 -846230115 125 -280
69050549 132492299 1758 -139
982591471 136838487 1536 191
-236884 584119805 2760 -540
513060796 -68209812 2306 283
411069917 610336141 2313 -748
915041652 123752620 825 -163
652426149 220926941 2694 -600
-354235330 -162963134 1694 714
834762303 816420344 1439 572
587296855 -570102269 1610 128
-415574119 -400835596 809 92
148160579 -193981243 2285 -595
147618435 -863058320 2137 622
-694783123 -881548191 1104 464
-63315463 836158645 692 -119
425829566 -146836861 1482 645
-408217645 -188194612 2560 -842
918200893 -426452871 2404 669
621525962 184538743 1334 -793
-150520545 899053259 1153 -579
254103343 -974795872 588 -707
2848019 -709473916 1753 -936
-50436038 -291905740 422 928
-953296910 -414064712 2017 175
481603958 549180474 385 -458
978774803 695523288 2742 -888
789647519 -915660792 504 797
-64164306 873370819 1747 -427
9382092 -834255311 2734 949
412773238 -445071570 2546 -329
-874966122 -867742751 2403 532
-873079450 -312902478 398 897
985486901 507329114 377 818
-337190115 742500820 2404 691
-187577241 925586536 2955 669
-83137421 -988896408 1588 599
-944880107 296507256 1603 685
504129892 -232073269 528 -934
668903240 756926024 1958 722
-413416330 -400363822 598 522
771083826 103353192 2526 486
834002261 -465184207 1637 907
-666985244 740645610 1030 601
-588155412 36521073 2116 396
162112069 884806572 1669 318
7416251 910179024 676 -691
439435444 565936188 1719 787
-612841345 676935704 1544 -348
-276342844 -233998692 1599 -136
583689481 559020900 2235 551
-318138978 -849301161 512 9
-648421172 313652510 972 737
249669591 -763192186 2986 -686
439567804 477246121 1065 878
-106380228 -380238230 1338 587
-738668341 -274828176 721 -614
229594058 -361097088 1033 504
326725822 -189209779 2240 612
-45696489 -171490792 1487 -569
291318594 -371967964 2327 -682
759113421 -737140816 1513 -845
604360063 829231584 2272 -712
-72860326 -46245965 2609 -827
-144030145 332948374 96 -975
-83181119 -812759955 2957 609
-732595354 -295575645 85 -998
475958929 352238668 304 136
-532570317 113261833 729 -114
-865954460 637762796 1779 437
-745956238 776839900 2543 435
-742106349 -124329115 1467 -535
-647948127 48688980 608 -675
-479366717 924573973 1133 -246
-528826605 -673954355 290 347
-913369151 -375501674 2256 286
-19373943 -251053219 2286 156
204137215 -768247261 1033 -140
855890443 -64709066 408 -727
649708703 -719923078 1333 -452
532617239 -695405389 2780 572
-166035737 -129554257 300 -620
-57917667 784094251 228 -19
-146011819 -671713906 1822 218
554990503 -642198220 1073 16
-521746955 -809755011 1805 328
-771195541 748744227 2396 -256
74999790 93603855 1637 -319
-272976673 274271091 2331 339
-423045530 -963614890 721 -274
724981351 -355949547 1008 -25
-841620648 -981653993 2912 -963
231561861 594130978 693 135
21173451 -26590910 987 -699
-59480332 -876096088 1585 168
770856933 -393412674 1026 117
-403980684 658198691 97 -344
806237351 -515526307 312 -45
965660097 711561844 711 952
-891446331 135352560 2305 971
-834980470 749123882 779 924
-463669450 -369253964 1188 327
-45300058 -974513806 1693 69
-326589699 -804298452 2008 325
286731448 474039510 85 -170
405566280 530383254 1296 208
-554683212 -194241930 1634 600
-978002461 -525438675 2074 -10
-827588846 503307357 1605 164
573611980 -826348100 2587 -706
199760282 -455121993 467 42
862078613 918821376 1437 -530
79100345 856015600 2742 -129
-153025844 125597701 353 512
-474196512 -46244234 823 -913
-866085493 712397165 403 -89
923936251 -144153169 773 939
665495772 358853309 509 -881
-866024146 -490960720 2748 764
419301042 -883893324 1538 -163
81787821 -927271643 1452 -615
-637725695 488530556 2633 267
779095063 210581735 736 -138
899177428 694703161 206 -497
-568914896 642538001 320 -89
248224936 737487179 1249 -184
978427533 -283683619 1220 961
-293262655 -757899632 1830 705
112558930 177869214 2109 186
632858768 270730176 2357 -399
-276542459 -808075258 1317 -958
715628375 260233191 651 -111
887302691 865945478 2473 -276
311598670 130330855 1249 -360
219333413 421028870 1491 -554
446143157 793806417 42 891
259218341 832456924 695 594
559164985 -677525078 367 214
-922300924 -670520828 529 451
-560288687 -540160683 1930 773
-245119701 529901344 1441 -93
321541538 179697564 2189 424
939352771 -501966698 181 507
-26755925 -321806904 2797 512
617547231 88819415 864 836
327875356 86684977 667 152
704495572 513180298 833 -476
960251203 -746444069 80 -425
365557614 953624006 1102 -427
537497924 -589063983 435 -217
-282955376 -899206575 271 -383
941156663 -289847772 1585 945
516213715 -154816378 1843 661
840733092 -16443735 2100 -368
909061996 -354383077 815 -118
207717954 -129961228 935 -547
-509133230 677796578 1824 886
-708955582 -409868631 982 820
223437617 -793121369 2787 -296
-780278615 53262569 907 846
408731768 655634174 977 653
768376197 639776971 216 651
-762080588 -384413463 2899 -280
779336993 697641224 561 770
-543720275 -853342536 2726 -895
-324214921 -49870503 268 -707
-393995178 -161822012 2513 94
-835363849 148093311 2039 839
-306183332 765043127 1837 -199
-27833049 -116226648 805 -878
542677523 -587602697 1427 -662
-603353901 -911488889 1875 -67
-455251761 -11418682 344 740
-975311063 248518274 599 968
-50261101 -330589402 2555 -515
-103948776 853090222 1644 878
866620846 98952422 1323 -649
-214087117 370906175 1400 888
-675387925 -798020278 403 -892
169749064 88824857 2219 442
314479783 858344556 2991 -530
-507743428 525937363 1626 229
-177033092 -286732450 2834 -250
337403546 921523510 1139 -510
-984447430 153973787 725 -37
-652196114 -750923227 751 -614
-365198265 -162914364 282 -128
251867439 -953073429 2094 55
453349966 934739163 496 332
-872380554 752309585 505 700
-692104641 686904989 2564 73
382138381 -862738178 908 -584
-952388881 984186479 1632 38
891183550 -716829506 1637 461
774517756 -881541977 1739 904
-929969209 231142868 197 62
-995165789 858258587 578 -13
-218405706 -39966451 277 -305
119696251 343164377 2797 784
872203347 221660006 1780 -255
55931341 909741988 2885 335
344495041 -231700790 418 -876
145043121 -615293651 505 455
87043126 -934854592 909 -392
-442007677 -442848438 2862 296
-315452305 855715337 424 -432
-813247970 -680486374 1377 -573
-551629934 828088155 1553 74
855868875 -810072644 1392 343
123384116 504803271 2639 798
-754727817 -347893492 1662 -63
155826734 -699104967 2480 -246
960248510 -941712409 648 -47
-249086852 692903935 122 -127
-736573573 -59838121 1436 -185
602767040 -542851453 2440 392
-950563903 -304437159 936 -509
731343793 -934501558 1716 -386
451593747 -930166885 798 -124
88728692 714201598 2008 -508
315728644 654560839 2021 722
-675366385 -384193614 115 914
591493272 -120723014 2011 516
-542676052 573679869 165 -296
-124812261 -731404335 720 -241
-308426531 926231502 971 -125
-562628279 870213323 1751 -346
-684881744 487149230 2583 -140
-747138329 572350711 2642 5
-645707832 251644401 402 851
383993994 365970167 2007 545
-90375626 -722478049 2805 643
564386849 -282106155 134 -587
666390810 -869417748 373 -956
247248826 454047641 2707 433
-547619335 -432091238 933 82
-708389305 822182505 1207 958
612004488 637192524 2403 286
280753858 306433584 343 -131
637423349 854057990 2104 -23
638717173 -384359604 518 261
888601827 -453589890 204 587
489971394 -816507825 1221 548
-57543190 -183051622 1643 -876
-11698294 -254817471 2725 565
-818427752 885623206 2205 -777
-69949887 -289893962 2157 -841
-928073693 823985556 2285 412
253368627 522122582 254 -38
169227502 -503071370 365 486
-989896525 903153758 60 278
-399981557 915646692 1147 -378
724974247 470594560 754 -860
-849309554 -272176123 373 129
-337459587 -617424824 14 -271
360632552 288786693 2885 687
-91503461 -961077754 1696 -717
-753897600 -568666034 834 355
-996896474 -431628585 1 772
-707548046 389482630 994 -165
894806742 -226002363 1463 973
-729200138 644177553 2660 1
-842220038 920746948 1738 295
-673343758 -522194697 1081 -417
339616130 468524909 304 -931
562980699 338910475 482 706
-132341294 607195553 659 200
920500159 94589896 2930 -470
773348087 -724228269 2859 603
-438385779 466387543 534 838
-850183479 365779401 592 514
205070937 448882963 1750 -159
-407568995 -847057454 739 407
-863342470 957013285 865 136
-971221350 -967428509 2314 731
723416589 923706 2360 951
-465026345 558913932 2802 -79
-111896305 -175270133 2358 -399
-820077635 -218569326 1673 926
-708665986 801993422 2275 293
371175093 -687975961 583 698
666360506 -643353297 2241 658
585004786 -715259802 1808 -646
-972693688 514239864 1718 494
-614335193 991821265 157 100
629435091 417832071 1600 960
-523473275 -909740403 2267 563
34560781 209981708 1969 322
977383428 -818804318 118 805
967580353 -229764517 2299 -712
242861806 -474149507 55 719
-333684305 944624082 2958 -731
70256917 988769928 1841 -305
936249975 250317458 237 455
-496338055 -696638521 171 279
-82356852 -367798491 2023 -559
798477466 366823865 2107 -730
-306161840 142951628 1239 -818
-649909253 195960865 2016 901
462823240 109187050 2481 155
-584611205 411239483 2340 702
-344904973 -544896371 2728 725
-6087053 604337349 66 439
-425065087 -861351263 1011 -52
-635442757 -320816832 1219 139
-538170679 -108948530 2626 -211
-97442224 314744904 638 -333
-421862096 77390813 1157 -271
-222059650 700341025 1521 -706
-594805560 290477075 539 189
170906330 -208991839 378 -286
75877327 -366807721 637 -844
951089142 680577570 88 -508
-140732560 156091107 910 -763
-15572924 -451578796 290 -795
-643709857 -263244239 1635 -954
-831670475 294102201 2220 773
419329461 -266455184 809 -237
-387399375 746218235 2979 895
99270119 -769712653 2017 943
539770351 -478738172 833 68
-688314872 -700551994 2425 -126
-613201809 -872232370 1839 74
797035574 762752746 1145 -351
-517548821 -582457530 1424 981
-149964684 4656416 1561 870
-768196637 597140107 758 -40
-930967562 -753941941 144 73
622422537 -503087260 2410 686
-879915561 -100528444 2755 -185
900547468 903799063 1522 -893
283302443 236479172 2660 95
-305296904 -829358887 1525 600
-166894781 776459754 1990 -520
-412807084 -10786600 2899 -364
-600613966 -119105560 2848 -584
553608105 -911626365 1249 438
140267320 106708609 407 965
505939831 249650211 972 -235
409528532 -83269084 1081 271
438921821 -281760996 936 360
-881527079 142528215 186 -11
54243783 679146917 2208 -305
-633898039 -236337456 2107 934
532992988 27413673 1511 -621
370517990 -377640482 2102 193
-803255186 -267631751 1789 -646
-880486920 462098061 2294 -111
270935553 130905496 1415 741
-118630436 -950229636 1899 -802
-871642482 979820823 1765 -26
380090207 56631479 1350 349
65736695 -683647417 2134 134
112629181 -821938182 2244 446
-30447885 -893047096 2381 524
-870380150 301683799 2150 809
-197599400 156102836 2577 -931
-309349728 693194410 2681 753
-588054198 -633141332 314 -808
394560056 -808983183 473 685
599660602 610760577 2489 680
542081327 372126762 1838 -619
601901437 47937874 2640 532
-137406973 -644039456 2952 -607
-440607054 883127999 2427 443
10636604 -478194 684 -555
-585239287 196428217 215 -638
-554849699 484896899 2309 -566
-574541249 -218878061 887 394
-244108100 -309733031 424 48
311120154 985992296 1536 -713
723194287 253202818 2766 -741
429257495 -754069156 1218 680
321928267 -530691665 1294 483
-526400491 -52355804 427 925
873105687 -965692433 1377 -985
302269058 130998903 2848 798
-806391211 -968980702 372 -84
-635052647 406301979 1799 577
783891424 -2200747 2503 -817
-426425115 -319326530 1525 818
741709593 853861032 2979 -105
-306568030 -654055189 540 -54
-116097741 -195038380 1270 919
69935382 -629246445 125 -389
-916034072 923487920 950 34
-666440312 67222204 766 44
-777625240 -764472094 1116 -958
-784537821 -980540948 347 14
507405588 726569873 1789 184
765209622 -948605848 2390 -298
291051721 962316859 1350 -574
-353093875 -227058194 1721 -593
895026093 699497315 173 -641
179120044 -337214231 2794 351
58771176 182089080 2075 655
504508163 73900420 2941 806
-150302518 -692277414 268 -629
-38301325 -976206290 2601 157
-837170002 834068359 1252 -968
-916536867 285980693 2226 61
-968337523 -376891947 1555 101
283928649 -763271441 541 -502
425773991 -29101440 2681 242
-112586906 880792139 83 -991
369006101 -603269906 665 283
-701029208 596798745 149 303
311950085 -734481924 252 -760
985325068 161290227 69 352
313013706 -994166977 2309 475
627893275 391976883 2983 -830
-962090800 613144911 490 -97
709241342 -433814726 225 -975
-150183672 382052958 1595 -320
-855787328 -665909579 2117 484
-10561442 -872954721 2300 -81
-541607602 588892243 2812 -458
653481384 101714700 1257 -113
-384424619 593617810 2104 371
-996003083 47175971 424 285
653377586 -698792875 1538 958
601012241 856592436 1097 924
973712731 334954842 2295 -117
649874188 -102869079 2560 -554
853946728 791513658 2071 990
597835710 718340872 478 -791
-227436691 163499932 1885 26
469007707 -309529898 1116 -617
-186881403 -827476112 1184 -469
-688273824 -36813259 1095 -889
684571302 241210104 440 -170
943743373 -69946988 1468 934
580321366 747679655 48 -845
314438878 -523277254 628 402
977006206 371376766 1481 -657
960647409 423862513 2446 535
-635684840 202805002 2265 -86
-275078492 -91299801 2207 -323
99793043 934565877 279 841
108072592 -123999949 2484 425
746687105 608050532 2450 445
834784468 -918386461 733 2
976329563 703783808 903 735
294395792 119354940 1847 -29
69970577 869402304 441 217
533080744 -112157166 659 -717
17858998 -538013814 47 -410
-654150372 766751870 1065 59
-991729834 152524231 886 -70
658465279 -783150064 2627 436
852960683 697864951 2208 -717
-515312761 83991505 545 682
-143630506 341703827 2908 -591
-373863137 -672788158 1736 -650
647710142 -111721151 877 -188
-127022733 -235882594 469 -910
892921635 -328589400 569 425
421174502 599376420 533 -886
37008253 103534113 2397 865
-365807084 954239632 1285 115
181378869 858237027 870 134
-401048263 512105555 1969 -268
-286233266 -934938975 2127 88
935787988 -191034055 2381 -357
-961979848 114020003 918 -589
-820390315 829185962 937 -900
-196712322 962041105 392 -288
-188545442 -149809655 2743 717
736118794 -308655225 518 925
-595065176 -319766334 2457 -604
-187623852 -794442366 1194 -607
51955141 -190822290 990 530
622430149 497760472 1087 518
708653882 -262601760 2748 200
-764817181 742369010 17 626
416825542 21985349 1831 745
151600206 499377715 1751 -614
-706546128 459898917 916 741
-675832990 349626708 709 250
619060610 -103934860 953 -850
24230012 654114936 322 548
999031445 -653752568 116 -96
9038079 -149203866 1480 -931
178516888 -178549610 193 -281
913192815 -432194125 2741 527
624365596 -232332653 950 598
-6750981 -414066169 318 598
125654681 -66868153 36 -416
-170559129 -355102633 2582 -580
-111281658 775068524 2908 -902
195318360 -453508177 2060 -536
595075100 -287164522 2582 -191
410351979 -858948564 2926 -466
-617502742 724050000 285 -889
-372868103 -296097753 1697 795
747627680 -542653649 2534 883
13981427 -375741489 458 -602
38839043 947121591 1984 319
-828585226 710446489 2220 -341
-744772581 359898953 498 760
-732212614 769672685 1808 -508
-667176635 -397158678 1042 -48
613434481 -677618387 1709 -123
-555055473 960960737 1881 -310
955479879 -433274149 1300 -956
-143065626 -530127976 162 598
-615226122 -902396041 1201 -904
-769814027 -861608638 2427 576
823983757 923326022 544 114
-442471818 -746844115 1239 -223
308080171 91396141 404 277
-217595958 155842589 627 288
-901432817 387421834 765 -251
155221834 443366956 990 -367
283637213 401868949 1669 213
649267662 -30991333 794 808
-140413968 -822157078 254 515
-361122149 894558915 132 -283
935092381 154951998 2549 332
245578567 -22175897 824 709
431361227 357788586 1196 11
-149936631 61742295 2449 -497
-335666437 812482721 205 465
-99433139 130564272 81 128
-404930118 -331772717 1420 -408
606107878 114847412 1802 -624
-575253321 -168845302 2054 -251
-928358462 459367937 568 729
-991466401 404365147 13 -731
798274581 -429993907 714 -140
805990290 812393375 342 970
-44931375 770282313 716 313
-277821111 -20592028 2786 106
482487840 -11122827 1734 403
765690346 305130915 2639 -567
739325418 5644787 393 -785
-555083467 771254678 116 -507
-61142326 774512432 2767 104
807182952 289902521 2785 -104
-352298215 262247527 1258 983
410126417 571814475 2023 -901
-715985921 -106592071 1564 842
176334529 -15036778 66 -497
-851697495 -714906890 1490 -138
741634576 892643694 967 -460
608428590 -220013495 1236 -569
-221441138 -258715852 1338 -398
341161265 90228122 1244 237
451771197 -369745551 2887 460
969515802 -337317952 1008 323
-228671052 946636273 570 624
690952004 767533578 783 700
722220019 -996494843 201 588
-566907526 60502026 2958 -836
646445155 -808285649 277 -508
590398405 788483166 2535 -468
224720431 947960465 135 -869
-877382574 -726574642 2589 133
-92910702 283173185 1883 -866
337935444 387780248 1542 101
291301031 -221209405 1943 315
443759630 200067838 605 43
142530148 -909400022 1338 898
277278998 773802229 1427 -591
-704517772 -475754673 742 863
-747126557 187635709 1674 679
285596057 716053597 997 -14
-854068010 -50031693 2494 924
401255901 -524639813 754 261
361122720 -35268672 1976 -821
-170430106 766105120 751 -901
567380161 -371369157 1603 -610
-991875154 189110158 2279 -511
982849829 -839294517 2447 523
-480638490 457911206 2661 -318
-60726941 397038885 1984 751
-982761404 -471075085 974 188
-524701735 978483262 1292 -103
-958430145 -254557795 2946 553
-669492382 327921581 1239 945
-954723082 263640057 1693 -34
784205627 -867627478 173 -408
-347217323 -544498457 10 866
-292771063 68184333 2 447
-979017480 -724154869 1285 -160
-780136211 -156658008 2504 217
345571996 656970833 254 -835
-41368025 685905013 1920 -768
-318729120 127442150 906 -543
-990205239 -305748750 1050 -687
-778254729 21371508 473 -212
606319592 -589566960 458 -830
-593026799 402078860 2017 -375
-589689270 -270743898 659 578
686549945 874679592 868 259
869440604 -570148086 2217 105
-121316437 377953892 1 -835
222045445 -683435112 946 445
-990507410 -620585717 2766 990
-46685103 445344263 42 199
-857250377 -26016907 270 -517
-764850289 984342347 1938 851
-223925463 -420722610 24 449
585416838 499174177 1282 585
-588582107 -995077390 81 -844
372853474 544474572 986 770
-175813778 -976726672 2890 -835
-589680313 -459933832 905 -961
361022651 773162441 984 356
-148662367 -761554743 652 288
409410573 -704452769 403 698
-663545042 -734333796 2773 929
-247434974 -329550112 2465 -591
795283889 45002267 2221 525
99989901 -717858530 1829 832
-894961425 -427338229 1146 363
291218233 -738347624 2875 203
866728023 418987790 1302 84
-814048118 817041867 856 -286
-695583177 -715690785 511 -345
710887934 628313437 756 -290
121055212 -785831919 2107 -70
-921847037 -746598203 913 98
411380677 977886990 349 101
326004390 -301221897 873 -479
-929768477 -731100423 989 -852
-657956153 39868833 496 -505
-135851743 891687970 2543 -900
-582336256 409938680 27 390
265975286 -395069260 2501 448
-691897079 62505923 1239 807
-159462748 894569681 39 351
890776183 256033554 2514 244
888403235 332159655 111 185
-386810128 394235380 1824 -310
-925687328 821614200 1731 185
-846241083 442787195 465 -614
-749693504 505656668 2084 887
640195256 669807734 415 -745
-528033116 -896519065 2382 -366
-155370087 257705528 2488 402
-30170193 -836855600 1297 -667
770491339 481675810 703 534
-373431436 -962924554 2331 -306
-778648932 637940957 427 804
-585917896 -376149043 33 667
-57150300 206676188 2210 348
-211654260 128924199 804 -816
500203920 33697460 1235 955
-478395347 -260086818 2920 -228
-239360350 -933243976 576 -234
979279475 -771524752 1746 136
666426265 119189703 1415 -75
897127526 -537438903 1802 -724
-769059694 87267132 2248 -378
-868698747 -429025074 2104 902
-322049865 -862359441 568 919
-899111825 -492353171 869 198
-561678025 -855309615 2293 -93
662900499 -135683738 2849 971
-532070213 796297467 2957 26
-288509883 434593272 1197 -210
489894436 -572590272 2743 -937
594912244 893751137 764 -360
12210787 -548652378 1045 -908
409878822 397926844 608 148
95776358 -176248081 424 -399
985439070 840883554 1252 731
6355892 -372538961 2618 502
707197411 981652610 1591 332
-898323969 906692310 2850 -79
-881189132 -313527838 1278 655
-514627368 -303620879 266 326
-517628932 -234407059 96 -6
-285014451 466523636 532 585
205747950 -439904107 349 76
291455760 58222579 585 841
425551045 11969190 1509 723
656029778 -324919442 1057 -632
274689831 987530556 2971 362
763842395 -790453277 687 337
931980937 79022062 2567 -264
-398599176 -47822742 2037 518
854102871 -164112944 1689 -384
977146477 -879778084 1384 285
-300385724 967494826 2085 822
-833745719 -234103085 2164 -528
-131639942 -394436415 41 -444
-956796214 -996217473 896 202
639023673 -241724155 1076 954
969329941 165072928 2928 -761
21480458 -438531503 1965 436
-894185386 621920763 2920 -933
928193280 -368054787 2546 169
-484276089 642129624 1961 947
-781008791 -755099681 237 -30
-5816947 -138792691 1318 210
-144732688 -653770332 1372 -550
752623217 -413538193 2256 383
-85890638 -897748932 2749 915
557648294 182465771 2419 338
372588971 555898931 2286 214
584870418 730689004 1655 193
731647121 -227103991 2994 732
-750694689 792489864 1634 -541
14807202 272481906 535 698
540767501 934266221 1766 -816
-699451292 891071097 2941 231
-280454100 -678485417 2442 118
742420926 -314480748 394 170
711934772 -498601240 2743 -187
839218522 916355939 424 -233
512851184 -711691836 422 316
82743300 -606848862 1235 854
328063046 215181095 134 536
-669011508 -823793870 805 678
-759322636 -878387552 720 397
-772810963 706382220 1123 -653
792759297 -266973010 619 397
-334628611 911086301 1327 112
829847138 -70980721 286 -381
-273650500 174597623 1935 58
-661435878 -157188 1408 245
362262885 275333699 2465 135
959747076 -283790247 369 -598
-210573672 -630798502 2368 -20
-332175694 363245544 200 -303
685583105 248883701 1326 289
-444797310 -667564621 1930 -395
189461621 -260395079 2852 -444
803968584 817129439 2071 -990
529360688 -333055853 441 -226
-56104031 453707641 2035 -875
376580500 207603650 2777 -700
253048672 416557393 1637 -231
-544153824 -78854854 630 75
-444641169 485755515 1126 837
-474413417 913086526 188 -362
-517127787 952603454 1440 100
470283452 -184475761 897 661
594598103 877645858 1116 123
723339876 212544343 2035 -625
-879630388 -788514754 834 -311
598922559 -785329434 571 -561
470857330 801137194 2163 -616
-649052398 -888480614 1334 -895
-997892558 -6622387 909 34
422704681 118283236 1527 949
-642919444 -889639864 2673 -376
487716351 453509399 2857 -625
267149817 767272532 1158 339
888814371 -812042522 1956 134
-627527396 -579216385 2857 805
-229981298 -893721795 2509 298
-622163993 -908552045 35 107
76746057 620411479 1307 -137
-136233736 -70684379 2986 -965
546111618 736709665 1501 -945
434677884 846272658 12 -515
-749449496 -630528772 1075 121
888945732 -407476250 759 -690
-586095146 -670110359 256 285
545934741 -222793297 2351 228
-921566307 -639919145 431 447
403017262 770665254 2069 -397
-296782593 -633623874 952 265
-490694430 56153788 856 -661
852028043 361116690 402 951
816622349 695037427 2089 256
-973029956 781319038 511 -434
-450794891 538420504 1012 -959
-320423840 -886937398 1668 655
782268064 781692554 2346 605
-134484406 412028075 2089 755
575699912 592839340 999 675
-469620137 523246989 1802 -375
987410042 657623544 418 333
-930761553 705038659 971 -348
-163388274 -699308204 1930 164
647748561 697942094 1257 -458
-226807248 -353460369 1373 149
741314519 -268870824 492 -381
-121936894 -198334155 1283 -368
93321294 72787356 2118 265
176862800 34424504 2170 216
-509153499 -888515210 2265 91
-455510653 -105832344 2083 577
-778014535 151868500 2340 -169
-48139490 820432104 1662 -572
762702431 425537850 75 104
-782715130 -945395740 468 -64
-571615723 -78244241 2203 255
-568212058 458454745 1755 803
343823537 783382909 1336 -304
844937660 74390807 810 -665
377146092 752843550 742 204
875484133 -355929060 363 -867
-470909206 -529401084 2728 -258
-59491709 -210196426 1551 -375
332552366 -148167639 232 -81
803440558 949396620 1991 103
713339373 -791668166 102 538
-16549397 -302000526 364 558
-151128554 -607047893 51 -137
131142198 -112352315 1424 -179
-446096619 840230989 787 839
-760546531 -459024869 1240 32
652639091 -382116162 681 626
-173434718 -817099013 825 612
439231726 -949897908 2761 -738
-592745750 -989864530 1002 68
-13091069 -13175986 2540 -566
556722277 -515839576 2454 -733
-77076271 118153490 2255 -497
-601542524 415765530 1255 760
947970211 72335023 1731 -959
49706069 -509641856 2103 19
573293570 759055036 95 -751
-137651756 -651154990 2786 -267
387121566 -353326390 1134 -1000
5322932 -197209373 1623 343
703143900 969086479 2997 -399
-672567391 105524324 159 -51
-468359978 -41692596 2899 181
952660624 42135733 532 199
-982502179 -295906628 2563 522
-466686290 706981780 19 -566
97221318 217496598 473 466
919600716 654314939 1416 -616
487087598 -992538011 2376 831
-797307458 -79260740 183 -985
-221684861 -903164828 429 -478
518495186 937911889 2767 -472
-150768846 -748213279 2098 -860
-272001770 352570297 736 -118
205506840 38115735 693 -625
-810460388 468471420 972 -852
76304279 -636932010 2592 711
-776866018 -382956605 91 609
-862472734 -830662381 1287 -734
302029446 143128204 595 -627
512786654 51474298 1176 -54
-814359538 766987661 2570 -275
-661080140 810268896 2698 -899
162502326 -777214851 2648 -635
-341769509 -722790540 2515 -262
390781913 -85266569 2276 -326
740883279 -664542030 1208 67
-671319572 872305357 2203 150
524527283 -742983490 2717 -301
718509927 -463927850 479 -952
-469149669 892182445 728 720
585922734 -388602348 2360 791
895590032 129006882 1442 801
-276692860 683758708 1824 -460
494436039 -877133497 1442 535
458216730 343347049 942 -899
509226146 50888558 1687 862
249175199 487697769 2023 312
-998546038 170649597 1454 440
-316368453 -440032599 377 235
27524786 -954604159 1190 -560
135238585 -548918852 2282 881
116275746 -958782091 2824 885
-339595270 242788799 1652 -310
767951510 345425554 975 272
-895997725 623314263 2390 -189
990006204 -152206306 1814 -647
-294971044 884748794 1438 491
-562524203 -500142442 1334 20
-591895581 588042712 2124 -50
-58568942 254924365 2354 610
-353962492 346594336 689 808
878747885 -791516468 1863 -913
-494484921 -767343884 1709 792
566182947 -4668082 2572 966
354207529 839229245 2210 -495
830676805 -350687794 266 -910
418317452 346455691 1348 -183
880858314 904566996 1033 -670
459516377 -548822567 254 -404
-622015429 -886280867 479 84
308472221 380967255 63 763
209391429 451750068 2022 453
802967205 -482092887 363 -389
56573355 -966790386 2203 675
608888412 -329390587 1595 -385
-484506876 -158893710 2305 -96
375250206 434192487 69 461
-953119333 763722175 1490 175
410476907 113971306 1705 899
229336349 508997589 2043 -717
-208262793 236357998 1802 919
787356590 928962989 2901 5
746769849 728095603 776 -439
62543257 565537747 403 -769
-152647157 -955038058 82 932
-980850898 -898693409 1123 481
392658546 -617722355 2495 412
590000973 289554334 1600 258
-94773768 908070625 171 -141
-536610576 750907305 2096 -627
-830211559 -372044444 2220 -814
-137975170 14544781 2251 779
-981792902 285073192 1863 90
284327554 -415091674 1673 -738
750945832 59376203 1673 -14
721926760 450104976 418 -829
857211169 671428410 766 -85
-929481025 -73585540 1178 347
-736958838 -652829061 736 -271
121595471 923579914 2217 558
572773989 -118388555 1349 -727
-757129757 -925632888 2806 -361
71485896 854057908 319 128
-808146860 56295354 308 -474
-702502807 665259848 1957 361
243954447 -191874601 2348 -401
-973025456 721228892 2163 -864
803816294 -334388299 23 84
-735501834 149145532 637 831
-327508060 -449837189 1073 -484
-609475048 439384615 2028 -862
-837155421 466907179 1620 2
219004226 -828371255 1008 -644
12827231 235952132 2288 394
292047083 385134883 2331 -651
-992084039 361587855 1262 -426
553822449 -888514804 2899 -514
530849683 72771174 998 -1
-539866028 -191742506 704 -895
-13015583 718843706 2210 -620
-834010653 -158006894 1885 -516
-768785307 -721533057 2583 892
367781918 279216310 2937 -798
800672535 972775694 2088 -803
344146883 -60813712 2785 -614
897186340 -905202002 175 -814
-26011239 581419706 1424 -225
-779331751 -996629966 1362 418
-160657029 -537743395 2342 801
-589003849 -159806651 1766 415
391248792 597999674 1004 487
100610665 249266447 2859 953
754746959 -167058278 579 -132
18911312 474138890 2266 -54
122636937 -64402744 2210 -110
921649291 781681126 2473 460
-929132360 670086858 314 -399
771450554 -990021351 541 619
-105418781 -399510917 1965 744
553983738 -765256285 892 -347
294775012 861136529 845 530
-735860066 130898742 1692 -295
102962067 -84801014 1914 454
-675465710 788082815 1649 838
238899263 299856524 387 18
-440701231 789771537 2254 619
308042397 -242149182 1634 -349
-264971085 -232651121 2032 619
-676967347 925795032 162 253
-728998850 183896526 1624 -367
238340904 783784836 1883 839
-774113789 -355958335 649 178
-941232836 752855193 1095 742
-457043925 -206644913 860 -20
736254745 -731829756 1969 -325
869331184 -679438796 2683 751
-301052097 87507893 2205 -317
-58588854 -811416541 1081 20
-30524080 626070626 8 -851
801298248 237578254 1751 88
-700327616 -718125028 1146 297
791984780 902078120 102 -362
516561460 271698513 977 -7
-295500877 840773206 25 -551
303333652 -55652547 1222 982
732108442 430854072 728 -749
-193450472 879516347 2710 -408
233917088 870209 2766 613
-250685284 493703741 418 -536
-768108640 437069230 1430 -864
-695748841 811981588 799 -888
641653121 -974018498 2560 867
368542099 -121666300 1204 93
945358331 -359410480 49 927
-142079149 641234880 82 -981
-216914138 -293961669 721 983
745646294 112979246 619 22
237638019 91531304 206 -782
10189016 700395488 591 442
-705747560 577837847 834 -929
650093286 -530707158 7 593
-280928963 -812145893 8 115
311034401 220662591 2352 83
-945258940 753097070 1033 -773
-415659670 642767339 1291 -75
666853696 278148686 1188 977
-884549928 879859469 402 901
511915872 -774190617 2344 -349
184624269 -351716925 440 760
-899366965 -976048746 1952 661
-185135572 767279374 957 358
308461614 918286293 870 650
187825941 -866004771 368 -358
-593395791 -733550995 1196 -777
787030367 665806228 2447 -31
-555874296 -68439756 85 -371
611410323 -673869596 2375 -827
335245474 45713393 2539 -960
-695465456 -668329289 2438 263
-631963659 232460575 661 -787
953845954 879240420 2127 947
-717946150 791090580 1944 18
198013087 392577098 431 339
-809512795 -182584300 1104 114
-775191253 -358512800 1343 13
-497504687 -720119607 2848 657
-908549920 925751938 270 804
244314549 -650484732 1755 137
730096839 -786453282 286 828
604832308 347032385 1224 894
-217692359 -374552814 2822 -83
-603470535 252843199 1293 -654
-933701516 440767620 2678 -245
-911816765 465741800 1956 550
947239253 943280000 2575 -125
982495780 -576624250 566 507
914011562 719261184 670 51
-524633093 194715867 2522 230
-350828244 -563721853 1882 -703
-171645713 920618616 2103 410
68812621 -790912050 840 -269
-513745931 715950202 2147 15
959619802 -876406624 2107 -329
-752720593 854927902 2592 -499
-515241956 519889044 703 329
-179255514 -602196704 2475 620
-744420041 -102405971 2344 56
879856545 830693533 2969 -398
-547954923 668792951 521 295
-197746830 477615003 2912 -155
434634847 183878926 1316 -882
-699079364 744294515 1251 -84
-255171794 710517231 2031 284
333668927 220382923 999 685
423899338 531784536 534 -951
-967642329 1682235 130 378
-780440801 -738252996 664 -714
-821755473 951556381 887 -556
-206397248 989635938 478 114
-107280150 -611148464 659 -461
433429446 -715940501 1802 932
-776929252 398073634 1886 -247
-214947356 -420049742 6 814
-402713493 214104916 2440 786
524910189 -75417748 1762 848
299344430 -323693811 739 -346
-661199610 565252817 960 723
944616672 336528214 2220 -783
-765734792 -919603368 2479 862
-262322708 -105561722 100 456
-364438918 390786793 204 442
430327356 -368848208 465 441
-133529694 637576270 2199 434
-382545372 418706061 971 804
-134432511 -28298740 2712 -308
-333218045 289564203 2 -457
900811444 364007027 1848 442
640578001 201432321 1829 -682
-305670904 357190788 1813 105
-721328521 -545328488 2535 736
680299837 -190761511 2008 469
-316073139 301229015 2464 -503
-778508099 -910810585 1196 638
386753003 29210236 2518 -99
834543196 881774657 2665 -174
-249976241 -339654645 475 -253
-189670812 635339027 1415 397
277826547 -921651043 941 294
438294661 -25858054 2993 359
936625891 667764813 1789 -276
-66745934 12306742 480 -405
-224239145 -393326726 2719 373
-689098409 -258227320 692 -437
-984093729 107477094 532 56
152573212 476201706 1595 -820
460776868 566718328 2947 572
-106184946 -534344843 637 34
-733350201 877231241 2053 822
403765312 -280569106 1499 -937
-908131937 938162198 2587 828
-623888060 -308853675 2057 -614
-803846309 524539766 545 -480
-943166625 245775813 2247 926
-495765836 763511415 1394 158
-403074512 -841162213 193 -500
545204407 920670898 1586 -957
-263613783 917147001 2817 413
-682389200 310308002 1550 337
581850753 451698517 1401 644
876879161 521909806 1197 -134
-378908910 -177760234 905 886
-185694305 -258813261 2346 -448
648138057 826804272 2665 96
49910204 540627768 97 -428
884350855 -658142235 1912 377
896085020 757197919 1244 480
-710539106 147835250 1864 -919
906347787 -159665954 605 340
-241018518 -340765224 2728 -431
-403670793 617752143 2741 -815
-612699109 -540202991 878 444
-949291380 -379680156 1543 897
-677806368 542640043 31 804
365033956 393737252 637 117
-801405649 -34279827 1536 123
-563372909 -581461637 1551 -224
871538529 -346077746 1541 596
24363267 214742984 2348 76
-851606436 703768885 1682 -338
756562965 714619742 284 -183
-885355696 -499612062 931 650
-864986364 -101220056 1831 -748
-56475868 -973733754 1293 -431
558781677 -539156692 2901 -661
-189222773 833185842 1201 457
104487202 -663757265 1673 176
465150937 817169031 2333 -327
-722236714 -631698524 191 898
-170885479 992351612 2107 121
-720683206 -887765965 2419 -588
105846026 737103515 1972 -734
-30978139 -787749679 2220 -32
776491119 -202372207 2351 703
-910286215 852107441 2907 -847
917418163 607759740 5 516
-545370114 -601406518 711 -175
-665934505 -43390639 1776 -938
-383259821 82473605 2464 740
-355853684 -393697471 1522 -719
-253694937 455396618 2881 -513
-153956433 638508483 589 -104
517627263 -324433125 958 -681
968557534 -791297440 2639 -995
-530355032 359734132 2183 -559
795151578 -302744705 850 624
-202039122 509132935 1622 746
598070351 16441193 1373 -42
950708333 36721252 2152 -372
-265139234 -822183905 2040 552
797587498 535835205 2946 210
-224982407 970462759 2885 170
532084833 -742594718 1442 776
801017643 -629881119 2662 -704
263288719 456650560 414 -606
538952010 372540847 2152 -236
-675248526 -401773647 1000 -859
-947468665 94538584 2749 612
743342899 -13811962 934 -407
582459137 -218074180 1380 -224
-412809559 668394251 801 -115
-77445494 -992651887 1750 499
641523487 -438670451 1230 271
-660467468 845795162 1083 -271
418327703 -70932977 623 -351
391853974 -176943620 1145 483
225365819 250035399 732 623
188773324 149001008 1844 -59
-304145594 152615814 1270 -332
-749737303 -106240585 628 -691
240533002 174378372 2740 -73
431451031 126466025 1963 -989
-450884958 -19744012 1933 -642
-944806073 -184535714 2094 -692
-393465526 991642747 1106 699
-715598249 -263525452 1813 4
-695659675 -919179343 1575 87
47952003 -42885437 1232 -560
349807034 -923099892 1251 942
507465114 976400581 754 -805
743942662 385201511 2434 -260
551115707 -51109489 1831 -582
-237191931 -675224917 623 -545
503678675 -371777459 2985 689
32012721 -179444806 2847 -241
388636451 -38029930 1116 -618
-230526724 470383956 2574 -316
620283 134449887 2364 244
-199027537 669981712 1688 258
565570161 -163554741 608 -808
144437702 -960450651 2929 107
-19974762 -654350959 991 191
-630077475 430465245 1019 519
938341307 85357824 2418 243
737609167 -437587935 896 52
449589970 783096057 2347 -35
149267228 426820086 372 314
839953776 324889224 2265 429
534091372 940119816 1335 333
116657814 415814409 864 857
427547109 700774529 2449 956
-590330319 537349543 315 18
-217398850 650741811 2844 776
-48722758 -105430852 294 -904
445358896 523542860 2717 -485
109822580 -821901789 2694 384
-963197653 -444596215 2480 -738
558857969 -986403120 2202 -453
40556535 -259794130 742 -258
-527603622 -596907685 2095 -679
665728512 -397634067 300 725
978577718 -586419707 1033 -439
770741471 -418319584 1766 -213
369147997 694306411 2069 81
29127145 393686953 880 943
-969158832 542633928 1751 24
-356747486 -190876445 266 196
86156559 -462561080 2189 -868
955319006 -507225335 1697 -642
574464706 253213762 2836 472
347367546 842881225 1837 -200
-204531726 -222187738 1221 951
-794597842 611856693 720 746
520642813 542884266 1777 144
-689304539 855416262 1424 384
242522861 -845437811 2007 0
-715742640 -185556107 977 -158
-945578819 47639466 167 518
24457494 -565805141 91 -573
-76114128 372621039 256 -845
45379757 229113311 110 44
648140558 517427660 90 -350
-661868591 -334601294 1175 -518
98931781 -1915956 1433 -779
-133928382 943507663 1382 275
-54789662 -542962863 2507 72
-431773038 779412269 1344 -963
488862665 311355625 1710 938
-913247908 804532511 2276 -748
752791298 132933064 2832 -612
2 2850
1 2063 -353
1 2971 -386
2 1178
2 1038
1 249 -408
1 367 -634
1 1101 362
1 2982 519
2 1926
1 435 -597
2 103
2 547
1 2036 -730
1 705 -868
2 2776
2 180
1 2543 -173
1 346 879
2 354
2 257
1 2741 -875
1 1975 -888
1 2763 450
2 2569
2 1687
2 1771
1 1021 117
1 2833 -161
2 2695
1 1778 -659
1 2512 -201
1 2318 -690
1 892 -14
2 1352
1 1345 82
2 606
1 559 -797
1 2613 839
2 2383
2 1848
1 2195 -522
1 2043 -717
1 253 -503
1 1148 -920
2 2248
1 2958 130
2 1500
1 1681 245
1 2570 261
2 1678
2 2573
2 397
1 276 151
2 1424
2 321
2 1004
1 770 525
2 2890
1 2112 -725
1 2231 774
1 1962 142
2 2318
2 1480
2 2372
2 1985
2 2748
2 1417
2 19
2 1108
1 953 -485
2 2654
2 1440
1 2043 -853
1 1881 413
2 185
2 2566
2 1897
1 509 -392
2 2355
2 1212
2 1771
1 1040 -145
1 859 414
2 2344
1 2496 224
1 16 153
1 1010 -171
1 2339 347
1 2573 730
1 2448 -119
2 937
1 2291 -622
1 587 -742
2 2170
2 585
2 2353
1 2668 250
2 753
2 222
2 1026
2 1851
1 729 90
1 1226 -522
2 2632
1 416 -118
2 1592
2 1562
2 2629
2 1688
1 301 -359
2 1996
2 1451
1 777 593
1 1021 120
1 1805 -842
2 2979
2 1321
2 741
1 839 -556
2 1601
1 2310 -888
2 64
2 1122
2 900
2 638
1 1014 141
2 1424
1 1172 99
1 550 560
1 1104 -298
1 2566 628
1 2977 746
1 1569 799
1 521 -611
1 1862 -122
1 1695 -49
1 914 727
2 1838
1 68 -744
1 888 546
2 140
1 2159 -920
2 1911
1 2109 116
2 1259
2 802
2 1691
1 2628 -676
1 2565 810
2 2346
1 1515 374
1 959 -432
1 2809 -741
1 2175 -428
2 2190
1 7 764
2 2343
2 2670
2 1080
1 1612 38
1 1000 -211
2 1974
1 1232 50
1 1460 -482
2 887
2 1826
1 2420 199
2 1680
2 727
2 566
2 601
1 1653 151
1 378 -822
2 2617
2 2858
2 1324
1 468 -24
2 555
2 385
2 657
1 1606 905
1 1666 -496
1 449 -301
1 2893 321
2 371
1 727 107
2 971
2 2968
2 2725
2 2095
1 1176 -423
2 900
2 550
2 2402
2 1465
2 629
2 2444
2 840
2 2973
1 1431 924
1 649 -818
1 2909 14
2 866
2 129
2 1887
1 2296 792
2 703
2 1128
2 335
2 1018
1 1502 -957
1 738 -244
1 511 348
1 1880 -77
1 1057 -766
2 1874
1 1483 -575
1 706 -156
2 1741
2 1827
2 1460
2 36
2 1499
1 1306 -959
2 1428
1 2697 -857
2 1626
2 135
1 1294 446
2 1388
1 962 -28
1 2765 881
1 2622 -145
2 1603
2 2723
1 2312 742
1 2541 -177
2 2690
2 15
1 1873 -249
1 2735 -829
2 1468
2 763
1 9 -423
2 1301
2 1235
1 2060 44
1 2247 -171
2 1639
1 1057 736
2 760
2 2680
1 643 -92
2 1602
1 1742 -815
1 2229 -251
1 1577 789
2 2719
2 1280
1 418 -794
2 1929
2 419
2 558
1 373 127
2 389
2 599
1 2055 576
2 1517
2 2820
1 1964 127
1 2569 499
1 2817 -623
1 90 864
1 2514 523
2 2700
1 33 -839
1 1708 -795
2 695
1 1786 -796
2 820
2 2707
2 266
2 199
2 2332
2 1934
2 2518
2 623
1 432 -527
2 2905
2 2705
2 2389
2 1823
2 1534
1 2129 205
2 29
2 472
1 152 731
2 938
1 996 734
1 2922 538
1 1029 -984
2 870
2 917
1 728 684
1 1401 -724
2 617
2 1422
1 1663 810
2 1048
2 1978
2 1720
2 923
2 189
1 153 -240
1 926 951
2 250
2 2367
1 1664 -377
1 1946 -416
1 2121 11
1 2433 302
2 2827
1 892 197
2 2719
2 2753
2 2862
2 2102
2 971
2 1724
1 1447 -610
1 252 -795
1 119 -518
1 224 -319
2 1839
2 2870
2 1819
2 931
1 1204 -836
1 120 821
1 1031 251
1 248 683
1 410 43
2 1941
2 363
1 1766 762
2 2909
1 2551 202
2 2872
1 1231 885
2 2010
1 1123 999
2 1396
1 2023 -622
1 2945 178
2 216
1 720 -480
2 857
2 898
1 2684 431
2 1547
2 521
1 888 -728
1 2842 407
2 2926
1 428 -59
1 1457 15
2 697
1 255 460
2 1832
1 945 -3
2 1927
2 2711
2 1114
2 2138
1 31 865
2 1770
2 1104
2 2879
1 2070 57
1 2577 830
2 2326
2 2608
1 2454 35
2 883
1 267 306
2 2557
2 2686
1 2960 -213
1 544 -792
1 106 21
1 1725 608
2 2213
2 2185
1 942 -769
2 216
2 131
2 2132
1 2124 -256
1 290 -944
1 491 -42
1 634 214
1 1259 126
2 887
2 817
1 369 584
1 546 -850
1 1549 -368
2 2243
2 2509
2 1243
1 2084 655
1 55 -384
2 734
2 2771
1 297 -85
1 470 -894
1 1141 314
2 2234
1 2536 -171
1 20 -440
2 225
2 2019
1 1092 -611
1 1258 -773
2 947
2 2550
2 1696
2 1164
2 509
1 2153 222
1 2026 152
1 921 -955
1 2387 -48
1 1539 -253
1 2377 441
2 800
2 2497
1 1113 207
2 994
1 532 -906
2 2937
1 884 475
2 1214
1 1131 -332
2 1141
2 2706
1 225 916
2 2293
2 1002
1 1485 -910
1 1048 -960
2 1592
1 897 -488
2 2735
2 935
2 1887
1 2475 -347
1 1597 619
2 2707
2 1964
1 2380 -645
2 1056
2 2791
2 1352
1 1592 -807
2 1732
1 1731 -900
2 1669
2 200
2 1634
1 2068 -306
2 619
1 2620 106
1 2313 -96
2 245
1 1992 -280
2 259
1 904 497
1 2691 557
1 486 315
1 2304 256
1 1678 129
2 1262
1 1724 709
2 552
2 807
2 268
2 209
2 589
2 2988
2 2927
2 1695
1 2320 -241
1 2312 799
1 2067 533
1 1817 -776
2 2866
1 1972 -776
1 91 -371
2 1196
1 2419 -799
2 2121
1 2091 564
1 364 919
2 1330
2 282
2 2529
2 2348
2 2872
1 40 812
1 514 116
1 573 -240
2 576
1 2593 497
1 1214 343
2 1609
2 2861
2 8
2 1016
2 1680
1 815 328
1 73 128
1 2608 154
1 94 -785
2 2799
2 2312
1 1424 -818
1 2645 -449
1 735 -959
1 571 -411
2 1601
1 246 -240
2 163
1 248 -286
1 320 408
2 841
1 1768 -198
2 906
2 563
2 1039
1 2223 -990
1 1720 -857
2 433
2 2754
1 140 249
1 1212 357
2 2759
2 451
1 1610 920
1 2296 -123
1 2259 417
2 970
1 2282 -140
1 778 388
2 636
1 2882 -99
1 1551 -410
1 2854 -496
1 2312 162
1 2719 988
1 2768 832
1 2289 -236
1 69 8
1 319 -981
1 199 670
2 2348
2 2060
1 1127 -243
2 1848
2 2171
1 1171 785
2 136
2 377
2 2419
2 2371
1 123 -800
1 2221 -270
1 2500 0
2 1199
2 1463
2 1007
2 1821
2 2499
1 156 -201
1 1507 750
1 974 541
2 1548
2 2910
1 1345 625
1 1826 719
1 775 357
2 2517
2 2267
1 776 687
2 2705
1 1048 790
2 1377
1 1688 -863
1 2651 128
1 906 315
1 1935 -279
1 2213 740
2 467
2 1879
2 1105
1 1281 276
2 154
1 396 -988
2 130
1 1030 -894
1 1196 72
1 1685 217
1 2886 -977
2 2685
1 2916 -4
2 1253
1 1677 81
1 2293 -871
2 890
1 321 -339
2 608
1 1785 910
2 712
1 1756 297
1 1231 -696
2 2824
1 1771 -140
2 2251
1 443 -619
1 1745 -118
1 2901 -303
2 54
1 2973 -432
2 54
2 591
1 25 -807
2 372
2 2539
1 1481 773
1 87 917
1 2150 842
2 2218
2 2877
1 499 980
2 757
2 2393
2 415
1 2942 -359
2 98
2 1876
2 319
1 1958 374
1 2661 80
1 1611 89
2 1832
2 500
2 1981
2 908
1 1366 -294
1 542 -332
1 1571 -650
2 2455
2 804
2 249
2 1110
1 1552 717
1 1589 -1
1 1930 621
1 93 763
2 1759
1 881 970
2 2861
2 2765
2 1675
1 1061 523
2 2593
2 1940
2 955
2 352
1 876 -767
1 2804 24
1 2868 -506
1 1147 -409
1 798 861
2 1664
1 2504 329
2 876
2 268
1 1008 413
1 2302 -500
1 1933 -705
1 2178 -312
2 2509
1 985 236
2 1438
2 2428
1 1087 749
2 991
1 852 435
2 2762
1 1211 442
1 1475 -179
2 2208
2 641
2 1935
1 1364 -425
2 1414
2 2104
1 1010 -671
2 2973
2 1607
1 1505 -102
1 2365 313
2 1852
2 1182
1 51 -865
1 640 323
2 2435
2 2793
1 525 656
2 1843
1 540 908
1 379 -617
1 97 -944
1 2825 -289
1 2830 534
2 2884
1 2093 24
1 1778 -852
1 2351 -4
1 1807 -619
2 1469
2 728
2 945
2 449
2 1219
2 636
1 1637 -823
1 162 -756
1 961 -264
2 2292
1 2215 56
2 2666
1 249 625
2 1397
1 2349 -849
2 2137
2 730
1 2045 548
1 2964 -109
1 2331 -631
2 2494
1 958 559
1 599 689
2 1522
2 1793
1 2008 -251
1 1085 944
2 2430
2 1168
2 750
2 910
2 2122
2 469
1 2725 -343
2 1648
2 555
1 758 69
2 33
1 2908 -82
1 698 877
1 2604 -86
1 2636 152
2 1417
2 2435
1 1803 338
1 2273 -890
2 1967
1 35 -836
1 2055 259
1 917 -385
1 2733 678
1 841 -281
2 1222
1 2278 -971
2 2126
1 2761 163
1 2274 94
1 965 567
1 901 -406
1 2416 -666
2 901
1 424 -920
2 521
1 2248 -495
1 1209 96
2 1141
2 1244
1 1809 105
1 2017 -774
1 2746 -71
1 365 -129
2 41
2 307
1 2276 414
1 2330 608
1 1627 538
1 257 656
2 1682
2 236
2 2524
1 1259 -352
1 2712 357
2 2132
2 2606
2 184
1 716 -614
2 1162
2 2724
2 2075
2 344
2 392
1 1395 -114
2 1780
1 2885 -990
2 706
2 1430
1 2936 -230
2 1913
1 1187 538
2 1576
2 368
1 1020 729
1 1633 901
1 1830 -433
1 1836 717
2 1390
1 2472 -973
1 2434 501
1 2793 74
1 837 -309
2 2618
2 184
2 2716
1 1029 565
2 1960
2 1623
2 531
1 2551 -424
1 2437 -162
1 1336 865
1 1723 15
2 1960
1 2977 231
2 2833
2 1914
2 1032
2 1854
1 1756 -192
1 108 -72
1 1848 -708
1 1860 286
1 1991 660
1 2751 -696
2 1355
2 792
2 936
2 2935
1 175 -807
2 1513
2 1966
2 313
2 327
1 1509 -718
2 2090
1 471 -136
1 2260 -60
2 920
1 869 268
1 2122 -771
2 1908
1 1798 251
2 2275
1 1667 -310
2 502
2 2213
2 545
2 107
2 950
2 1823
2 2963
1 2129 721
1 1489 741
2 1184
2 1848
1 2969 -663
2 630
1 831 392
2 31
1 2297 563
2 1451
1 56 220
2 1601
2 2397
1 1789 530
2 2103
2 2178
1 2836 393
2 229
2 1497
2 1801
2 1339
1 2094 352
2 2492
2 1242
2 2411
1 2489 463
1 799 424
1 1024 382
2 1887
2 1021
1 2196 151
2 1736
1 2560 -406
2 2685
1 1941 810
2 2632
2 1085
1 2438 -139
1 401 -617
2 1058
1 1501 -300
2 2200
2 100
1 2275 -375
2 2116
1 322 -169
2 2839
2 2742
2 543
1 1398 -833
2 2098
2 1189
2 2057
2 250
1 30 641
1 784 -148
2 1159
2 2195
2 2973
1 2879 120
2 832
1 508 376
1 1341 333
2 2291
1 2348 361
2 1690
1 1144 986
1 2890 -591
1 276 827
1 69 -852
1 2533 770
2 248
2 529
1 2595 526
1 1876 260
2 3000
1 1976 -501
2 420
1 252 -209
2 2065
2 1865
1 869 112
2 752
2 2174
1 1435 24
2 1904
1 1392 451
2 268
1 1619 -878
1 1034 693
1 597 -521
2 1615
2 1619
1 1657 282
1 2689 205
2 1272
2 847
1 1720 19
1 2339 169
1 1590 248
1 2950 557
2 505
1 1403 -102
1 2833 621
1 2627 -934
2 772
1 2712 565
2 1118
