3000 1000
251663890 563301100 546 398
69768457 -526532825 1853 777
-510824886 907210994 2345 156
750433772 256580784 1357 666
260739375 830209521 159 838
-555071609 272049999 2171 918
-406336477 -600289218 2585 193
441704539 -585106627 1548 -190
128156220 541341347 1586 -522
-88628756 198074261 216 296
398335049 585459370 446 -329
-765117704 -802517725 1268 236
-405699111 -758455989 466 624
-452421988 431951400 1401 -113
484306157 -419165268 1188 -52
-150344607 -277606911 2092 693
-56081619 55721678 1270 -571
-187665847 418276253 1791 872
-228475727 986593513 2896 -547
862640374 183617987 1885 -942
723400720 352457728 2471 985
-848746161 332599387 1482 -694
-233488380 -464517473 1323 822
345090708 48586282 588 779
891164275 221482398 292 954
-713041756 -568990847 1176 -206
259682434 -521416086 169 -665
881663063 309487435 127 -891
-562495363 270326702 2635 575
-425708660 380646111 2134 -579
823576639 500976638 18 -11
108590467 -21691470 2 -601
582606732 954555247 2744 -73
-727574602 628064331 2028 272
-449476608 798423229 1659 585
-983524277 -89800233 1881 224
-364022846 516784240 2080 825
-513470755 -467311144 2885 -6
-783598913 102703597 2307 -327
654829161 381657161 485 782
163989926 172518951 569 -970
-911682896 253373880 2568 292
-761926699 -102579281 2822 398
-489057371 457308347 55 -669
-700019103 -3665450 1526 -792
-180735621 -804878029 2695 -586
430697474 -206572287 1776 -287
220842560 2072510 1210 467
346100312 -529653652 1580 626
-754415573 517255726 2055 148
609884665 -584908695 2195 -781
626712499 748100431 55 222
-249225121 -862640582 2768 480
266570182 578234877 368 515
121228389 -288431269 1395 343
-498956671 305026318 1747 271
323258824 -105881729 1660 -75
-416330652 -84975534 1140 -951
-557983264 711430278 2891 293
925834666 -660970593 647 248
937673722 686660827 1357 676
-476295227 389579218 768 -497
193617493 969790177 2637 -703
-851371512 -129003353 497 2
348237894 -362645195 1606 906
918584050 958493520 209 733
229852116 -72997870 2985 -773
-922409489 -700170728 49 139
-806419078 -426794135 2777 442
-887525184 638925454 2104 513
-403697018 -854119705 2906 -419
822777622 -528387221 1523 258
-147513518 -512686854 43 33
-380870179 414420172 434 -136
-162167626 185306719 152 907
316574003 -31999968 2145 554
-405025736 -365539150 219 -996
138280629 -494942066 2655 257
764911730 792387655 2106 50
-71671951 -530864688 2903 -800
251592633 270143887 233 -220
-443297817 586133483 1722 508
-952091580 122655555 2769 437
548807518 -70400663 1235 -301
744978942 467470373 1713 438
-107918949 -568104749 1473 900
594875581 -569048900 2401 50
-134145096 360349742 1844 -354
217975760 680165584 2074 -866
385506532 157885013 1552 298
-32442855 -716144855 1802 -968
-463071464 -927146985 1065 -619
862545083 -489081233 2553 -624
-273371894 489940114 1483 -28
245705133 -351633264 156 -911
-310904144 322493077 693 -31
-833600982 896079843 2199 443
439559143 -229060046 2006 -523
-314156327 -293740383 206 -811
-408544370 -273646884 2377 499
545193959 -161272094 1751 810
-131693517 691325915 1893 617
925361938 -291697545 2262 -51
-746004122 673001591 2371 499
144511019 -878809257 1550 -253
892487731 841004333 1488 439
-454503063 972804110 1469 486
-464350024 -285819685 2578 4
-807743784 742389192 1722 -856
788999232 -770761732 2554 -314
-201230600 -198264205 221 -775
245020822 653351956 2966 -555
-212878587 696793166 1360 -112
331974581 -630716254 2456 -408
-627596634 -124990085 1499 131
-798827508 438368052 1293 -564
790285843 -21526768 2647 377
225526215 -409048256 1471 -521
-288877228 664123385 697 40
116547233 607249101 1605 -179
-703217456 851685010 1476 -452
-642845217 -532164883 2316 -93
720923461 -503157382 500 588
137731545 -18635822 1342 17
-945059318 851905961 984 -247
825405523 -671149261 1479 -888
-962310175 979047117 624 947
638151573 630356526 1055 213
-807124363 885640424 1087 764
-280938677 -164318833 495 914
-794142917 422556344 1670 -319
477666587 -36860403 1860 -70
604247139 995611873 82 -507
278900082 -233610912 656 -505
64305716 131071767 2675 155
-612654769 -378387123 960 -306
465913081 570977824 991 -675
-756949818 -900433283 701 879
575750213 -815986319 1620 413
329403031 -817118456 99 535
-549498212 -125660912 50 400
503725606 419685022 92 -883
661005076 948114416 355 -520
-999363399 -283464494 579 846
-398435325 298233655 2630 435
-525865710 -335810125 2499 44
21363063 5969594 631 -160
-385518308 -202499031 1201 548
380270473 -787792123 2236 773
384345856 -49968664 866 18
-765580978 -193869635 1095 -534
571803925 -682118951 1984 -11
601274609 680011645 513 343
62893440 -562214205 668 -693
-366351990 348515741 2114 528
-415231338 -501942251 2935 -922
-757437233 -615460749 968 -738
-586470127 736029857 1181 14
-349627816 -31569255 590 167
610820163 40847708 1450 6
257749301 921750921 920 -486
951950478 89390839 15 -262
-751497573 -236019567 621 -848
-549101191 -320122061 1760 153
187776783 459533212 1086 190
615211722 831585280 2745 184
702090388 945637912 2340 632
-475028503 -411113594 654 644
369790179 455201070 2073 -61
818958570 -222546670 183 -603
-56954543 198101275 1084 568
-255041040 230583293 1694 644
918178225 -663661199 2501 300
-144232957 -375719441 2941 500
-636544492 429238244 681 123
-605105884 -657195817 1355 -409
-667081355 238288842 246 -164
187621097 75692747 1620 -740
143413050 -569183728 1404 -67
-984828614 750539297 2327 923
18144140 283336684 170 907
-546983273 746318762 1172 773
353789857 -230286174 1903 628
-642645031 -455421332 614 -690
-619343199 781766956 2191 -908
-872418885 880392689 736 594
-900010400 -544091737 1993 -313
749263556 359908453 1058 -676
199728745 222977177 2999 988
889171124 646247714 2342 -385
-733044909 -94705680 1730 -780
983794317 559740614 1342 803
-136320364 -800864557 71 -364
-673761672 428438173 1660 757
-543261718 -524398487 697 -66
-3555313 283002748 2456 586
-441859670 -542070536 223 218
-89364007 -34710968 2000 740
-646609856 -772167001 92 -386
-481614642 -474569256 2918 -746
-678168286 -613119271 2199 722
728444299 -162384387 175 544
-534128895 459871575 1034 207
-773361156 -10631746 1671 -197
-712163116 -261331734 2551 325
-342526203 259889070 2006 -362
-124376020 -80935310 2199 689
240192904 -941674530 865 -568
-359323801 -127800245 958 -419
54419234 637426948 2046 -916
571991373 142582514 77 -620
-257338616 985314002 2199 593
-758687304 -455709855 2104 -320
-285073643 811731962 999 185
-259789416 859622967 696 -367
-643650285 -267880903 1113 -42
-952885688 -828108770 1726 -24
33081750 250881581 2159 860
-175917245 331654240 1919 456
115964895 613944658 654 -969
863751145 -800701574 311 623
-161462796 -454775390 2260 959
906915550 785111167 717 845
-32200049 819983417 1775 -328
-2053730 259969241 2957 -21
509058223 -869179929 198 597
839629302 89002768 855 -497
-673513916 365469202 721 -477
590380466 -953304206 1214 -308
124771991 -97561520 1255 -514
4118515 640775072 2089 189
-487476999 -25286266 1109 -135
456489179 107582351 2616 -667
-656666025 116066734 1480 584
-530322339 800043484 1935 930
-286074451 -787950910 2197 -267
-850582259 -897325632 2982 243
-939957207 -538117455 1148 874
-898291021 -289693493 2709 410
901099154 -701804682 1956 -938
273919175 -480106628 992 -955
774527117 -743493778 1911 954
427031293 721247298 329 649
-948387479 695481998 2057 -664
-236979394 -846716634 1469 -538
863129023 245089709 613 204
-65339236 723173060 1019 996
-970401275 -791477921 759 -440
-55056521 -202384708 1338 -350
237013071 -302927180 988 354
-636105020 -812590852 2986 -241
863331736 696549723 935 812
686182697 -47767272 2666 -287
552198689 98820352 2174 208
-930547562 -907107425 2214 548
-597140300 376987237 1321 -237
223294416 -555393974 2816 -673
780969596 96807783 2007 -99
583039880 -604036278 729 -426
663643869 -541981857 2557 -605
262214931 -219830191 364 559
-953614515 -196283317 2958 391
954987758 -544897053 968 -52
-87801864 -682565862 2865 751
-101324921 804152861 1002 -883
-570791981 -529226548 2328 -563
-505526541 537109747 2951 -740
-566862645 -941576750 1829 -745
249149612 -373039250 1016 -936
133129978 -119930385 636 344
376425458 810039094 2823 -399
347513295 -760148968 1802 786
758554103 629748654 2098 150
204512807 -690979089 2123 -687
500909311 536755223 2982 907
-84247833 813083261 357 -395
-443122831 -852374978 2934 162
360363270 228282885 1668 -258
698762734 -759298057 806 289
620228018 -291841775 1084 369
758224594 988513173 2598 400
469947862 -245360466 68 768
224718313 -496195297 1279 -110
-244374967 879444101 1877 -191
-981775153 -293385470 1963 798
-870068283 -553447170 2888 -943
-493809331 600490704 1593 -601
-102565597 205053950 1338 469
-252337774 833457051 131 -852
340356509 -280223201 163 849
-423465547 -970983531 256 -731
-611688924 81931057 2475 582
808355453 -401866660 1436 -329
-761526530 376549933 2303 -492
-672153070 682589534 2041 -128
936652420 -207780369 139 -708
33601911 66155646 33 257
-419546671 -810046964 2342 461
-362138431 -408195594 1003 348
-401625762 -660102662 788 -681
730736323 693700609 2707 38
360123801 628724005 1404 -157
20776623 610629200 1753 539
168567932 -141241000 2015 -864
-753296966 564910149 43 -266
597208526 -15779079 448 692
508176833 169052665 266 -37
943527749 48469295 2299 -531
-500724189 752194698 1562 659
959370818 557405244 2414 -287
608644009 459982602 621 589
-319344290 -473105760 1982 908
417585414 -839298039 686 -708
612774706 713083492 1992 -650
798596368 441804364 554 -415
5941984 -241099548 2813 355
-421226969 -623290477 1861 -147
48768533 7404127 958 462
339617059 171974504 1303 -428
-762293794 645971792 517 706
-295463416 760787406 984 136
539785039 -489019836 2458 133
83034293 -760263219 2827 411
-87711333 -963349843 2330 122
-815441192 -825108785 1279 -26
490474885 788730126 1233 -978
-424861605 747829790 2692 122
-68849814 83590722 1181 111
481787932 -899446288 2585 -887
348719814 230124496 2909 157
-656144028 -850445913 195 -940
728203395 229476112 1488 -96
-284837018 -942062898 544 536
37736746 175076900 2831 280
183017903 -402188582 1148 -215
523742517 889970895 1360 295
-553122574 -656056582 2519 -239
-345138244 -557541441 2721 338
-961091805 353421561 1036 419
977674770 -57160574 307 -463
316287600 -29871938 1486 -51
602673242 253116764 2660 256
-501860667 601626130 2759 739
-605953536 -977333406 842 -555
214608762 660813819 732 -353
951662798 -928843945 1975 995
-953951611 -872668116 2261 723
298001298 570481553 1357 -607
595033310 -644690648 480 -543
-941371693 146122647 384 45
-819072809 642153043 811 -625
320912125 -246936819 1759 -125
454578778 -447662391 1362 -270
782038478 75835456 2199 -64
-773114503 685108264 2769 -216
302657244 992292543 1502 -672
-752115496 -498335288 998 175
60004544 262547446 123 -823
-451318708 662540072 2919 97
-475491338 483695619 1423 -246
-102687812 -208802311 2438 -445
-630039436 -245900745 842 -98
998649285 741067758 483 803
-126528873 927947024 2461 -759
810910690 -172042593 2232 537
-855937632 -68994145 1483 596
-145330421 587466443 639 -967
-483348737 -644907936 601 835
387613766 787038631 2704 505
-2676087 -415967452 2163 -148
105101711 -866962541 1653 -476
433980943 -364263436 355 274
554925524 -84620754 2259 924
130850649 -535442048 1802 -21
791563493 -272130059 1538 -122
470667512 485300493 1881 -384
376346872 -656397049 2775 649
687593737 -983769928 2738 659
540953380 -580887350 2289 32
-827361015 812903767 1204 -532
-252893799 -856076248 238 -490
61784344 -751942237 1996 972
-406395990 -444521711 1776 8
132027146 -196223836 2145 128
199779894 553091964 1620 -635
-720063822 438624558 2229 395
-655839818 385834285 1801 -419
986735103 380250062 410 -714
-840772702 373303037 315 -483
-706258439 -755452266 609 325
-770316757 -239684931 2944 882
477047695 404008333 1084 -413
323542785 245758137 2047 -323
-82450560 -580792192 2905 915
-126640632 389265517 2567 442
-745105582 2636114 1863 929
962791351 -972623335 61 -857
-723624457 -913602865 61 -78
-67964048 934472777 1305 974
504194098 -639582077 568 805
-169425486 242070353 906 -181
882952285 -718457044 2881 515
40448102 -570030688 1310 77
-945215367 639065564 2594 -639
544633658 -73132541 1097 281
-328249531 -471389079 1948 -855
783190267 937490936 969 383
853469757 113622096 2907 -625
831182114 -160971768 1360 920
-990244920 597798736 1748 823
408409148 326400147 81 -44
-410647199 760224116 761 736
-553763977 260225904 1370 140
-685346337 936564226 219 -700
-15375752 -944240095 1138 417
-699089918 -677173807 652 -219
-434541857 4083290 659 -10
377029797 677042086 1159 138
148267991 37714019 201 -953
-714759855 -194317353 2323 403
-109130554 -194596759 1092 300
915934530 -822167738 2197 16
-833096791 589005051 503 -446
19691225 -987948341 654 -118
531151078 394972734 1050 70
-599445655 171425379 2245 276
44107256 36864786 133 412
641399080 144302358 329 789
911986968 893013919 78 -837
558021813 -359757050 23 -309
796213805 676921468 621 -49
702242889 8029000 1659 -211
-760008343 77494300 1325 743
-2295255 727478323 1481 169
212005089 392202349 1101 -219
-586987467 -408456211 735 -393
472458079 -312707511 710 -593
530337384 -140781947 751 -940
393135849 112409962 2884 269
-165000992 258061037 2165 501
733165917 552970782 786 182
642354009 -73524185 2203 579
46856663 864122943 1794 -800
275516163 910940821 2527 789
230146161 -507943144 1889 -221
372186902 -195755458 315 -169
-924175673 897500743 175 -264
427533548 -291816393 1423 713
-385161363 -211760809 2145 321
396581511 -523060241 2667 240
-968367699 -889008758 2491 626
645663981 -933738493 1101 955
-275322372 -389818933 1239 -312
984943277 -979638020 1744 -792
-316798254 -339931562 207 804
471872423 370311729 1749 -982
850378499 346664205 1255 689
-391157682 -260593501 1982 -265
-145178952 270198498 698 388
299127976 120216458 409 732
939427369 -123615606 1810 -49
-692810907 835129854 2928 863
615999290 -353680950 472 471
122008853 -718767025 1436 279
492437027 -691792081 1668 385
109568560 115468305 1021 -651
205292088 -523243806 2139 493
257314771 -212072401 1480 -37
-592394991 845995496 736 24
741625215 -657703603 878 -552
-272790546 -631260025 1689 -760
-982741650 -939441124 392 -89
767638664 -388443173 619 -614
626296102 -231248602 1761 -764
528033661 956942382 499 244
835620715 -922930241 2816 371
-445042814 216638375 2975 434
-31248141 -782964553 2502 191
-459174476 257795380 2602 -316
832044188 12827697 2822 -680
401707801 -320029674 275 -427
949215065 -4631018 2427 -534
663901736 -478379630 2553 117
-121235537 371748081 2106 -933
565190383 839529614 1713 870
658282591 41645601 828 255
-533916153 -382083450 260 -556
-883009838 -517125236 1890 -74
466814277 740195632 186 525
-866463434 -7393492 2224 853
660697188 796976698 2638 675
-604282079 -21597535 1695 -591
-926901330 158726471 2034 1
288939736 -605856094 167 -449
-174156536 -725401477 1844 -735
-414357445 -322858205 2169 -330
920677942 -928002208 2457 -438
604924276 730185379 1985 -411
-387769393 91826678 2934 999
-240032404 46858951 1877 265
-458114731 421550326 705 -112
704391867 492231158 2864 -737
27261556 -953671351 1173 -236
59239990 201351005 77 -486
610645918 815104020 409 104
-905506842 -587807467 1572 230
-100607449 -934094593 1418 821
488021068 -977244781 1653 -212
957073371 -163851376 1301 -43
-911187016 -557529501 2775 -504
-47061580 669849367 1829 -818
173257865 -876613090 1059 -924
-165533115 463800228 355 768
-320158942 763872093 1972 44
733034695 279863814 1510 -175
904058131 -442797961 2941 -279
-858854336 132396027 1084 -974
16066057 -826083417 444 -892
-956722258 -901872583 33 310
-320722711 -513629227 1989 630
-601896710 296806923 895 -632
-848119284 -2238471 455 -918
-629325670 -71282970 491 445
-888822712 -931259847 2670 -35
-183174627 8979795 213 -763
935084513 133829455 2909 332
-441547071 488721691 1545 880
-810533076 704582881 2844 608
282986678 193881678 2116 -254
-25703179 990037915 1552 886
379658764 807743991 2034 -648
-807292789 616279597 524 -300
-322082583 -265812760 2645 461
824821027 -702458467 1042 975
626504268 764640037 2036 112
236363243 509532186 1835 564
-178759620 130142413 1866 430
-753543652 -20172694 169 477
463849664 -152289610 198 -610
341001346 350942594 1167 397
-305425463 772624808 439 611
-775997367 -607751983 127 -610
-440279226 398873596 2540 214
443511758 -962286463 2317 68
458830978 193594606 1296 -142
178287788 24659331 2369 -950
-933027682 -554666164 2885 -65
744925029 -123651243 853 277
-934162556 820636403 2107 287
-682664383 554539954 2521 -545
144783578 -542617793 1871 24
124845002 -854491978 1745 837
-557272638 -189224034 2671 914
515446688 906976460 291 -591
979828807 -789113679 2122 292
789432072 -512956086 2486 399
535745919 -762706285 294 -166
59859674 444032442 837 -675
877953499 -816109468 949 -389
-296296084 -481621671 2611 -450
766310082 -57072432 2198 862
-972186652 -852009380 2756 -231
370631244 370347592 2582 724
-797878351 102796221 83 164
519747626 -759015774 1630 -352
87148128 -856074561 2338 -949
400634793 922561799 1373 592
-81022158 854279488 2518 962
-848077706 -664651701 111 -325
-774343047 -754829941 693 -140
-890004372 818641808 1822 -346
-693863420 -922933567 1813 -33
-940371163 163078001 2645 -570
529555760 416694073 2795 -622
590771967 -598457702 1395 -660
-4477112 239842446 1034 401
626490840 -750327372 1227 24
800638619 -377291387 489 -237
-729183625 -261691958 2022 556
259505514 51064215 212 -448
291374098 -350823969 2330 -396
220525616 257911790 1002 620
893125966 349756938 670 790
-671938670 -802052845 562 89
704411224 636686121 2142 -632
121681015 -463884045 2063 -380
-511963798 -760869336 2460 -44
397750375 -376969264 2194 -56
-466358339 411968523 45 901
-370950502 314177117 1881 825
-965676264 578390389 2022 -912
918907332 224341747 1982 -203
276485084 598297821 423 -17
612852662 5412611 651 -707
121297153 785654779 2623 -64
-245486855 197073817 2485 -972
469065306 -709876367 96 805
-536146711 316333082 1291 -698
-621986896 999078738 2687 -455
-941059723 562503455 1444 -891
977296411 -931928380 1003 -495
-469876319 275450473 341 -584
543219637 -971568289 865 33
-828044510 -510215609 462 734
778496896 -568714820 2849 584
775222408 -698388301 1908 252
828033382 -411508618 2498 -681
-281188532 -601177349 1845 -762
-346000373 -69714614 385 897
-262802591 774542505 395 -80
-569350504 -970424202 494 -525
278392390 -269057134 2438 -648
812549177 935443871 2999 -569
511376310 214053749 732 -364
-653026087 547368709 2923 271
-650865929 592150238 2314 412
-16283703 -599784286 2249 856
439667319 546157634 693 -416
-248277571 801535338 2088 744
-942539460 926855588 1829 -601
52735321 -59819654 1520 -633
-563168961 -522240691 463 -975
-882184482 -541692830 1510 568
-630000315 244528909 1255 333
402576010 128251955 170 -489
135661817 380999538 2442 -148
979089367 125573946 2799 37
-408689172 567772688 1861 -786
134524470 699948496 1948 829
923861885 -103927075 2611 -43
-233875661 -946768339 1530 -575
-848955838 575695421 537 203
-24254502 -865383512 1612 -744
-390568252 45785457 416 916
20878997 -891678923 1516 598
915872534 108791937 1528 -836
-407026876 -827585730 2577 493
-485555689 231421583 421 881
-303568189 -796517130 139 -830
-521673078 665859802 56 493
475912234 662657600 148 -353
-295867864 488744041 1544 932
-191172562 979242919 2630 445
448923745 -781527666 670 -307
-828724786 235953216 2340 848
876050639 823712350 1061 91
717332124 28785752 2192 -929
-619139083 -448116780 878 -330
-88488321 -451525486 1889 -830
-1527169 770402677 1348 -320
350496155 169842999 194 -567
-59069771 -637034572 2504 18
684819561 -215852833 680 -539
-891654568 -561528500 59 -347
877383405 -378470093 1931 -435
-578384570 468304170 2860 663
-753150741 357316851 1317 -191
-257349451 -716687947 2054 -325
-127352421 76218149 628 -892
455855195 -776352335 736 400
-899529838 -178768340 466 717
-311192941 -98555173 955 968
381735659 -270328008 1844 -22
-883383212 -103078405 111 563
-698047685 363854223 110 -228
503794350 -99163027 2788 679
791085039 803884389 1995 -979
850712337 456396936 212 -737
-122459088 893493869 266 672
150517153 -534894780 2169 618
-874105387 -246345922 1418 -893
990797701 -163207254 2006 -28
-836438002 596168165 1969 478
304705529 -62286513 1023 -158
-153980864 -842801304 1444 220
-614079715 588413172 1352 189
-364557388 583552427 2813 421
-983421444 591627246 2559 -445
-641491793 -905207401 1731 168
52151147 157657255 1395 -327
138164154 -927712028 817 789
-834358308 -915284340 634 -841
-405315973 471758204 1992 891
-721176894 -575169374 2457 622
-463671028 -148583354 2431 446
-46840697 -283250985 804 196
44709756 530831297 881 631
6733469 129709456 1393 691
-714796031 -633228392 2023 787
-506539002 -873032891 665 -629
-627808601 -744263305 828 878
20394749 -910016777 2133 481
-895989339 -562861847 1520 137
330389666 932115195 188 492
231865096 -844359161 1098 542
-294091740 -111292756 2348 -455
-987561858 -926711979 1113 -329
442753827 194922681 745 516
-938678572 689291395 1363 749
463507362 260126235 2299 814
-638149194 -857169832 673 -289
-111383881 696365838 2025 455
-124558127 -210893568 325 378
-592201671 942501225 2485 -114
975220267 656057269 2577 -527
56572013 -765330010 33 471
573026427 806659741 104 655
981173608 485835204 2580 -863
-181700083 462018080 1207 280
-195303698 527883624 987 -92
804283163 161681198 2036 -443
324600335 56295772 1690 -207
262751693 7908724 1676 -26
-398336227 -302546709 186 -131
-700600428 -68009825 1521 322
385221235 10055852 564 10
-410706765 -19939318 320 594
572366289 31679241 983 624
72964145 835686498 781 -762
765599955 511183400 1279 -357
492265631 -957459762 1107 900
595841717 -736787303 1668 913
-717173257 -495056715 2585 993
206984444 639721251 874 -759
-862456490 -446938401 485 395
-882649414 293300752 1835 288
480293412 933781695 2929 249
-829074477 603230576 2577 -216
776293475 870636853 1531 -474
547342110 588400223 863 850
253805098 -261036002 888 137
27217767 337696277 2611 -879
363749041 -726988726 2319 -193
-635899730 37584032 2147 -872
677123655 867032353 1212 -829
-832289087 194231403 2123 27
195779145 -757935977 1786 -688
-427012469 -885028733 1731 -425
-769752123 478305786 2025 140
113224766 -177613323 804 116
703382287 -21616995 683 385
13164066 267208422 2184 -738
-211778499 -711216437 2092 242
-512000450 -908999228 1337 -156
-968105498 3516683 949 801
599059642 197871331 2091 759
626804873 -677626424 778 621
-145608028 -41427050 1004 -595
-465840054 199269481 2371 682
634232198 83902825 1324 -725
-231159046 91826823 1515 618
-820169419 25187815 1039 181
331510508 -867915740 1084 -611
-961041774 -716271930 2235 -332
-413431704 605571981 193 722
-605146022 58128663 1156 -909
-592873759 620896802 2465 -626
-220968930 129879082 2907 -403
90051481 565681837 1444 -664
491204840 -945731829 2999 242
673500095 -189662808 2936 -623
-8782721 -31850478 2192 -200
846264525 -585378437 1570 -383
-179748423 697566766 2419 -617
-167338234 85846620 2036 27
724535138 -684944011 46 711
-211393679 436761156 2630 -678
447547993 599942311 579 -444
494923551 37341711 1520 -570
-691815608 -659668294 1002 969
-450195244 678877052 1352 349
895334013 347690174 2553 -643
-351981573 273533599 2059 676
985127761 -171337719 1301 -132
-57362034 276371235 1276 -889
183199656 -875684056 1281 -584
-111753976 -434901172 515 768
562788142 -499089380 359 -266
-856044703 160674810 567 134
-375257334 790119126 2443 -814
602331723 445517577 1156 220
147496938 752118532 1200 163
454429393 -900063165 188 -899
837622980 481922670 1139 -866
-160326775 163528492 1486 -541
-555859634 554451004 1436 -652
-810423679 554455980 10 -823
225783742 -252364417 1214 987
-949124258 597904698 1622 945
-750634727 -167505501 449 -431
-641117409 -876221017 1510 712
547421042 150368657 659 307
-736301952 -595660988 1547 269
-689241602 192854789 2405 46
27725037 118587160 885 643
-248770263 156433180 2815 224
-33249768 298701910 1808 -195
-382416200 -483405871 189 -727
166452703 -568897613 550 410
-894376145 -515029675 2750 899
598136262 -996235211 468 -295
-609965792 -144869829 2481 -582
-396500981 416150681 1618 888
-807655012 -468282193 1745 -724
-295071564 258533695 2169 -290
-612028722 -816166520 2475 -350
-385349826 721603975 1450 -557
349298815 -5946393 960 -843
538703364 494805997 1550 864
-96162196 -321547038 1806 -590
457399525 -720936568 2885 -847
563118376 -412427477 1795 -612
-714407007 -418229814 1248 293
-134213443 93135475 2323 -555
921707589 -128449653 245 -677
-608757650 -623239509 311 850
-522311963 309639273 696 -482
-455737569 465798436 83 424
-416192528 246355455 1520 892
187660824 -23019538 1521 356
32416282 371838266 2340 -638
-543620653 541047971 1566 -996
-350661247 -480578170 1525 740
766866450 -955385616 1942 -301
-244259184 -506718749 1631 -600
266128540 39425572 2689 637
-707358498 -381963367 2852 512
-111930788 974585001 1795 811
230356274 -142810629 180 250
731719877 981308231 2071 -75
-433593467 305322151 2667 886
-788806359 -761930634 1321 -498
622335383 -914612949 769 546
496666942 461207085 905 -33
-653971130 -998531472 1492 -439
-771455543 -474731606 912 647
803897833 142022079 1271 -597
-833545924 -586449898 861 -611
-946973003 667531502 278 599
-794179242 -232692621 524 795
-907015478 776942671 1620 -305
195324209 208715469 2475 -964
-190767003 -860281345 775 677
694030111 246548760 955 -681
541430651 21085701 1686 633
48796845 -385356205 77 -150
-459166988 -97175172 494 -830
-535802411 991137354 97 33
-541965431 397660071 2179 -302
-724121782 -957240458 241 816
722394914 503344447 2220 -980
366275372 300293047 1159 -196
-780831131 -982323544 107 259
-959754776 -779592449 1244 -911
-12688028 -104044519 1450 53
-20441757 683668440 2808 -325
488229780 -998847184 585 -455
88300635 -795586252 1042 700
-337466808 969888797 1413 -789
235128027 -126177399 861 -444
-388732499 -175386685 1813 -246
785820682 195752956 1755 927
-140740075 463212905 12 732
-652985351 -603928781 1616 121
-126831014 934720089 2036 -637
214449017 700189081 1357 604
537358832 591461076 1221 602
-498453284 -586424236 2602 675
162534764 973621991 1622 -45
873452830 -479134157 425 618
-352648189 -689504680 886 811
-505282061 -237147731 2896 -516
694907804 -814998530 1861 99
809946422 -393346875 1321 -722
-580016823 -805911335 2184 292
-794790569 -513120189 1461 -296
-696751246 81475362 982 915
-44135262 -749121423 1176 488
624853630 228046327 2899 -644
245432769 -551911034 59 147
-355695932 92645301 2514 479
814658060 -454786306 1838 317
-897443988 640838501 1172 198
-586996736 343872212 2867 -749
-813360087 451244253 2087 -11
-306118010 573812078 2340 353
678734528 778431355 1526 -187
716720943 -114896376 283 626
-466780159 -617572 903 -746
406593645 98054594 2748 797
-554609993 -682161950 1847 -686
-403912037 -134270151 2820 730
602734634 -357368761 2214 -861
264345031 200860021 2945 606
-110249902 -232346264 166 -850
571585448 -302061783 424 -486
-320122649 235468954 77 489
-831116371 -811902014 734 -560
837037598 -735441637 709 -703
-496450638 354953024 912 477
174678831 245750726 1687 852
608503380 920021341 1462 -386
-885280764 420636296 2013 -350
43146648 -53805789 1050 -976
-886729078 909967520 1984 -707
-818458567 -508218120 937 822
-673949289 -5760355 2736 791
550547101 974067229 579 605
61876891 774779293 1191 826
477458170 -147458433 320 -229
732463136 568664726 682 -859
617058468 -109042082 2582 422
-474536525 113103865 2736 -206
445418220 99007676 947 -828
-576178570 -525553021 413 709
-792556906 418183300 2791 -950
-769762557 118546603 874 -933
-757549897 538288051 1353 774
8612722 -917434054 2958 651
-215028314 273980284 929 -259
-372494673 244348579 2279 -778
56290082 344908550 2154 687
73180679 86273116 805 -601
890858775 -655996912 93 -309
137976935 -684181678 473 563
-867056752 -741608040 2003 -98
-828401085 -788527972 1975 257
313343839 -628172675 485 310
-227118829 642557503 760 191
-678929676 -197716205 926 622
624515174 -913824644 2348 -239
254495207 -920807269 1874 885
-410740031 581470170 1137 -630
210909680 622213528 2679 -265
995033380 780267938 2456 -537
423322882 -806642143 2406 850
497869562 102430237 654 700
-700046715 -540031081 1429 -692
41950287 672319453 1548 586
-455192948 -591422716 2962 641
15894884 -775404849 1502 -63
504008322 752551320 205 -597
43903577 692957435 981 293
622253659 436876841 2463 819
-56660189 93426924 77 887
445177949 -394163424 427 461
-327355112 -924489101 2229 962
-225076566 -680768413 873 -159
56163728 372420984 1481 -815
-583447234 -362538350 872 -870
-51563032 -220026764 887 -336
-51070631 91146743 2133 821
69590818 -246412289 1406 629
-862280344 -232587497 1173 492
927732140 636272782 617 680
-227881443 -534623540 1083 -530
418269117 -121863545 1698 -304
-256136884 133135148 806 379
276376102 32533962 1749 529
219509940 -909505934 673 -236
-975470186 106566134 2567 329
-326055746 886339893 279 -324
503374506 -597626079 1769 -161
160960747 -578319050 2531 -660
-306173788 629561613 2006 -31
272697836 427887583 23 -543
-982274617 -39130194 1782 -476
-546221076 -104851783 2705 -302
-374766227 810450630 1997 -721
983778990 65500549 2123 643
412347435 827947276 2885 -872
-442725152 942413117 233 -692
458676344 -528396483 2669 705
-189869704 -680966107 2976 -731
22060141 398240660 781 -390
-781640233 -965430396 1612 523
120463833 877347684 2194 -871
-45109041 -405123786 2217 -673
894028295 -977252874 2340 -738
-52562271 937307103 654 -608
-91822024 -864067415 2299 481
-426306126 -842379981 993 -451
-489927170 -469064259 1331 -969
249264931 -14623889 517 840
-721806493 -504315838 2204 129
-869964434 633790732 79 656
8009574 -937495573 806 -537
726617372 253445640 2033 -512
385655498 974518954 2576 644
-615264097 179060005 1982 -162
580567922 -91932367 2346 856
494227264 -552133185 279 -151
546317873 364859415 1412 769
734009298 364174386 2934 492
954824637 110856114 1759 448
794109954 -22721719 1881 993
-506749067 420127127 1520 653
-579115586 -833914127 1045 574
697250875 200869124 2488 598
410321503 755743005 2769 912
526503217 -633807778 1715 -854
-814272563 -783666080 2511 -669
-814859978 766289602 842 -29
604769564 292494910 1562 875
557480273 208998431 1063 81
-741818166 806399258 425 405
46049205 -92185030 2966 -548
-640894540 -313136969 158 -776
42411708 892487514 1653 -318
-398587116 -551384537 889 -783
-31880973 183724955 675 903
-474056565 -181479178 1227 883
668706012 -225152511 1836 -686
614066697 -812443816 146 -571
-496653478 968914425 883 291
-583718045 -276982050 2229 -498
-869827199 264698159 2252 838
-780673311 -460446744 1490 -806
590722254 -766653575 2822 757
139064894 469025265 171 919
-998514928 260866449 2344 149
785108376 981404014 2106 455
-593755638 915823128 2839 -42
-696537322 -365920935 1907 -656
997033429 -734127817 2903 -540
888732325 646705508 171 -11
856527973 82769470 2371 -347
-45609327 571364937 1221 -985
-978596080 360166858 1588 -370
575222360 -191076350 2947 -559
935109993 -961806852 600 -442
-99928092 806868048 1961 -62
-125799576 -624485786 2539 659
-582254692 -331716749 1654 -349
-780019123 912315483 1515 952
187255981 528465144 681 -223
961049818 433882354 2033 899
-96960813 -250553044 1073 -845
-3952685 -772489450 949 831
72010913 653630802 2671 638
-452832797 -658237197 240 -288
-421555152 653059342 1507 -143
-987544331 953465109 2209 -48
-431486631 -599234056 2436 -120
-270532020 237566406 1801 -206
173595777 -60928636 705 608
632250527 -616504835 2327 591
-184816589 -327877408 985 -144
-973803598 -377213414 2222 625
668528860 -78968832 628 475
-115441601 741717092 2816 794
-695725338 238984563 718 320
142236275 55508901 1876 -352
396200280 -772768672 1658 -612
977339904 114072740 628 -909
341641650 -473633386 614 448
-760984172 -815725360 1570 -832
300876308 426577344 770 -133
-21241143 229442809 842 834
-923295138 707913856 749 -705
354585082 384922922 1777 -347
950097649 119301315 806 -572
-913071219 727809949 1813 943
-276122723 864651091 395 462
-312077697 -368531986 1589 214
952469335 -294402193 1708 941
-384134267 239933158 948 383
48607312 996558559 1250 -47
-307900091 683471923 2338 -352
767590624 99768778 210 489
345569625 555677958 4 790
794893862 -220237752 2190 -461
208238577 -666860794 1710 164
923358212 -254956602 1803 -10
-651924495 932312966 33 -725
591467153 -710072177 1833 -250
808812210 762324314 2667 -9
-879980835 263358452 1225 616
-334152976 -395525707 222 63
694378712 111668428 111 -486
254608666 -479650287 2667 152
646312273 -293169613 2705 -204
-257179856 804160220 2885 701
388998813 -113777967 2475 937
-112306921 259258776 2142 -985
25579669 -41565481 483 778
892569859 -639816261 1911 -724
-175219295 68980909 2521 -693
391719411 9605128 1123 -83
874127102 -979140598 627 101
122508331 436309861 1878 31
308150190 -270880880 1797 342
-898637390 58913780 1324 -873
859973319 640640976 751 402
-463313251 -72139638 2849 719
-606135114 347478665 949 426
-692204540 -192778972 2660 -766
802858653 -279096674 2137 -170
-44916008 -5742195 1289 523
700800734 -905637781 1655 -300
-656851477 -68715206 2635 -978
-396079970 -456411390 560 551
-391333830 -211290793 1627 160
581417183 -958301454 683 -370
15657440 -556177951 517 903
15990861 277110540 1450 -1000
-135521609 435116530 55 -734
-973799738 -461918292 1865 -904
376849359 388357299 1710 455
-77453029 70153079 2839 -856
-70056708 -605055992 1774 -879
976820030 -334489194 1210 -717
215981709 995410537 1861 189
71980885 220448252 1567 590
-873705524 328474230 735 -816
199280450 765859438 2860 579
304924168 841599523 537 -225
-98680210 881702511 2262 -852
-983211557 -362112235 2376 -492
203114146 -428252128 1129 -855
335894575 102744831 1071 868
163875910 -654216844 1004 778
24006044 308739024 550 540
733169456 -564449068 2413 -554
-418719769 -470590842 1094 -426
774865710 35035777 279 -445
-899258 497921274 1922 294
507971766 502805295 2552 -627
-343775411 -615851172 2889 -758
460002070 -744330002 2394 -561
-567491250 -264928937 2512 687
-285050103 985473387 649 -379
651502441 142700996 2443 130
876462067 -517315758 2419 -927
610367399 -871102505 714 815
233337466 452290894 2032 -299
-883491661 -880960888 2814 -862
-909225565 7763572 2212 335
321387569 976185292 2093 -634
684389413 84976222 1889 -938
777394604 -312812771 2096 -726
58784229 -27739592 1359 960
41990968 -219128537 1434 46
57557917 255123492 2741 462
-217819197 -53858518 991 324
455551285 761849978 2444 -656
183717142 -511512507 354 219
566949429 -867501650 2811 525
-585997449 -775616256 2047 -924
-811676239 -44678072 37 -632
300901557 -910399531 2327 -563
648496690 546817915 286 892
765449420 821208844 2224 535
982956067 51779960 1942 442
415008760 -996095934 1112 475
-380030109 -794901994 212 -337
-592741101 -803585136 2763 -443
-143240048 -518650216 212 725
-959727082 -17266197 2676 209
726189387 -645295876 133 553
-510134271 -849705873 546 -662
922925842 -147413411 65 -415
817625467 624635058 1655 361
319912546 518700609 1801 870
988353718 -867985818 2896 -20
441965346 992337225 2489 4
-247690811 755231825 481 540
-137461585 95218364 2219 57
686988267 -635625644 2884 -823
913697712 830913880 908 479
-72539580 -926412865 1928 -996
-765628154 -347895563 2511 -710
205754509 -379214975 2134 -386
604944658 -599902125 2589 -351
-96463334 713212738 1576 122
-312358847 762041719 2190 -254
-28636356 -924964376 43 594
-474498951 229713586 1810 477
-332127670 462842487 1730 -32
460567002 694492054 2252 -441
407988892 113164388 1810 -527
835330427 -394968936 1531 -452
454220088 -643263895 2680 -177
961494999 -436718346 732 337
524503564 -511637217 883 -831
28649695 -691292610 1279 -916
-97066046 -921333190 2346 195
-61062205 535306295 1793 -483
9446755 -66374188 2634 -541
-910501706 350571080 654 -805
853209006 -565448383 874 533
21904562 -161887404 1842 728
251460886 757225844 1030 -235
914793210 617636149 2160 187
543135957 317221502 1013 934
-818795311 85308911 2607 -451
792728574 580087548 860 -802
-376642599 -170256134 1976 519
93668176 850963178 2088 853
-652410369 736580880 2545 26
151328512 825195100 735 483
-245325336 -549388523 367 197
-933289677 -983970707 1302 -73
-531518255 -802767456 705 448
151575262 -534230293 1739 800
-386569389 424389076 1156 930
524280615 438177943 1877 188
-729102857 -262637784 1550 -36
743049909 134567784 169 11
-803009065 899324900 2108 -390
-306703190 481355066 807 -199
566386416 -646941231 2769 -232
607156374 404354366 170 -742
169055283 738886433 2175 -498
-784875866 834132821 279 978
49149281 965569284 152 289
-698786492 -745632823 316 -142
-164579082 -699222851 59 117
261496200 -728727591 710 -585
941306988 -605780309 30 -695
267796246 -230397691 454 152
-936608370 -358806486 2335 745
-372059977 -589158827 726 967
654891614 -122069451 517 343
-971453926 -99003810 382 -46
100368658 -181811128 1178 770
453240187 798028006 873 91
-783240736 316115236 1192 963
-655640310 674254032 2790 547
97369517 -683997435 1425 -200
13806979 -874576688 1832 -268
894077940 510770184 2647 768
805658139 -279626547 1831 615
-830035065 -316722774 262 710
288984905 -820726410 107 338
-103770281 831005528 600 -79
452895355 -675424768 292 528
485895793 318053781 910 859
617507050 504487908 1620 -634
668161784 -154515217 1227 -68
415435096 -601768655 2482 -153
71469920 -192030447 1452 940
-361289162 -217499901 2635 -58
54154837 706378134 208 -540
909321905 -494010147 1433 -544
-618693664 -719381377 2866 -515
-106277445 378196183 506 319
904926474 870653598 1620 731
491692067 -566776978 2254 -226
659607945 -364406304 775 -69
171354339 -600592540 2895 639
488063241 -712269346 1216 -995
37616165 624245578 2929 -44
-784900303 202267919 1564 979
297697619 321641919 59 -880
-26244442 662449048 466 189
607689701 -983367546 1576 417
-195153594 -939048855 2034 -591
-432069943 -844093030 1245 -424
-60163853 -46670726 2966 -81
-189895733 -528885045 2944 -104
-200276009 148206271 1800 -508
254377225 287084501 594 -828
372815519 -147031141 345 -72
923529803 615554733 2194 -261
-963939572 -507677118 2139 -813
535612678 384654068 64 -167
-228198057 -634410204 1956 -682
-337271997 -423484850 526 -311
-723586881 -734494212 1870 -239
936261190 131937209 2317 -546
-541368271 356461272 1193 587
-190993046 -991747715 1270 -417
-235212620 -886878465 2116 160
-514984150 -993232824 2958 -40
282813107 -122136202 2655 664
50229745 -882950124 1321 341
-158797056 -531725326 1533 494
538610544 344173435 769 -41
-401399821 257682470 328 -107
634294584 -146851722 1330 -560
597429825 419375712 392 527
-646586723 -537198685 1275 27
-2007880 74065903 2872 -828
832324192 656174446 1016 -460
-63447186 904709916 1161 -829
500672460 106360492 2238 991
197560336 453419939 2157 718
705633318 -976910087 961 -91
-922615767 374535906 2545 -475
972308068 -409040393 575 429
-671639605 76064957 1791 -833
-905367426 690370649 2443 379
324877298 -624456219 1323 -272
-649933540 -690453386 1274 -577
975835649 -518309323 1240 723
-260326784 -592945690 1176 308
230052856 58484997 2096 580
-846033685 610962004 178 308
-753719117 255667171 59 -783
-373424719 92280067 760 -126
370696205 755865242 1774 -705
-936755558 220352932 2811 -552
-408285732 -753855116 2337 461
-747908160 958744325 4 448
891275638 132692493 562 181
-415372546 -823319167 350 386
593786856 747827200 2067 59
-510113115 -902531834 2926 -871
365140622 -844324399 390 466
611076661 667080569 1173 254
-534584065 67234804 1466 -786
698199406 824244042 1473 -606
-18203137 -424715089 2245 -423
82830722 220378155 753 -416
893383608 -806993587 769 -346
-637955878 856310272 2218 954
-596935417 925869671 423 389
622858949 159874035 393 -272
-729698856 -550429094 2507 -297
882493130 186421321 842 -865
-642097173 -866869576 2034 -507
-723727230 712276719 1154 922
-642657533 -533548544 842 704
-367435248 617378247 2204 440
-63335557 -560113637 1287 -302
-726319046 227053341 2153 -393
-103357331 -646185796 2346 -29
438720766 -109131457 2781 -406
-579721098 775612653 1884 -529
-888082179 853738754 1218 -186
524838191 -956829129 1266 115
-173524051 929794172 1995 -899
-943254676 384820003 1154 240
-603105939 -498993338 764 -784
-677481061 952613104 1240 -430
69613855 369010866 202 -245
-964623688 -378000146 330 -800
952701863 941180440 2124 -919
519315199 261692874 2687 -792
-2743124 70836096 113 -514
643956362 -979651026 1004 -641
330027500 116127620 161 -728
-957608430 -208271772 2616 -861
211535340 -644226879 1489 -143
900741761 829488149 1053 -344
-52318291 895838086 2287 -169
702010372 318503742 55 881
-629711158 128078824 2591 -186
632078213 -117992609 213 215
-39333064 -903369959 2229 786
681364975 69809418 2034 108
742007398 -738249960 1296 -787
835738550 357768150 2089 213
797102651 -493299596 2163 387
-309950624 942152215 1926 -442
-968502299 869493138 2935 -407
-831104558 -579082404 2279 389
-964429685 307915753 2197 -996
524113176 -798370409 461 -555
-911214443 568404534 1013 -255
-201283086 -434206757 1801 815
-397511968 748001409 1062 -673
-389407907 -688675299 219 842
969711070 -425348547 299 146
218664533 565339861 1276 -813
278482115 81928254 994 -305
790845763 223586157 2204 409
-897386745 860316199 529 831
-674190906 524155077 2342 -454
585717441 552387900 1016 -719
-609233568 -85606952 2580 884
711358134 -478641750 2299 489
-924661159 740247289 2801 -718
-336303401 401584491 1392 -805
-588587106 -977977678 1404 115
138194629 -950585878 747 862
718969177 131539149 2497 24
977288241 -653554125 1469 686
-678738865 -656891851 2038 -789
517700269 584325819 2614 349
-690422867 -282606693 548 -310
177084368 203615280 475 -391
225888971 883210916 1086 156
-905515578 469835564 618 183
-948479921 -784664560 1110 779
633464481 315658810 1330 251
607445118 158480101 1532 931
-19057909 760418025 301 -118
416293234 -435398345 486 27
172926144 -174056512 2430 -732
562154304 152218864 1785 58
-690719009 -133055824 2708 -888
626840186 695119391 370 435
295280369 -933904798 1549 675
690294444 155317785 1918 -638
-757857985 -723917766 189 912
-962998615 -939490641 2320 -292
-728539648 -821939068 501 -508
-17384395 628058078 1653 323
5641667 626783672 2119 -737
212430000 -255597159 1562 -175
880844462 -18155775 2334 485
-282805126 -197552032 2089 499
996840044 412701439 1649 999
-165492089 749378657 1811 -982
-847038617 865210410 1181 640
916832575 514364867 2752 65
351103117 741201073 2568 998
-209248320 729599984 879 637
546875284 -928633338 1753 969
-69391266 -804141538 2260 -490
-98769567 -153779713 781 -327
-843156193 -910486006 2277 -683
-279576012 449247516 45 -362
162424728 -521095171 1179 525
-792774632 577528116 836 -649
656245563 -718988901 1444 463
-523235914 894637634 1963 982
-632887331 141769763 2496 -872
-950720330 196238128 2107 -636
728004534 810235246 1080 -31
644325586 -998030003 354 -492
810286986 -67746449 1299 -49
740853810 637361429 109 -903
6845962 -411960497 2121 -215
-839864900 -283393128 1785 -439
263865216 561004797 842 175
-407692234 890369175 1699 844
-550884700 18552207 549 894
-622281455 834742155 1454 -4
509711732 377776420 1744 866
612350069 -982025171 1219 235
837996383 809799483 1822 -34
-672689807 -204775683 1314 670
-564379711 -555986184 1531 -664
762766686 -857637047 2869 324
103645016 236358094 1528 -493
646917089 -28753583 1148 144
356185846 -839894323 2714 338
382743644 -749663528 2281 940
-814263200 -279483445 2059 -329
411786435 949708411 573 629
10951613 -737285646 2475 -371
-514420445 -619143857 1418 -467
875220995 -942680969 1323 -972
35694115 253846314 241 969
-101115434 -203512850 1581 163
-768453818 477313953 1690 618
-619011801 294958538 355 -474
121158872 -110760347 1166 -715
-945121834 289361764 1095 472
398235468 -306922903 1537 933
-643698732 -872144751 2302 -525
704707090 533896022 2518 -427
271809483 -50530477 2033 859
37513877 -417751989 146 144
978611000 221867808 1835 946
-769318564 -312289368 590 -772
-404997748 -139014930 807 -472
59175008 -322945366 2547 794
285521436 -638776917 1214 -621
-976335863 607683294 166 799
988132272 712583725 2753 280
294402537 -252579715 2330 -501
-60235656 223845738 299 -822
885082629 -757365214 1744 74
-201701105 -198379878 1366 -710
-427525790 -56631454 2635 -58
-63235241 -176227610 2839 -967
583030373 382521926 1666 -341
608630013 -78904624 501 -923
191691418 818727156 2475 -375
-700209946 -427612653 2796 792
279890761 271392203 1444 689
383371474 924074561 770 -811
-235035571 757919077 743 780
546748254 -86225402 2614 777
459883892 -742862948 97 -74
746377285 866212683 2279 -257
-783232683 134672048 1587 728
285405497 745671357 2680 -624
495463788 191325613 1844 -821
801145590 322681372 1618 456
583087623 297217239 120 -267
-36590627 -47272878 1520 -82
-843600216 -168519952 816 -572
49630405 -478450339 171 211
282987647 -645243264 1570 -308
21892029 375285352 78 490
275611804 83363394 906 -852
902234293 -194709671 1498 396
-687629590 299691263 2906 398
-370243422 253285765 710 793
350892680 566822159 1774 -940
-213061585 872423496 170 -979
918700903 758974680 146 -69
981416472 725740805 1113 389
-706037365 -108058981 1194 -633
358928860 964584972 2510 80
631959124 -597363484 1279 -128
539320748 360923475 709 189
162121563 846916981 613 -570
65497435 430019841 167 -44
556651579 -218018910 1770 -74
413674739 -158537104 2704 379
-885172992 565904508 1630 208
296801635 654303108 122 677
-649659359 181752938 2106 -908
-85423461 705432433 434 860
-107975546 448611719 2406 750
-237510983 126362428 1743 124
367007507 890651898 2628 207
612498378 -208060954 411 921
335033229 -677489782 1115 149
-531202161 -161675014 2606 -713
-209398969 899424803 2173 -683
-510434176 179160267 2587 118
21695475 687418655 2308 -104
736354337 445480354 1003 -451
-529270391 -577268629 2194 495
154983400 792805437 1058 886
-146051295 -147096140 1421 919
-829028848 505345466 92 902
-699163222 811559579 156 -382
517168412 20871424 621 322
-217438967 413857280 1956 684
-721736436 -949918334 1889 820
770294335 -947228664 382 498
924965493 -98849932 212 274
-22720426 -258400405 582 -223
509823983 875083045 2751 -850
-372697044 347153195 2915 984
557738198 -140671725 1859 485
463244735 -314763687 90 334
-762249120 990721675 617 -404
-147364391 -979865292 2675 74
714112008 759637232 2386 -655
-584854769 -417007946 2487 -608
246229477 -84266644 1552 52
-78967987 -752748592 1065 -47
-240783611 489644482 2614 540
-451012247 265428359 2088 861
-596933926 -105592708 1473 -637
-586790250 921348544 544 190
-773369354 -769680773 1122 909
625434499 -272765955 428 626
21911413 -173314799 277 -931
-167848448 -191622945 2123 -957
-473328579 977572651 507 -312
151914291 76132806 1158 367
-114546195 -235357110 1776 567
380516588 -461216927 1391 -1
240599007 -130721219 73 -858
-971444525 311725253 1155 739
305724448 864546266 781 -846
-435428829 936790207 1084 508
552466833 -278540759 48 425
-869063898 256055834 582 -779
181302361 -484427438 1301 120
-516334761 986030942 886 245
104996586 -902133107 1002 -180
-918045097 -491157366 2807 -231
-916007471 203475198 507 494
-671066111 -580679221 2952 749
423942485 619261674 1983 -855
-833631929 -51749412 984 280
491144835 779660721 1495 -233
817782438 -816843839 2644 887
392219834 -983729951 1115 265
579069532 -534993631 1320 -948
-570255819 -532593676 109 -865
-42055715 369871462 866 -578
-605446884 -722757537 598 731
-761472490 288621430 2828 -182
710638507 159363572 740 526
-256354492 -398001092 72 -748
690393740 418805436 241 -744
125353886 -367201914 2676 -782
354694348 774139508 133 463
-926352836 654770517 2896 698
-401884690 -30122564 1478 -231
104234166 670917776 1745 783
610567004 -57299812 2321 -492
650095855 -714935352 109 -586
-168200893 -83588120 760 662
766545849 754074202 1549 9
582267784 700387277 613 900
573718122 -41016858 2199 -434
-803254272 -4238437 1390 -25
705077655 -509660832 2687 489
204385450 401753104 2071 -833
724251140 635371200 736 431
413888974 843665980 1066 415
9414253 525359172 1020 -349
-746248650 124551921 966 75
-222401701 188222808 62 162
-703655132 -51894662 830 -807
733727084 -265657687 125 846
-101527269 436321753 2275 -564
-641122229 -437070478 173 915
-248121272 457220469 573 -811
-916862792 666080117 2124 844
443853750 -488194447 2013 409
-165319009 -419642659 2058 682
134804816 22274412 1591 589
-860533657 789898970 1429 7
-135849977 501854394 1942 -802
223287958 956815791 2211 -616
994340959 335009172 277 17
430678258 -96972662 993 -541
6894045 -447091525 582 -529
493574870 -356158016 2055 629
-829012670 866526785 1324 -900
470384831 362357779 2093 -965
-382738574 -294899729 2026 203
-836102236 -187624467 2147 250
-445861939 259039664 373 62
482566570 -124925285 842 765
825796228 -273858186 1002 -570
114719847 817354572 428 107
-614814067 -665353374 2229 426
-197486293 205857623 2204 -899
-405223563 -402886270 74 843
-76587962 -540944051 2186 -80
5830083 925688243 1342 870
-442296047 678483070 436 447
719486779 -625565827 2647 326
-113079695 -490628607 2107 800
662056470 515384827 2906 723
412876629 -189807921 119 -877
167642629 303507304 1345 -302
452403740 356039913 947 -661
53889438 524930650 744 865
501818786 -83190013 1779 454
519977541 428256478 1587 -68
-848116794 709962150 560 -238
278419214 -490445780 2107 -780
230217593 466685259 2320 540
660646773 960877283 455 786
-58260033 327692526 2142 676
-45241725 457591214 1253 972
899679236 759122194 1206 -568
247319772 100133838 1002 152
-913943766 535742583 1632 921
-730297855 280458050 2892 -686
-248224792 68741110 2342 808
635507614 -363926393 2340 -447
-5009884 947381444 2218 -143
-320841553 409080320 1652 697
637075943 278069985 2301 -427
119221484 739462975 976 112
-122394494 -283161802 659 -431
-505278598 569583286 1284 631
-364647909 -197548328 1063 -222
591236443 881489924 1125 58
-294328972 568595013 2325 969
687845071 978522324 2976 200
724835812 -140169601 475 949
841717506 179196827 579 225
-999393584 535773498 1317 563
765755664 714632588 602 -659
-875221084 -327710516 1040 338
863303831 -175169019 2205 223
-673754070 884304587 2059 -692
-683673821 -698948173 2049 -589
308419009 941029276 1983 90
-781938796 -707555161 806 670
-631895414 -5888824 1628 297
150370625 435107994 624 -747
516319724 -795481417 753 -433
-124502952 803339337 1395 -644
248207952 235804469 535 -160
496051280 -134870305 2103 505
-821113937 493835607 2512 238
-335488672 346568981 1554 626
265890732 -688623275 848 865
27970749 226504880 2111 -364
-617971360 677585386 1755 -620
-673296361 -837276103 2762 630
-100752130 883094380 661 -660
357562978 -912604132 2276 -289
-710732532 -64521339 1287 -342
661975766 561827165 2952 -982
-760838375 -508593116 2801 -883
-179294705 -747040223 339 534
-239562692 247235277 2714 845
792249799 956485840 725 771
-580575826 815654358 1395 -732
24235362 255576976 1324 -88
-792610531 -648019096 555 -409
366210485 760667224 2116 816
880682186 -491575553 2847 500
-802693582 -816301390 2083 226
-8132585 -524368135 977 -503
93534847 -10732221 1090 -776
900502212 35725146 2401 528
439065987 -834770593 152 -520
-507161416 47707223 186 583
-693416608 710318543 280 -312
518277773 500561635 593 -69
625815975 28099211 1991 -471
-566980602 -878343166 1547 -932
742377989 94155428 1071 211
-370876393 654843890 1911 363
610961383 -854959390 2974 -291
-977187305 727129047 801 794
567763428 792053670 1516 492
-585801404 -581599459 1116 -967
-313448739 280486123 2382 399
561424259 304950398 2704 -352
929895732 -233651690 2594 -148
36752305 462708930 2022 831
-565903677 781873644 307 -876
-11386389 -661899612 1836 -544
-855492630 562788440 1455 373
-629721360 -438829589 956 -182
505743846 420961146 729 -646
-777386869 -292347339 2883 -821
-341235975 900541435 200 827
382609864 253166153 1543 76
302947125 -29179743 171 917
-797844899 599571869 1501 -117
82909422 -465922842 2354 112
-414397105 -626241849 1539 -400
40254033 -898309281 2801 -212
892335260 568369609 1458 514
-717427703 129071776 778 470
-778079414 -976772650 1201 45
5844030 492586289 392 -232
-861180908 140986804 1952 932
-801514739 18250457 246 473
-615651394 989200982 1132 -422
-968645120 384005900 2836 -789
588328378 871234435 2738 26
-111165763 -328408700 861 -112
-78715143 -631557934 2052 469
-828631180 860274839 1445 -509
489435230 -659095141 2133 -818
205010825 -332346712 949 -666
688423331 -626008138 1371 538
-418775401 295767968 2252 -385
-782086331 147803991 2810 -305
157611283 686156615 1172 -157
749736557 -896468968 696 513
-871935692 -527382509 752 442
-372137027 -570893534 176 -419
15447881 292959990 1173 66
717917159 258415260 1243 -241
-499160049 487556790 1269 -993
-451124704 -791513960 621 763
-717160090 -936726172 476 -785
133047037 147826846 385 989
406561051 917771938 1963 280
883751624 686992671 735 238
-346896401 268718720 1392 -267
-389129802 -926634606 1615 -455
676594515 582995638 993 618
-639017293 214696953 347 -492
-565611736 143771245 1616 -654
-427541146 801225026 137 -256
447615272 745107958 212 754
-496503997 -673320294 2941 -270
793895320 129985476 1174 525
968950658 71178113 2349 227
-114163279 305247285 119 -450
-158703611 -714556444 1999 716
-269490565 101488428 361 -803
-641844717 -946106030 820 3
-526662807 -950124685 2277 -149
-486726598 -213611905 1676 651
-126008360 -119487041 1654 594
305754341 -974555716 2854 -922
138843190 -886544866 2137 -322
-659212891 -347374896 679 232
-681381974 205003502 1444 884
-537848130 -650157180 1345 762
-73968010 655224689 1583 557
-336570949 344982057 2180 166
26335882 338967186 1552 -131
392826162 217302368 193 829
-730862954 -394596933 1030 959
825160970 183691989 325 698
569485439 669520255 350 -768
-607817571 -790691102 2249 -782
833790856 -315046902 2061 485
433213101 68792623 1002 -315
-334623421 -664228303 1709 -798
677983441 289284091 161 -179
-795701139 167133653 2530 602
540525759 541264795 2457 -843
595856265 542878222 2578 -881
85293728 -663521793 699 -684
996989766 -929522947 2013 -559
675864003 883471816 86 -433
-751691908 -699200848 1123 -284
-244801201 274509602 984 -264
-877473240 -18642601 1632 827
-107311958 -973762071 2492 245
-813850322 806537542 2535 -36
-231590553 190682648 1357 981
-254838129 -365844480 2208 -307
937448198 -587221802 1698 -680
110789575 688115114 1315 -105
630096945 -976756599 353 -326
-196211896 -105173646 1516 -460
696898257 406601957 2985 734
-288871897 828095832 171 -504
958388359 459627625 408 438
520028281 381928582 2812 -556
788366606 283043709 2162 198
380433522 -594673209 15 571
-121850301 87437738 745 284
63014132 -501687701 1176 -768
437770613 -467716900 770 971
-908938927 253438592 2288 407
441718401 -192983658 1810 995
-85934667 -188766459 181 428
144373860 -655955098 2775 337
-548416442 -618922243 1172 511
-880151833 -689089749 256 -851
-744872368 -122873644 1530 -111
4627363 -111161612 1341 318
-184279719 604960916 40 -185
93217758 -783979020 497 166
185393915 -133407151 437 -876
48395619 958577560 422 -705
-915662495 87840793 2107 498
-780803945 702435684 817 666
-41943475 417844230 2489 368
327827546 47942799 921 -303
-595915832 -198197992 1898 -395
789056290 -150915034 2269 693
-834451080 450061214 2581 -244
508020236 -233459760 2013 993
274131628 273754222 2169 -718
-991852279 -701188090 1866 636
-800708691 -834674843 1013 258
832081221 -38907621 2385 -507
231888462 -121712119 429 -592
-960096900 808458998 1323 375
-43620988 776161341 2205 830
68858928 -986112596 362 421
188290864 569824385 2812 -919
936071748 -332564795 1187 700
89620925 -625191891 94 -75
-811010250 388865839 960 500
-59731309 -811861778 2534 -945
-321003151 367974229 1026 52
-516115866 513399724 2149 -82
-967251555 228142096 184 176
-140975747 654188264 473 -463
-960893164 -271740907 1570 758
92799628 -10277033 579 -212
312185815 -331999660 1003 -905
-497696360 125537627 949 -157
441590570 188598604 1617 -299
272493879 -749287942 2926 -661
41979690 347581460 4 294
-192484431 -318307904 1122 911
911660074 252956913 517 495
871348507 580008339 653 622
-567634370 -609453950 1983 -547
415710134 966578660 879 -999
-819215344 264896393 2746 420
-490703786 437344164 1776 884
470043217 981575150 2687 -673
-583571575 -900111671 1997 966
909944108 38361058 2241 338
656872591 -980844679 451 -705
-956489649 517014065 2594 356
-906304868 -96717249 2528 -83
635263200 -358500753 321 611
329119687 -800013824 1589 858
-888838897 -61583705 265 -490
-34890676 -457989772 981 892
-391862320 -614961717 2438 -654
-362553373 -433870392 958 895
-311586473 -807432602 2327 -53
-198292094 -87881088 861 -523
492851812 617669208 2362 349
-166078269 600114463 339 -948
-383943917 -723015283 2259 -714
554301912 -93771554 195 84
105314816 -521103179 1744 -5
468088329 625588286 2812 984
-283030065 -649081684 1647 -769
332302631 742973139 171 886
410524297 746656601 775 664
-282581918 983858316 775 540
-843716894 203137675 582 750
-176419044 814681101 56 575
-350476074 -234928187 2985 48
23668814 999969095 483 389
99041990 -229548530 28 669
-638801734 -424336309 2390 999
564548150 -692869299 1666 62
-996397020 128079485 1774 -196
216759591 -307166159 2028 -848
662264009 -453317244 1713 432
323980981 -798678218 517 301
-277195485 649299602 1473 -517
-464952352 644398261 2837 380
-992031145 -547501131 2404 155
432385575 76964093 1965 -623
-264085827 766958023 2681 422
-198932932 -717213133 1782 -166
645347253 -543517868 1576 -77
82763541 779229817 186 314
-453536600 -122658665 2744 -306
-464958392 -787218322 1148 393
70489384 -93751047 2201 -815
985817366 -456211467 2033 193
458244838 -930208894 2260 -252
-948483310 450413416 1240 -897
808541404 -728402057 874 -910
586981500 -958023040 251 -271
-644449864 91463808 1365 806
-331672123 623717414 1836 648
136911433 406000976 2 172
795936493 -550923596 2082 -938
81315011 -136302837 370 156
498370738 210281330 887 -901
812889964 666229342 188 517
198688651 -839502718 1942 394
-801280432 9642659 2482 534
576979065 -409079081 1797 -137
795981199 388091795 1903 173
918481908 414185184 1748 952
-541771580 -953413761 39 538
-283023696 -84080450 2939 -640
-818510910 532839734 1573 961
852539438 823041154 1216 948
-2887720 -63758158 695 303
248565697 904711046 1087 -818
-494750858 482569312 1960 -596
-625439601 -765691096 2573 -45
563104124 -691297569 148 251
-575918393 962522307 2958 -520
-375202855 -673850585 681 -42
-328527523 -84568879 1783 -876
783592851 -674160070 221 -931
-946254552 477059270 1861 61
-262314882 -831599927 1861 -366
-906778342 -173429147 1528 72
939897838 512434908 484 -850
-786955283 -217182089 1099 -956
-673739883 -765838165 1013 862
-342539512 -759619735 2134 -819
-84371655 -2778708 1697 555
327907935 773717644 627 -856
-259261573 -674714197 2151 31
-484215866 -803297608 2606 902
-742811994 -107813033 2163 684
862410097 437715363 2746 -869
-994258633 876622874 1984 371
760742981 -384155004 2022 109
-315517165 -765627815 982 -456
57538445 508439285 1848 -476
339569551 141120188 133 564
583515996 -698622381 2818 847
-928374167 185899584 927 -542
718766912 -245105965 2769 -113
-382113737 710198996 1544 -714
-911196425 -296558350 2059 -375
779525113 799818612 817 -161
32340281 238157857 178 77
-494699274 466457473 1998 707
507988209 197007325 2219 327
-712302757 947744342 1356 -649
388438057 428911782 480 332
-895963778 180658490 1050 -349
-516510350 943877452 1302 -587
400731172 -839785086 1708 378
-725040564 -100166779 668 814
-804025349 -698032103 2974 421
-822748507 869018357 789 -550
649944790 -587601737 1244 676
428120776 792638781 2301 677
709680004 -854342971 1001 816
31520921 614771867 1453 674
-50540718 -888307357 1243 706
777102139 407352581 1525 453
172241344 -149140532 2944 -402
-890727468 -177444357 2588 -935
485849104 731522883 2031 -811
13499388 602281229 2026 -230
645946754 -328939086 2077 -5
-162712857 -141727765 1773 -5
-940617413 -355665451 1192 352
-99846800 901847039 1221 -654
-901159389 271138806 1186 608
-703352802 91576307 566 -670
507521647 -870826564 1859 -841
546226710 -616067161 1668 463
-641067372 825028257 2974 -667
-696174059 -277237192 589 -141
485365508 -878259088 171 45
-592549386 -734901273 1589 -949
-378841739 765078677 2944 194
-752241254 627068743 2094 -861
-777342457 668617207 775 -273
-975635742 -875239516 800 72
-741353047 -671707116 1148 -666
-559189029 -984407635 2837 148
983926040 780326616 524 -717
40527540 -608119721 2093 -462
-836072338 465494967 1894 -691
199625945 21439634 1535 -232
232630474 -206536484 455 -438
413948608 -808191302 2818 84
918219093 -615202339 567 318
-444986524 -774410462 189 -679
907747535 -534872152 785 -286
-464530853 364272456 2499 -71
-291548508 -276243072 1419 -173
346341855 882883463 2066 -846
-54356184 -883420360 2065 988
-466076587 587996584 2274 -802
741143476 -898078976 311 336
-208935317 298825980 1321 -837
-565981367 -822135701 2935 -463
-733190739 -762148127 2090 205
340939410 -790214647 2970 -860
851409689 729471818 1686 -872
-846648568 -900362150 1381 464
162137977 935152303 1096 39
-61473744 -62987880 2002 454
-19021096 -140934513 1767 -205
-797658747 -288231284 1281 954
339151742 786748846 2184 -38
-38868903 13383345 2986 -362
856008689 384224633 330 -850
166513627 -18598432 1084 -688
-485238093 -220313370 2289 739
-824145257 812203996 736 517
285047169 -953428887 2193 -575
-289949489 662052980 1715 -871
-441266595 293654976 745 -254
-156398780 963820142 1058 -826
989800298 956804537 1062 -531
908952620 957602361 524 -994
581726722 603266710 615 -861
-435874168 -944297700 2325 -626
671213567 27252487 2821 -792
-370652087 -216232026 151 -655
-133173399 316912166 1810 893
-172276522 740836041 2277 -9
-927981243 -741435387 1901 324
783000603 -34287205 421 -409
-324067939 -662257560 839 -905
-63721235 647795857 321 -317
-698077072 290811877 1993 538
940659206 -503808989 1742 508
-520878052 729671467 1462 687
20474039 -366728449 1107 -433
698546821 878758267 136 -18
-151707948 -494887712 673 788
285631153 -161698902 1963 -433
-309124528 -524065772 2044 -392
-323867410 996809786 1450 -61
-418577210 998334356 2262 85
-675819185 934213811 52 49
-756662233 -107597010 1757 151
-666736781 -965011051 1832 -760
-698971075 -701630632 1593 103
631276 866023131 1820 614
663308027 955783652 2275 459
119358139 -46889391 2035 -842
-560505910 805783554 894 -269
899228269 586803802 2518 515
875295917 385358110 1468 -353
333434892 -641067962 47 -237
807892528 990572213 752 411
930568885 913913644 1604 459
960203116 -916372905 1533 300
898641740 -175919955 1689 -557
225401525 -229529805 1154 28
-123582874 -801736856 214 693
137659240 -207333381 1085 839
610094974 -530379707 1147 -163
325967955 -774198483 614 134
243727639 -76596865 319 -776
842665796 -915474766 1731 -495
-34773321 723379163 1356 -217
-177405098 469130538 1251 -111
-979353704 34794274 2114 463
-729154523 875298391 2151 702
-758362788 -290811385 1019 295
-307200045 93420082 2097 -183
-979300365 -46620883 886 407
-282778842 -899223829 2577 -826
709440843 -648827796 1355 -219
-862499758 406484553 1255 634
944978447 849211012 1071 -122
-446379433 -330736197 2999 -870
857761448 39244466 1751 -707
519903936 -81571428 47 612
832656605 -695971621 2658 216
673597622 345760474 2799 435
-430772561 132216996 402 -87
-804052764 944942109 983 576
377832911 -400068008 335 -424
268512686 684534609 869 -932
302117605 -831848666 2421 641
-601869384 -821780869 1520 -410
-95571517 -192849031 681 744
-683206144 451601704 1095 598
115835614 -778610150 848 405
313738361 -279147953 2034 -112
-400150352 790249897 1129 -801
-618562653 -341956027 354 -450
620524149 433953953 1439 565
-432934261 331596719 2475 -721
-362695990 -100655241 1884 759
49100507 110171649 905 -330
-701079048 -694171612 2269 -31
179766266 -574357028 2704 -172
743427321 -44141236 2904 652
-809321222 95161957 678 156
-546087398 202119272 2212 -715
-451850826 -81841405 2822 -739
-823735275 333439606 842 -195
-948155630 370722548 434 516
179449583 -94609552 2567 293
-363918607 640140479 2569 589
493349999 692068008 1195 616
400415240 -34019872 2778 -82
949230690 755123777 119 279
-774056018 238493942 88 -660
534043517 159175627 1462 256
367318087 119887009 2551 455
-74477302 -66211457 2411 -749
-510862973 -535789145 1148 -96
-113807972 -857698552 2387 108
217222506 -823521364 497 -177
546090179 -281612576 2545 12
895239572 805339406 294 12
-493425778 -854820880 863 -760
979015227 -833531320 2404 -17
-409727436 -457415770 532 -711
-442129357 -314434182 1002 659
-773445009 -260265627 981 -904
518117018 -872366832 1297 87
877434414 332964554 1021 -182
632957269 -281485323 436 563
301833924 962641353 1279 -693
632488924 -707681851 1899 -273
-745664252 597200496 1128 361
275268763 -178904840 1172 -806
627068908 -428985785 601 -256
537859931 194848075 1193 209
611741826 684834573 869 939
278569617 479518045 1748 736
575334822 496391210 531 959
-265754271 552230723 2707 615
205985053 16651852 16 340
694022256 -149172307 2330 890
422634011 -794356290 1002 -189
101432441 -888491722 2974 471
624436068 615954616 566 575
249847676 -288007094 1549 609
-48398070 235821450 1158 571
669134552 92623408 2690 -261
409176752 -275698888 785 -136
-64351464 457526804 1200 -151
391522670 -445259762 2801 -290
-63290752 387559348 2770 693
794198842 -338083834 1084 -66
-998587620 -768205643 196 -704
138514685 822442396 1267 -125
534584862 -438007452 2758 994
-607164585 -130592245 2801 944
338950024 101038438 745 -791
-423741986 929741467 2710 813
75660573 -801093053 509 616
956297071 86510565 681 -207
-209237899 649814116 580 -617
-231744368 -25695826 499 285
-984966453 -462740306 1 48
-831881232 188531626 1655 423
-179260469 79455332 1564 149
-236821563 999722642 1970 -182
16742280 215632285 1050 298
-221649249 -121594050 1564 244
228250476 437320837 2916 -146
837164915 -951383044 781 -332
-501385516 -860490375 869 515
866445923 -572773309 2204 791
-551852852 -193459831 1888 326
793196393 -263628039 601 193
334348042 139034169 1861 223
494481653 -838920397 329 -482
-727262592 839681130 1475 113
283506165 451735366 1998 -488
150823258 -370493384 62 918
-249747781 -934274157 2134 -974
-316286586 915334515 1250 -858
509510036 -696418648 1444 484
-556588762 207412853 2073 -693
-652526038 184266113 1481 325
-160478904 788470251 1322 -112
294767583 593420839 176 800
-640932410 -83647689 175 405
130065745 -974493246 2481 -148
152173623 -740241649 1673 670
639935088 918573996 492 798
-959823191 -45001882 2261 -965
24984375 -692317411 2738 -653
292062095 -690316623 2937 -858
310018588 -38753552 1777 95
385701321 -996576658 983 -642
545472890 -152611325 1100 -148
166062162 -462476892 76 -619
670492563 -285309147 2509 934
-666376186 269770118 2150 675
-945620803 801395800 2606 672
114931646 -19665455 320 -373
441623915 -414456809 2147 -473
-784612715 646993879 2850 211
182556542 -321007325 156 276
201200081 190163987 2073 -120
19414508 556795001 2733 18
26113538 175309001 79 794
-512239940 -944533025 140 -913
514903219 -599418912 2580 286
662977858 -889137750 701 -955
71815895 -379545929 1110 749
168846820 396638401 2475 -326
-745413526 -872274816 1884 -61
480594467 662192820 2312 -472
790334762 -892691943 1744 -369
528905248 -519924155 2536 -480
384832383 59201024 1749 -20
4764102 328353243 1883 -361
-879278143 -115055723 1122 10
592078341 -974949796 1390 -127
9712678 362272306 1187 637
-993889187 821302812 1581 851
-844636136 425837873 2421 448
200239495 -387506177 1046 -874
364618569 -714725213 1580 43
470001286 -703299054 1458 212
69528347 -560684598 205 675
-769209637 776389909 1609 599
-593413651 10156636 2312 400
507815981 98460290 189 789
-483719154 922501448 2701 -974
-542929356 385116646 1003 740
445388597 168078142 295 -840
872794576 -571345397 309 288
-581152121 345119906 1685 606
353328426 -630639868 1370 458
969129839 726104887 289 24
825739262 678945400 2421 -958
250339509 222336287 697 -609
-718946806 -41339040 95 -228
-19833808 -954222573 1086 737
957551917 -347510775 2295 -587
71179490 -425311897 1593 -225
493917116 645590377 1324 -896
156844484 -115265413 1550 -160
-939630870 805691681 2995 658
-694413987 -502018610 1698 -891
-524758779 775081438 1672 18
640453990 -130708274 1824 -475
692891695 -522265125 2519 -736
698529999 -805859618 1216 -361
71496570 -149518681 1039 -537
337893810 -202037991 2279 -633
236541965 -477758652 2088 915
-340627391 789464661 434 -814
-931844693 -128677943 1348 632
160285005 -768273378 792 33
-770624708 598278089 1622 675
-117385287 -788111894 820 -290
-992231412 887434279 131 148
-325114404 -113117421 45 -344
-380808185 912673668 1713 -327
-357849251 58818060 1253 175
54028946 848918958 965 868
-939523091 619490581 1201 -941
717218523 -512769148 1726 -405
-624097675 -353709541 2133 359
276618072 988907112 2875 -179
-412717793 982891348 621 -927
880283143 -1287569 353 158
-460283367 -221394142 2769 -251
442188292 925114998 436 -404
68356510 -782061124 219 -361
-981040168 -773237320 2571 735
929339525 -205107056 2423 521
504073814 503855214 398 791
701823995 -543628452 627 -702
740658874 -497884858 2635 639
416017112 53459727 718 -957
108675417 -773365157 2496 -407
584572792 -576999782 1488 217
17418639 -646020772 984 -594
-507420150 -540231882 2344 3
102076642 557546161 163 994
83458293 540633189 2379 392
354032738 -701249699 2041 519
326564085 524877280 2924 900
489542084 66298251 508 479
822686742 25352470 451 772
600996228 417097694 1315 395
519429017 364115101 788 337
-907499198 -390529406 1312 522
465127907 -111816094 554 -875
-841392124 789742115 1226 -700
836959588 -885058258 2984 -300
-961273417 676890749 1085 -998
177833609 -425634635 2023 -93
-701217993 -706418592 517 881
469237664 751491358 2578 60
952316586 -863381459 2891 858
892840456 665075682 2001 828
776821065 736440456 1151 80
601827890 769756712 2349 -936
-970183635 -469172447 2238 243
-194918785 733922140 503 -366
688203559 -833112335 1211 -368
986076681 -999444812 1210 959
506646352 213562534 2403 -783
-391720899 857838591 182 589
461750822 -444318578 909 349
597447443 887323859 948 -490
314322967 -569831140 2749 -976
268085012 564493313 1218 -828
194181825 959209906 97 -361
-1497249 -607012809 1813 -928
-810589527 691604803 2963 -210
189486434 -646973556 381 -17
104722653 -45957795 365 -166
334066644 -871133751 1479 -830
-228140600 -494533328 1728 801
-603698636 953675091 2317 292
-730148256 628986633 908 789
-698580766 372779135 2769 888
336571632 433609103 561 -477
822780568 -633632636 1877 887
-789494005 -93630693 1732 -195
215101294 -800626876 582 513
-779252800 -431515658 2674 -900
903043996 440982270 1418 93
-954010523 913407161 2976 479
63693370 -327038147 736 -881
425164381 949157998 2921 -667
-481529715 310380026 2855 630
-281446167 -289010947 2872 -264
260336468 416153330 435 -397
-340197566 338598033 566 -90
-853810222 822644450 2049 -335
286826538 -386730106 1672 -840
442009126 771149343 1476 847
-924501589 -501294489 2458 924
-467506988 803621655 2399 -309
907885319 86193413 362 -988
872449023 631739544 889 -888
-986040281 423622158 2005 -507
-482957608 375569310 948 -130
-461158060 -892265940 845 198
-126936718 -100858894 73 -63
-170078395 -43344232 440 -498
675718093 -867769122 2685 960
-208955477 -518327862 1659 577
739537561 949511297 1406 634
260836952 -561214238 1113 -491
-514224929 -557595711 1216 36
-926943530 748973313 2839 -799
-359416933 476626536 1985 994
-151708900 -188399530 2345 -760
-21456228 -780814148 1969 -535
417740807 963100270 691 764
20104 -662585041 628 -823
754297421 504375337 1562 78
-243179527 -862086441 1622 523
-503771283 -916911818 2199 196
581407531 -911526971 1040 275
-234866514 86062268 2136 0
212393021 -684026947 2768 -168
884235641 240572234 529 -64
-493548707 -77839186 1461 -265
-37583342 138058625 1050 -753
-688551504 -692736924 1576 -216
-42359098 -617264652 2824 670
-476141567 744817240 1429 -340
169851669 546189575 2295 630
160817476 560943248 359 -548
-9007627 -667810481 230 -531
272686171 719178065 2151 568
-205749739 -316663646 2999 713
-326203420 49083315 2116 -612
-697310407 -76561161 1835 123
226675164 146001117 2736 -493
-129665037 -377993829 1597 -3
153309370 -605433386 1755 -986
-452942447 956954589 725 -721
-538883797 872119371 1136 621
395606263 -526858405 1580 307
-645486726 519453923 796 -626
-413279597 871733889 2511 -46
882192779 -413465119 1844 983
-318181877 -814575135 2010 -526
-118352328 -182077646 855 500
740648653 497955511 2332 -633
423903703 861249507 2919 195
-729586883 -531404783 2903 -671
952720634 823226970 274 471
946820236 -56571319 2614 449
-900840248 326716296 2576 246
-771056281 -766574793 2332 653
450459302 45529739 1301 770
408606912 -481128505 2558 -517
-498366529 -364564018 2125 193
-325336679 991223784 2019 594
447042336 38517659 2161 874
-395103789 479276248 2985 159
549078943 844402546 1519 -923
729514004 879856032 2852 -404
320077904 725685074 2693 -323
-881306595 880171901 1236 143
367594240 240892074 1438 954
401743927 -195829166 1468 -445
-344068865 -649109215 351 -603
-807634091 -716829125 2036 -164
-965866283 -390961771 1713 230
-165314732 -875176989 2763 -692
146540832 -30454703 1836 771
-275941972 -341709170 2021 -659
821658781 170721932 2349 -130
258085023 334340216 937 -651
-913374096 460699352 1853 -366
-583566355 -23251011 699 568
-17887589 101549142 1439 964
217006804 -934208244 2931 -185
653765189 -403297904 842 -96
313500520 -785473286 467 -892
-999554355 -76509642 219 -306
388320188 -25368843 362 -319
-109551625 759753378 2338 -333
-681754462 583757656 1483 712
-973502872 -780120298 2681 -861
-414412290 218786060 2332 -730
208524151 199100348 1336 -307
440509312 -686528728 201 -222
296812650 121879602 1047 -94
893214480 20220182 1504 -727
-692203795 -135286725 2495 -805
-37426041 76666694 1212 -396
-417590490 258979131 1056 431
821192438 -484836923 815 426
-832788887 -909563180 452 629
872502504 451307946 2223 -914
285760512 -244498241 1984 -900
-53558230 -285595418 1622 506
404140700 -996462535 1638 88
-886894881 -535341012 1125 -792
389849893 -411435129 1830 -478
205970537 -293152091 1589 -206
-69666028 97221789 2366 642
-733585108 -449777541 2219 38
-139059321 -26542235 2715 -400
531010491 829819219 359 559
403292635 -948409310 1260 -429
-178583334 -55287530 2931 73
-637432169 152848951 1768 -651
-230836764 909349009 1894 -470
214872597 -925309545 2219 -311
-626200921 767194815 320 152
-931947329 606888166 1952 -555
-755338964 171685283 981 245
483747406 353852711 2052 743
-658448482 508195747 0 -421
276562369 692016225 210 -909
-55952518 -587239607 952 982
636039204 64611226 580 949
171943568 -570722364 631 -251
-779229428 -995978564 145 -88
641727052 -840429019 2646 -31
-7461547 -952937020 1395 -682
-807182247 -494252815 403 826
-575762941 -9208372 320 962
-458266168 -325675612 103 753
-43921819 -70867045 2204 105
-263930992 493952677 376 -572
592149810 -646721377 291 -848
594661547 -89945825 2492 22
876240307 619786880 299 -99
-708565054 530228864 452 -878
226595218 383150208 2047 -865
587886960 -675039109 569 -103
-917995971 777011964 778 836
674069832 972158770 760 -531
-58590258 12017342 1729 -921
-314116608 918652578 2622 154
103529400 399734237 2211 256
-931925989 426683970 189 809
336733116 -914014852 1820 -981
506797241 876276637 2194 -761
544247959 -836516975 601 200
-855329614 -461876597 2371 378
-823996835 666376617 517 342
683949307 268721562 2585 722
125286316 519906396 1223 438
-600955859 -755321411 1973 -59
513473492 546697373 2667 701
-444641987 61079457 1090 428
9999036 -781870768 734 -886
361379916 997039976 736 -681
-954845730 -771113139 1931 -895
-749933940 149733718 482 781
397827980 -421782256 1128 -377
219852200 528755035 1212 79
-493014402 -88804114 2374 -623
-686586350 -812667552 928 933
-808325962 649804200 2013 -573
515693334 211737932 589 797
821603726 -242003145 860 853
817825504 256457674 1969 -882
-953853168 963424832 1307 36
135219392 -451789018 1006 389
659895197 706259329 2203 597
-310186976 712556179 2189 -853
-566277079 623656679 55 628
842017851 693365074 513 -194
477110702 -911272285 1516 -513
338021537 -836305671 2348 433
-667144498 360228813 1550 137
170944763 -166991526 697 -625
935157680 -846255234 949 835
-343579995 -856499930 1110 585
842686716 -648827113 624 356
224401746 -651935279 2569 -790
885339898 -654487045 1742 512
81061579 -949361165 1991 -85
-213942081 -63765691 2250 -670
-776188827 323341999 2265 620
-641419897 -417752905 2816 156
638621746 250216955 119 -888
-298201397 -389911012 1019 -545
-165600134 -614332591 24 570
862291726 -952581228 472 307
62658595 -187153987 575 -818
198109609 -337468307 683 -204
330115171 855024941 886 -969
860945182 -484738820 2791 805
383767928 -280784525 609 756
-416953621 887850394 833 -740
955173521 78278509 1330 -994
163151862 213050018 681 887
242659953 16784689 2811 226
79459565 -272997239 1223 -543
-337482117 -97756787 242 -76
-536467173 574342303 1766 779
-548737480 -811946954 919 422
10252457 867492700 284 277
-401853697 603392163 368 461
-773528633 -728509561 495 305
-615671697 492020471 2276 611
-155960682 709687640 96 658
682260414 -193000908 1460 -911
-309757340 -797354939 473 -351
285647459 417492027 315 908
-974601559 -434202430 2482 865
-725631402 283528484 905 835
845465558 -894521240 1474 852
433043340 -593775656 2133 -531
-121788595 -818906927 368 -838
-851220809 820622624 2411 -853
-145005882 637080815 845 -690
734174425 918522366 2489 -458
335437051 317586450 1739 -157
-106389385 349713602 1418 -588
-5929924 -845799114 2751 67
190500598 151720550 2013 629
297739120 -623669400 196 -572
532115432 -417856619 1976 262
-965254043 219098379 1433 754
-49346109 91694055 736 -368
215505043 -536599711 1275 -149
963406686 46832618 2757 768
86074594 824690133 2675 270
-639776114 -112930967 1323 -127
470074362 930274945 1745 194
259575149 382984985 2088 -320
271354689 610077332 2095 531
501856787 -185079631 57 145
-545458349 850526683 1097 745
772760065 -103241616 2704 -782
-56589193 -73283976 1489 12
432758338 441264717 1138 -965
828210793 -326372407 2858 422
-273839463 829729963 689 760
-459515708 -658589810 1503 429
-950692477 631612443 2459 712
-678222964 -846401608 1475 32
821890326 648975580 1774 27
-824670953 -150116209 2207 -135
422988392 675649073 429 790
-70209366 -603043664 1552 -788
179019864 -124148141 428 736
-181712921 -504272765 2760 -619
-45739341 -881482922 1800 725
-741445457 -756924665 1526 -272
-668594851 225468999 1908 -454
124335824 576169848 2770 -507
-292607510 -543086917 1448 -419
733322367 -320002662 77 942
744797424 -675578360 820 739
-296849138 603894257 291 -473
840249021 -330676905 1182 -319
-972997623 220303161 454 978
-987915470 -307775530 1106 288
712797651 -932578134 130 -68
645137100 -40203910 544 -737
922498998 471301416 2898 -372
-658421323 918676764 442 -450
-125392641 956398554 1918 -285
989108334 -235306072 385 -277
965308296 80285676 582 -751
700992421 -19469860 536 954
764239500 -623946877 2977 75
21306462 819557919 2163 -509
-451609300 -77676017 617 461
-723867664 -268999102 2327 446
960093013 484877932 2443 264
807269948 -550730689 2038 897
-465151278 573789723 2986 630
-13010560 -280425192 2160 -417
139596633 683109690 1866 957
-66898294 65025229 802 908
-819911815 925737849 241 337
-104335756 186731524 769 -765
694636929 -665408231 919 -905
-884355445 -36894977 1822 605
567538155 -321299068 1957 88
-955865864 -527938311 1394 -808
248155787 710285600 1647 646
29162413 470640111 2097 -779
-525712813 318077644 2007 -671
441174708 104498367 1706 67
728566535 32595264 123 875
-223447297 -591284249 2991 313
967297429 -387744513 2163 634
591788951 -477442349 1706 -659
-629457206 201653704 1004 77
446180061 553127540 2073 -439
-162985787 626938096 188 17
839766327 69132327 2785 -840
-62587712 -191766651 1404 294
424070188 925898677 763 -33
-752048552 -157308694 1700 885
789701299 -533910408 156 -532
896049390 -467697220 392 104
-480942683 220892363 1677 183
-970433732 530799816 1620 375
485895676 -154767434 2204 -443
-71840470 960957825 2646 67
-465723348 254523826 1658 113
654087430 -968324395 1935 35
320978813 986661794 2389 492
594760942 -727253473 2855 -417
-208923047 812330332 2351 88
-426260747 -383414094 1322 -895
-369738029 -336439527 2944 376
-239000930 282835624 2411 -184
377816101 -792775589 1859 168
222072861 526907530 2635 -935
-222612070 601925265 1186 959
995581238 725912270 1045 -207
-569192100 -674830817 1860 669
-585618113 241279341 2123 602
257951627 -800109500 82 407
-1119395 457937679 693 -864
81919885 -77771100 2654 839
1201912 412098803 2553 -953
509185058 -518972291 1352 843
-575536769 868251505 1813 520
-526649025 -632596905 195 -273
943793019 858220972 2558 307
990327099 995832233 1808 6
255269903 -208274416 2440 64
-310859661 -439668743 1502 -276
609467592 788861122 2261 -909
826965784 460841824 1200 -485
-973851376 350339685 90 -526
-719748433 553816992 725 -423
974142529 28260150 1276 639
-676671534 869124295 494 -257
160326847 219811430 1210 -247
594179299 755753700 654 755
-419941768 789292359 771 -66
-734257237 15952805 1889 232
-666937053 852728379 2655 -501
372318721 911527626 1495 850
-940593675 -989645000 2670 721
-350932776 798420690 1701 60
133779398 -699260775 1889 -313
-407247161 603972132 1312 605
-198781100 70580152 1840 949
-621271970 234018018 2676 -693
-240924049 331909559 1836 -159
962074123 620981369 1107 502
-163406171 9207045 610 898
-654108451 765567281 501 -836
924976775 116947631 1919 -567
-114955813 621301031 2610 627
214164818 -727992364 1861 487
137308865 526664064 1256 653
-606709874 -762838867 545 147
-922453078 965818358 1450 304
-644538260 761607674 517 647
-395642290 -3397882 2929 414
-339955312 -32443135 1900 52
-66113497 -202964212 2762 446
-249825191 373219846 646 -808
-885168095 843758366 1587 387
-255172777 -820749403 2369 929
-157995070 843678406 1935 -611
363161866 -974167797 198 909
-469881408 774611100 1513 -263
283764267 -831622233 871 954
557206096 -495325636 408 371
656012320 -984323759 381 580
-918516344 -2388004 219 273
436037444 791577800 1455 -74
-527390360 -517252349 96 498
921076841 -901848307 845 -840
226895439 692187441 365 -19
894593267 217119864 292 -465
-149437274 207737564 2553 -965
360277330 -982964662 2826 -857
-698418625 982054331 1073 -210
-454303604 141731760 1520 870
288905765 -458221783 1706 641
-27952083 -637112351 1182 704
658532479 396725365 2362 -869
-528513523 -304542920 1240 0
-731161166 -618736218 2131 -343
-910498469 -40347029 522 -413
-517284288 776252605 342 -278
-586911369 731655772 1048 -49
428057989 25040516 1545 -817
-837612976 -999348756 1020 507
819481501 -295799678 717 473
-974261529 761272061 2675 667
-801276098 750377656 2852 -88
170045597 93304286 2458 -931
-759399565 -315075611 1516 -508
120065364 23745400 548 -423
52435622 205259200 1499 -217
280742274 -672481755 121 -923
654563233 -797123507 1530 284
798260426 -473528096 1172 -486
-522244822 36357292 1404 439
-336587308 457396047 1570 -398
-257992847 949607941 1363 -61
-775181026 927790555 2208 -153
-87965317 -824497386 1214 -757
600209309 324235010 2714 315
202642371 -976709012 788 -689
829909985 -379259694 1728 627
-679468369 290918639 2374 -767
906495729 520893704 1944 -951
-489024633 104315146 1439 -764
-871091910 -110583138 1822 88
-867513278 -299254090 2475 -719
-653425456 -100062262 705 435
341387602 -451040933 763 898
-705586034 897864691 1619 -922
361619573 -626433534 2849 972
-186718679 85214160 2087 298
574951102 906910510 2136 -631
-739659129 -682004586 62 368
-300315124 -133938373 2514 -496
201461060 772764207 1084 419
483201036 596607882 1822 -977
429610489 57310364 2951 -982
-381247477 -857837384 571 -221
587647499 746303326 82 -145
-354423171 979772624 2910 -251
-625419689 -14545111 2475 919
-13538710 -876588761 2839 298
-330772673 878841746 2208 567
343469946 443782652 2371 -318
469898779 -367105655 2037 446
516893319 -981128192 212 820
815320410 -186167344 1078 203
5056116 914699210 1885 -408
-619761460 792937387 1853 826
23521623 -446536407 601 469
129083903 88427327 2944 287
374046855 13208215 1942 -706
-791735101 152007712 1888 -288
-217829445 275822555 1532 263
-541662482 754936329 2002 -459
744494010 950920588 2123 -16
668867475 -913599654 2222 -73
-468051134 451880754 517 990
752926011 -662473861 321 376
531228800 418537356 219 296
784933170 -415837386 2760 -707
-947614399 69341804 340 -293
451053976 207848634 925 398
-644467974 926775735 48 792
-581318245 869784192 593 595
-269824254 -749038005 2464 -939
-462007457 854288381 186 -487
930455774 698245088 1984 -23
-743400573 -817089601 1776 363
277479495 -322603983 1753 -683
-475356997 -609655099 1268 -780
-183934528 316826586 757 94
-419260935 689615364 2013 -783
98011492 -359008689 197 731
-974215591 -363587445 654 561
27959556 201116331 2646 -11
433187509 -879418059 1509 -27
-703584889 -18464076 806 846
-197904292 -989308588 171 -909
356220842 875060477 122 67
-183136271 -451825198 93 -168
832104292 -531668003 1528 333
-583406431 -45177305 2899 -604
283254465 -797690042 556 275
-541614641 -230980486 2774 -236
67389194 794272427 93 -2
357767852 -143288495 1325 -145
711278148 754677303 327 432
327883267 -668381740 2784 -335
531607773 -664171049 446 640
415773214 187389696 2512 107
-483206967 531251801 1660 -136
735428831 326652173 262 892
323390193 606435015 1549 746
-577034567 -691577446 2488 -315
-854765945 151370340 1481 -81
602757180 865993199 548 -945
-847786194 881436188 1446 531
143782096 464279162 1234 -412
-158037228 957163568 778 -480
556762028 -900760395 2349 -164
961758622 612822311 2076 -933
574203925 250635398 1556 682
536168183 174076615 2126 -176
423360498 -310915449 2134 -862
-836382907 -770419371 1984 74
491354279 386879303 962 -976
755126408 -173699702 2185 -292
111600617 -19294011 2896 -761
-154348097 -561380608 171 -990
159421517 855653341 2986 -234
-432845365 -945274814 495 -29
445059147 -636869013 471 -448
-558589890 269853837 2028 503
-128895176 -318936663 2353 675
58927549 -484144877 751 -19
263904682 -526587231 2123 -380
-853950397 -74333238 1516 -184
969632942 859281122 2826 -429
200601625 324693398 724 522
-572946662 -33381076 2111 54
696402313 493265022 2736 -512
643016025 122702465 173 -224
576898163 -299490183 104 527
-749804552 175737533 886 921
863368710 -500295662 1045 4
35419808 -259803633 196 282
-763596705 116877293 2229 662
-828043722 361701762 621 -773
280898748 117740159 2885 974
365968035 -688722582 2497 -964
-440320198 -872165900 1665 -793
-286309034 479413311 2644 636
260304638 683786560 2169 95
-453897029 -7836728 1355 -345
665460522 865544317 2378 -442
-552719278 403144533 2818 630
150846935 773163005 1528 88
111245139 794661671 2421 -106
245074352 279957781 726 148
-887953812 352769618 624 -191
425261196 53598713 2386 -670
592522507 -326672056 1421 -427
128916140 -856225412 280 363
889242398 -521293814 2381 -553
546722949 497193071 436 -842
444861161 -934392465 2528 -193
602233271 915098863 1172 776
-742062527 780667536 1766 -618
-461203152 -231295542 320 753
-150495089 595590941 2547 -592
716875680 861614088 2128 597
-578383944 833013295 637 -80
-173380426 511155948 2658 -817
953498112 536291292 1138 867
471848055 -388923628 1050 738
-380859935 869948236 1342 -319
964105059 -685791107 2090 324
-160605178 367755863 668 -221
425166166 -325145564 159 762
-668490139 940401533 1785 176
-237192729 -474157751 2681 -870
-253861343 -262534568 2812 -751
-284898538 -913179838 1622 -910
-880544669 988783483 2756 381
-642534947 -695054989 321 -576
992813552 -670830925 957 809
892565514 -207562222 2565 -946
295143338 -413559636 1089 409
-927262141 -715086078 1831 -948
974257624 979515078 1085 715
-852761944 -10563810 1549 492
-685914816 256456729 1530 -521
809688898 302619346 1638 724
537102984 345031091 999 -348
-77969484 -621325242 1020 -431
596940960 -874282217 357 -127
129483149 51664008 601 -961
-218144270 -253341745 2231 -341
287916776 871650021 1212 832
-883908488 -576578372 354 914
-440052751 -318853648 591 601
500044878 146289921 1580 889
202548007 662428106 2625 -103
-274661993 417018772 609 -765
-773007861 -564284783 579 -861
741362508 499141672 1237 -608
926613011 -10216518 189 -347
-424825641 436459331 57 -754
812753661 236326051 2769 -171
-947888048 46113780 2647 -329
-114336539 -149618737 1321 84
-759936106 -855021413 1983 19
881630531 -889960914 201 -84
670749266 959903601 918 -46
19710398 -263450113 139 -351
525516633 -562630106 186 606
-396681657 569988249 723 741
278638816 41714092 855 -481
-472574406 13528306 472 674
-675655816 126746140 1520 72
422080932 749841841 1459 -814
358332383 948389619 2637 952
709888165 158918448 2162 -644
495371157 -657102920 497 -447
-401159603 -824894276 1599 567
-885813448 -404809066 313 591
191141376 552718757 1808 -358
-595331826 381892759 2197 -1
788779125 693639837 2945 327
505476183 -755800874 1100 -41
479134229 582575149 1029 -400
-865757125 614112347 763 490
496870282 -931308744 2090 -886
-798355966 -103519524 2191 468
122004871 -728643322 2283 696
222220341 117477454 624 -11
283790300 735467169 1972 174
-442303133 -671745636 2833 -286
733153610 967166272 1884 716
-922792374 -112858153 2726 -506
813066956 -177098174 143 -970
-934121870 104783578 2229 -416
676321378 -61525030 1550 -994
-763283313 422230214 2897 -729
158609679 912135724 2929 -359
546720285 -736688636 384 675
95677180 16381286 2917 731
-758869278 603312207 219 -772
284911212 311314893 2251 815
-627013719 -286706326 2891 -106
-247449326 637342512 74 -26
412221590 102136108 736 -125
-528654967 468793724 2681 -833
717295096 685113080 1413 -841
858285510 461673171 2999 59
968567172 -709138101 133 -878
203873433 300868468 2839 471
-193999520 188460384 495 7
9264033 -369135069 636 -643
-482713631 -280720340 1983 -813
901042820 -76429734 1552 147
776291123 -294656517 1113 -915
938664928 -785288646 64 -554
721972198 -700606482 2588 526
700496832 8864177 2188 -421
807619041 878080714 1910 798
-429852738 171614737 291 -886
760491051 -300037119 2649 92
425906841 686984581 2958 873
322587145 483632717 2503 731
825237805 450576237 1948 397
274273663 -503373553 1139 225
529170497 -954194081 1447 286
535956286 -714428565 1476 841
89073684 206453082 2169 -51
-450281563 72050572 862 535
1 1100 -212
1 1650 472
1 2499 -107
2 2372
1 965 644
1 1567 42
1 551 398
1 1581 835
1 2892 38
2 688
2 1431
2 2503
1 694 -179
2 738
2 2429
2 2392
1 757 -996
1 1767 -937
1 1764 -812
1 1963 -441
2 1049
1 533 -220
1 1509 629
2 701
2 760
1 1471 765
1 819 105
2 2707
2 27
1 2656 -96
1 1054 -638
1 2249 366
1 2176 682
1 943 -276
1 662 289
2 2354
1 682 -678
2 2280
2 1667
1 1484 250
1 737 724
2 2174
2 1162
1 1315 -290
1 1691 469
2 792
1 2665 -692
1 948 -172
2 2373
2 2254
1 627 -105
1 2883 458
2 1357
1 1905 552
2 1595
1 230 513
1 257 446
1 830 938
2 1906
1 2388 -880
2 1052
1 2978 -597
2 1776
1 2418 -858
2 1058
1 399 622
1 2494 346
1 586 -99
1 888 281
2 563
1 1684 -928
2 605
2 705
1 2925 -512
2 185
2 161
2 208
2 758
1 1884 286
2 1801
2 876
2 2646
1 1013 -359
2 563
1 1270 940
1 2035 544
1 257 529
2 2626
2 2977
1 2666 -297
1 395 -912
2 2214
2 1096
1 650 -544
2 2576
1 2637 -207
1 122 875
2 912
2 1244
2 2328
2 2137
1 1807 -464
1 1877 313
1 1230 -586
2 1348
1 2653 464
1 231 970
2 2270
2 1793
1 261 -713
1 2832 -770
1 2643 -898
1 1067 172
1 2480 850
1 1111 170
1 750 -984
2 1130
2 2345
2 1344
2 2959
1 2868 -818
2 1232
1 1624 -672
2 1432
1 1596 957
2 1728
1 295 496
1 2769 -272
1 553 591
2 278
2 1192
1 457 -938
2 2652
1 2889 594
1 1057 993
2 2460
2 1553
2 1182
2 1142
2 1349
2 1659
2 95
2 2239
2 750
1 2512 -803
1 374 163
2 1874
2 1716
2 493
2 1053
2 881
1 2050 826
1 2067 421
2 2916
1 1377 -141
2 2738
1 141 438
2 2398
1 217 175
2 1143
2 2542
2 706
2 2283
2 2254
2 1093
1 1925 567
2 1961
1 2137 934
1 1633 518
1 1766 840
2 1905
2 1448
1 2802 83
1 1943 -270
2 834
1 2948 841
1 636 -462
2 1364
1 1991 564
2 1336
2 2236
2 892
2 746
2 2415
2 2591
2 2783
2 1088
2 332
2 2417
2 2092
1 1566 -121
2 736
2 492
2 1123
1 2853 -86
2 204
1 340 -791
1 539 -564
2 2984
1 90 -325
2 1524
1 1622 660
2 434
2 237
1 2811 -120
1 1892 -491
2 1036
1 2835 238
1 2031 -565
2 1019
2 274
2 1353
1 2964 122
1 1701 -29
2 363
2 2636
2 2290
2 504
2 2205
2 2351
2 1275
1 1021 842
1 2215 564
1 1554 -437
2 2460
2 1988
1 980 784
2 2189
2 1368
1 832 -832
1 2302 682
1 75 -183
2 1291
2 2893
2 1966
2 730
1 2149 289
1 754 -53
2 1284
2 2923
1 2112 -906
2 2278
2 2412
2 300
1 1777 107
2 1717
2 2501
1 2745 -850
1 1830 -336
2 2972
1 1883 532
1 39 -531
2 2688
1 1079 821
2 1500
1 1931 395
1 1663 -796
2 2838
1 1365 -285
2 332
1 2708 -822
1 2463 789
2 2823
2 1402
2 1284
2 2755
2 2582
1 2834 84
1 2330 306
1 778 210
2 1956
1 1627 701
2 795
1 446 -312
1 2721 906
2 610
1 1642 745
1 613 -196
2 2586
1 233 605
2 53
1 1074 956
1 2867 -365
1 1664 469
2 1804
1 1249 326
2 671
1 752 -843
2 2874
1 1322 172
2 1490
2 1903
2 783
2 8
2 2795
1 2109 540
1 2890 -960
1 95 807
1 2980 101
1 368 -951
1 1671 -450
2 840
2 252
2 2107
1 2581 163
2 1858
1 1514 -992
2 1772
2 2456
2 2354
2 1289
1 270 -552
1 1942 -504
2 2641
2 193
2 1787
2 955
1 1715 -495
1 477 -666
1 1595 -816
2 1153
2 925
2 933
1 994 -502
2 2075
1 310 212
2 2175
2 974
1 2630 -536
2 550
1 1576 636
2 2287
1 411 281
1 138 -529
2 1134
1 32 -533
2 35
2 2598
2 606
2 1198
2 2079
1 1550 -939
2 1800
1 2053 -534
1 1785 -727
1 1960 365
1 1446 680
2 1870
1 734 29
2 596
1 599 -38
1 40 193
2 2326
2 440
1 1421 -252
1 527 51
1 2385 992
2 1714
2 752
2 116
1 1311 473
2 1999
2 2862
1 766 -566
2 1384
1 1518 322
1 954 -663
2 1156
1 480 -406
2 514
1 395 394
1 102 284
2 946
2 471
2 221
1 2674 -765
1 1354 494
1 2545 -633
2 886
2 1005
2 285
1 1394 634
2 2660
2 2829
1 943 -457
2 935
1 2719 -327
2 2119
1 1157 608
1 2622 155
2 2793
1 2990 765
1 1347 -922
2 2413
1 483 304
1 766 108
1 2349 -29
2 1428
2 2802
2 423
2 258
2 987
2 2394
1 845 449
2 230
2 1364
2 1280
2 1913
1 1325 -372
1 2727 932
1 1000 463
2 1075
2 1033
1 1832 -522
1 274 -68
2 338
2 1104
2 1586
1 240 -348
2 2701
2 1802
1 858 345
2 1688
2 720
1 2215 549
2 1023
2 2586
1 2214 814
1 2859 -346
1 1772 -985
2 1079
2 1546
2 2992
2 2360
1 1548 850
1 2773 -124
1 197 -199
2 240
1 1889 -894
2 2634
2 2790
2 1512
2 2613
1 961 -74
2 2297
1 2282 -118
2 1764
2 2456
2 562
2 1993
1 2603 -347
2 425
1 1523 -103
2 2016
2 84
1 2194 844
1 1122 841
1 2674 -15
2 1997
1 2027 -83
2 2617
1 1842 -406
1 461 -481
2 2493
1 1227 517
1 1951 295
1 2027 727
1 602 -303
1 2398 958
1 2019 494
1 2532 -693
2 2560
2 2863
1 1004 -723
1 445 -646
1 264 549
1 1186 742
1 1338 91
2 2082
1 2765 -317
1 2937 -510
1 1514 -765
1 2455 163
2 2798
2 339
2 1003
2 1358
2 2592
2 1852
2 2581
2 150
1 2931 463
1 2135 220
2 2160
2 925
2 140
2 538
1 2296 -873
1 877 -443
2 456
2 1166
1 433 143
1 2471 567
1 290 -321
1 2094 516
2 1027
1 1129 -620
2 2138
2 1425
2 136
2 1639
1 490 884
1 735 -190
2 1723
1 1532 -650
1 2786 -855
1 638 -295
1 1561 -194
2 42
2 2691
2 1676
2 1407
2 2407
2 2281
1 2744 -200
1 650 -279
2 2666
1 2479 -48
1 1141 -622
2 1231
2 280
1 1822 169
1 1001 -372
1 2150 7
1 1598 917
2 944
2 2637
1 356 76
2 2603
2 1835
1 1851 366
1 653 -21
2 147
1 1075 863
1 961 64
1 1890 -945
1 1959 863
2 849
2 1798
2 1660
2 562
1 943 745
1 2956 718
2 64
1 2118 -908
1 226 931
2 1538
2 331
2 1223
2 2334
2 1425
2 1921
1 223 559
2 2727
2 85
1 2073 203
2 798
2 410
1 2259 -74
1 2500 213
2 1461
2 824
2 913
1 2016 -440
2 2622
2 775
2 1797
1 2528 839
2 133
2 1718
1 2961 355
2 21
1 1973 -407
2 2353
2 2935
1 1275 588
1 2150 -753
1 1278 -805
1 946 -662
1 2055 -862
1 653 778
1 1839 387
1 1968 90
1 875 132
2 2748
2 2394
1 551 852
2 1567
1 1850 -797
1 2233 965
1 1681 821
2 2233
2 227
1 2450 -171
1 2288 -784
1 937 -327
2 137
2 2858
2 485
2 2570
2 563
2 880
2 618
2 2778
2 99
1 2144 -283
1 267 923
2 2690
2 709
1 219 97
2 532
2 33
1 1081 492
1 1874 78
2 402
2 1870
2 593
2 1856
2 2838
1 769 582
1 458 105
2 269
2 1319
2 528
1 1157 222
1 2140 -634
2 1924
1 831 -785
1 1314 -15
2 410
1 550 -86
1 1706 -584
1 2698 664
2 2348
2 1290
1 806 -851
2 438
1 291 -798
1 2726 -112
1 2678 303
2 95
2 1715
2 1429
1 1132 -854
1 2674 645
2 2293
2 246
1 2760 404
1 1290 589
2 2826
2 1973
2 2900
2 2317
2 259
1 598 -679
1 1416 -598
2 274
1 485 -154
1 1026 382
1 20 398
1 1649 401
2 238
1 845 484
2 1884
1 1556 91
1 2903 561
1 1290 364
2 2101
2 13
1 1688 -682
1 50 -178
2 1253
2 2398
1 1768 241
2 685
1 2361 999
2 2253
2 1012
2 297
1 308 761
1 1388 -301
2 1726
1 160 938
2 1474
1 2586 -891
2 1710
2 1163
2 76
2 1477
1 2036 -557
1 1799 706
1 1075 -121
2 1413
1 1645 962
2 838
1 1701 -707
1 1375 446
2 2781
2 1321
1 813 -245
1 848 -321
1 770 -241
1 2580 -825
2 1103
1 1675 0
2 528
1 2356 -318
1 1893 -503
2 2816
2 2454
1 1574 390
1 1164 -990
1 2017 -449
2 2851
1 285 -360
1 2204 -998
2 1426
2 2860
1 1423 251
2 620
1 309 -541
1 1106 646
1 813 978
1 2155 684
2 1887
2 2270
2 756
2 1752
1 903 628
1 658 665
2 2982
1 2418 -336
1 2323 872
1 25 -579
2 109
2 967
1 2571 905
2 793
2 2704
2 519
2 2371
1 176 268
2 1317
1 2274 -814
1 571 -970
2 1457
2 1435
2 678
2 177
1 603 837
2 1043
1 2618 -140
1 127 -784
1 2663 -925
1 1773 739
2 1355
1 438 327
1 2656 -259
1 1811 701
2 1861
2 1979
1 572 -2
2 339
1 2548 629
2 159
2 2149
1 2657 260
1 1337 967
2 258
2 845
1 1409 169
1 2346 910
2 2494
1 2905 377
1 628 231
1 2965 893
2 2716
2 2090
2 1480
2 452
1 1262 88
1 526 -559
2 1769
1 2004 866
2 2894
1 284 458
1 1195 889
2 1134
1 1768 -115
1 243 569
2 2854
2 95
2 1859
1 2512 -396
1 2705 938
1 1405 372
1 2249 -9
2 2744
2 3000
1 1591 387
1 2028 -318
2 2504
2 649
1 2441 -847
2 2543
1 2408 -717
2 2534
1 358 -587
2 272
1 1059 -45
2 1984
1 2681 975
1 894 -180
1 385 -460
1 1544 572
1 574 183
1 570 315
2 2764
1 13 -814
1 2786 -182
2 2236
1 2298 277
1 2077 24
2 208
1 2278 754
2 2407
2 2046
2 2868
1 2875 -852
1 2022 -245
2 1403
1 1945 -393
2 239
1 52 413
2 1259
1 149 582
1 1425 395
2 2448
1 539 206
1 250 -502
2 425
1 2330 327
1 928 975
1 2613 644
1 1848 504
2 612
2 1925
2 2137
2 380
1 1447 -434
1 2458 347
1 884 -359
1 2095 785
1 2843 920
1 1368 260
2 61
2 2650
2 2300
1 1150 -989
1 2756 -196
2 2078
1 2143 92
1 534 316
1 1485 639
1 701 201
1 2443 932
2 651
1 1620 -218
1 1634 -317
1 1319 -179
2 2065
1 419 -323
1 2313 -481
1 534 -192
2 1192
1 2123 -118
2 1019
2 1157
1 2323 -165
2 1992
2 2328
2 2175
1 387 -70
1 2545 -307
2 508
1 2500 567
1 35 -379
2 2320
1 585 953
2 1034
1 197 415
2 2932
1 1305 -753
2 2428
1 2279 275
1 2814 -668
1 859 -287
1 2027 -86
2 1483
1 1527 547
2 1532
1 1728 701
2 1524
1 800 815
2 2909
1 1203 180
1 588 825
2 2853
1 857 -755
1 2000 329
1 2758 -537
2 271
2 2304
2 2178
2 2079
1 816 869
1 2834 822
1 1335 -661
2 1389
2 1506
1 1388 -763
2 2033
2 2329
1 2228 532
1 1528 690
1 345 -568
1 1375 160
1 1751 901
2 1815
2 147
2 2171
1 1373 581
1 774 224
2 2798
1 1308 -321
1 2097 -320
1 1597 561
1 1048 977
2 1148
2 2024
1 1193 -786
1 2831 791
2 90
2 1464
1 1367 942
2 1171
1 1063 -851
1 2195 -686
1 586 -991
2 201
1 839 -39
1 2835 -664
2 239
1 1069 837
2 629
2 1087
1 340 295
1 815 -474
2 842
1 1946 990
2 2846
2 1012
2 415
1 1631 703
2 2126
1 1473 -983
2 2589
2 611
2 757
1 2910 -519
2 2638
1 1432 206
2 2714
2 2071
2 1190
1 2614 797
1 2599 730
1 423 770
1 2976 579
2 727
1 1190 -926
2 1395
1 277 -575
2 1780
2 2080
2 1437
2 261
2 333
1 308 406
1 1830 871
