200 1000
347170685 968452689 116 544
425969755 -748756649 124 -875
978099637 -156913162 98 710
935245696 207098040 143 -503
-372778607 692142054 91 -645
181507306 -483843964 47 -989
-520087715 -966837774 146 237
-440806127 -231090411 105 99
-517263774 -460687351 173 548
-350893889 862177973 142 -778
-361956543 -807176508 189 -227
690456365 -963804469 59 -615
731747082 -971093400 21 852
252017638 -987582970 51 1000
566335639 900282578 198 822
19380845 -785639446 45 -977
626617981 -495055502 106 331
100697047 721548295 74 -517
12260055 990348201 149 646
962432988 578534281 38 -264
47367095 -250070928 108 745
-414837701 833197681 14 398
-430257592 -212220492 124 97
-805951306 -252018178 106 -319
942421303 916990551 6 112
140340615 -711715526 128 736
-836401658 418784417 28 -342
-400408059 -192067832 48 -377
-756246538 137424468 7 837
-503199987 -555458309 135 87
-211756881 374025805 192 -374
342270410 -869222425 107 260
529557911 -697209801 123 153
484704219 525678302 80 268
521756976 -865481879 130 -475
253731191 897122476 173 -225
388540902 726800639 68 593
-174556656 -342486321 129 118
-594805965 632002583 180 373
175590069 898661381 46 389
950343097 225405647 107 891
768369727 794967379 156 -913
74425870 -25996192 132 683
-557296316 344642906 183 838
-775753610 439035881 74 -942
-386595163 -164281188 70 262
923443015 784335258 148 -373
-816260103 -994469218 52 715
456331542 925683787 5 735
564451627 624297 35 202
146306723 863845810 138 -293
51262904 -756430097 108 -846
410854533 71935602 51 -445
-171034740 921736891 113 -931
593991057 508064804 46 -238
468265727 -773653229 127 317
580367069 -155740544 128 886
170561567 -470171297 50 -143
-264606904 -406820752 19 883
-48159387 -158061944 165 459
-561687207 513146004 132 827
541908589 692944260 131 -271
359012846 -187779940 107 -847
421875835 -351404713 161 -13
-311031155 472620057 172 -722
628454306 777385167 68 -799
-554856269 730259817 125 420
215210340 -747048005 6 -937
314904853 -1653707 125 -790
366271812 231795231 0 -324
-233300391 499540770 144 325
81570039 -136340336 99 499
-603891258 -210172852 114 622
302175400 -734386093 93 10
172990322 114923148 108 -102
-770800797 200756634 74 -896
4774672 987956622 121 -601
-205149380 360921233 6 163
568928218 190343398 199 54
-644268692 6460365 130 -686
162423385 61426127 166 921
432870226 -948894572 132 469
608712341 -785767492 32 156
-126751594 -87396003 80 -573
-2043156 370516481 68 -384
559911835 866553272 131 969
-6278829 -304148934 124 -99
564458776 -517745564 164 -36
713857318 406418667 92 -129
-35515422 -547325760 128 451
-220917346 -608353492 70 734
864277966 456500408 93 5
-137119411 521677283 46 454
557651270 -459305701 55 -576
551649849 542782798 151 -655
779897858 602943314 130 -74
248309077 480460550 80 939
165220704 -488388740 167 4
386157774 224832325 46 851
-587985026 416470806 7 954
-796768030 84298444 85 -388
-382333311 -698448762 169 444
-734210550 917900047 115 572
-600507053 249168706 51 -563
236474995 642747096 174 420
-855485803 -82634111 54 -358
277669388 -936390451 36 90
-401105325 -179602703 9 -675
-138342327 -127395614 116 946
-820830875 448895290 114 234
-684797577 127570911 189 -470
211974660 735324383 125 984
879156687 -170106907 48 -250
751563296 694507609 179 -712
-861370418 -429335295 91 707
-613739448 260890419 127 -266
532655775 -955893573 6 908
-841965105 174070556 21 168
363004371 703114019 106 -759
-991715376 455438334 156 -723
220444685 -71372758 57 481
-812925663 -56557385 130 150
838574087 180689857 29 586
302082712 -193048398 70 -729
-593721651 -759229919 38 -243
622478493 -224761048 7 -102
636805490 -358794905 179 -979
-100268351 854998595 36 -111
648042189 -268575150 199 24
-347917739 912852041 146 -95
585074475 -362995831 163 -42
-140653852 -598209825 138 -598
-190300803 747467315 138 -62
138338073 213407208 124 -938
315634276 46003733 36 -327
540023287 277637570 93 448
-234150967 -580721227 25 -954
968069861 -4018961 36 983
-166837101 -638825520 68 621
-908856585 396582534 125 -64
-482276149 223319353 95 -841
641590972 637384470 148 897
153923632 -44567960 122 -980
762013521 80918624 189 -621
998836733 620000922 152 618
-213766998 -516748285 46 -344
568232889 191301288 124 -917
-528241309 32337010 173 231
158405367 -542621702 70 201
268344714 -37279409 146 901
679398551 312523728 33 654
-240965844 -206320694 174 -666
477476819 -183973816 20 -467
-88551097 755589403 96 113
-671521388 371906411 57 836
631181714 -858389365 124 671
-816010281 -355411649 78 97
330013092 136026119 186 -86
754105367 973963932 149 -563
717423705 -651845633 36 -238
-282159232 -708852042 32 -45
-938294528 927855243 168 -646
-640653842 -34886482 36 -212
681587133 -507970546 96 94
-762106330 529568249 18 706
-301047474 -928097316 108 -521
-408950327 674805122 46 422
-67280245 354928375 118 234
-380057867 -282128505 38 -943
-807748287 -553549554 6 923
160485593 -704521201 184 -459
-727063092 258959165 142 -589
241236645 537967992 46 203
-799368394 -108644644 180 -179
-549979903 -216938266 50 918
-226731445 613129389 33 -133
-511601054 305062642 5 327
-141145677 -835542747 144 135
-15382128 -890021978 166 -268
350591521 -426013637 173 -474
906020952 355206909 42 390
-440468871 -86308712 166 258
-464072158 -573731582 146 -634
-244687163 718456428 70 -869
384543415 -380507279 6 -511
778343578 142550263 56 -73
-387519091 -877509002 99 544
326708638 598028140 151 -143
-392149811 230811313 146 -669
-833997461 406660653 149 -426
-370298763 105323341 41 -801
-672936342 -306025928 148 -991
-870676252 255541698 199 997
-345675951 160531153 62 -905
-292038766 -976952900 154 -302
-872252868 -433494478 76 -734
-570696664 -710008270 57 332
436372075 -382975218 25 288
-997142329 -116265461 52 -236
631750880 328099852 144 -528
2 195
2 124
2 196
1 58 380
1 120 442
2 1
1 73 -649
1 148 970
1 86 429
1 72 -855
1 51 516
1 47 435
1 143 437
2 67
1 124 65
2 126
1 50 729
1 169 -956
2 185
2 90
2 56
1 111 -600
1 174 879
1 151 -272
2 192
1 192 -183
2 106
2 64
2 141
2 52
2 185
1 144 359
2 59
1 42 -954
1 58 -383
1 55 -144
2 196
2 149
1 12 155
2 85
2 61
1 71 504
1 12 813
1 134 514
2 23
1 69 688
2 184
2 93
1 175 -843
2 98
2 70
1 107 994
2 76
1 16 -561
2 196
1 43 -501
1 47 -646
2 15
2 151
2 185
1 42 -174
1 191 -336
2 156
2 151
2 50
1 132 -389
1 155 -438
1 162 822
1 77 75
2 71
2 122
1 13 451
1 18 448
2 25
2 133
1 163 -230
1 175 -801
2 54
1 34 -259
1 31 216
1 60 -633
1 79 -71
1 179 -284
2 99
2 185
1 110 -576
1 45 696
2 52
1 7 -346
1 15 -21
2 92
2 160
2 97
1 85 -44
1 48 -145
2 20
2 50
2 154
2 113
1 169 332
2 36
1 39 774
2 82
1 10 45
1 57 169
2 16
2 67
2 91
2 195
1 126 -196
2 92
1 35 -916
2 127
1 146 165
2 187
2 32
1 152 103
1 22 94
2 85
2 172
2 26
2 162
2 183
2 126
2 13
2 164
2 177
2 41
2 132
2 136
1 185 -639
1 20 464
2 5
2 190
1 135 377
1 183 -772
2 114
1 14 -189
1 58 -747
2 75
2 156
1 49 -951
1 191 -992
1 13 296
2 39
1 82 0
2 18
2 196
1 134 38
1 180 -344
2 81
1 192 -362
1 126 -575
2 49
2 136
2 7
2 46
2 83
1 75 -178
1 64 -420
1 96 8
2 94
2 152
1 163 -292
1 127 672
1 47 580
1 172 986
1 19 -381
2 143
2 147
2 5
1 65 -347
1 123 -504
2 120
2 7
1 38 -693
1 169 398
1 102 -701
2 66
2 137
1 193 639
1 155 318
1 185 806
1 200 -211
1 127 867
2 170
1 78 -920
2 126
1 157 -120
2 12
1 26 -493
2 139
1 11 -836
1 151 -270
1 108 -752
2 177
2 173
2 151
1 16 -579
1 30 -596
1 24 297
2 123
1 23 457
2 83
1 60 501
2 125
2 13
2 174
1 93 -758
1 56 -943
2 73
1 98 577
2 48
1 136 -958
2 183
2 9
2 158
1 119 -771
1 120 -948
2 148
1 56 564
1 99 337
2 15
2 13
1 188 95
1 29 -280
2 181
1 13 -226
2 99
2 159
1 138 -731
2 176
2 156
1 169 503
1 78 -893
1 25 676
1 84 -600
2 98
1 176 -326
1 83 504
1 152 -619
1 169 -820
1 75 -525
2 103
1 9 467
2 122
1 52 963
1 51 128
1 74 508
2 12
2 9
2 179
2 177
2 77
2 193
1 5 650
2 8
1 56 -837
2 25
1 13 675
1 174 -585
2 45
2 6
2 19
1 178 19
2 179
1 80 838
1 55 -212
1 179 819
2 182
2 51
2 8
2 146
1 64 -205
1 17 -695
2 133
2 82
1 36 925
1 81 111
2 27
2 39
2 187
1 53 -371
1 168 67
2 54
1 1 -881
1 184 736
1 41 75
1 144 233
1 155 210
2 89
2 197
1 147 -602
2 174
2 80
2 66
2 73
1 75 -963
2 79
2 93
1 88 91
2 109
1 76 -915
2 191
1 87 -575
2 70
1 164 642
1 55 -864
2 67
1 162 953
1 50 146
2 99
1 72 -960
2 71
2 97
1 98 -713
1 115 -250
2 155
2 160
1 35 -398
2 25
1 16 559
1 99 -312
1 186 -280
1 30 -473
1 40 631
2 81
2 150
1 34 -130
1 6 -557
2 46
1 12 529
1 135 -919
1 191 872
2 6
1 8 22
1 122 773
2 116
2 81
2 82
1 35 -46
1 127 -41
2 109
1 128 150
2 118
2 54
2 110
1 88 -227
2 32
2 21
2 136
2 140
2 180
2 44
1 29 -523
1 177 994
2 131
1 55 171
2 26
2 107
2 130
2 66
1 83 -188
2 191
1 117 996
2 162
1 174 -182
2 177
1 152 -751
1 9 382
1 10 503
1 12 487
1 72 715
1 162 144
2 113
2 200
1 23 406
2 64
1 23 -591
1 95 108
2 4
1 93 -203
2 186
1 118 118
2 148
2 87
2 162
2 34
2 154
2 167
2 103
2 111
1 15 -980
2 24
2 160
1 171 -690
1 32 -82
2 134
1 168 230
1 101 -67
1 129 579
1 200 203
1 132 -724
1 46 -38
1 113 -423
1 30 -690
2 7
2 85
1 45 -205
1 85 822
2 160
1 102 210
2 144
1 175 -806
1 198 699
1 25 -336
1 120 -477
2 178
2 144
2 21
1 174 -14
2 135
1 17 -560
1 28 151
2 77
2 178
1 12 294
1 197 885
2 31
1 23 707
1 90 285
1 42 -889
1 142 -550
2 50
2 186
1 32 -383
1 66 -162
2 57
1 129 238
2 18
1 89 626
1 16 669
2 96
2 52
1 146 -985
1 183 -540
2 105
1 85 55
2 97
2 6
1 77 -229
1 195 -254
2 97
2 125
1 154 -625
1 10 884
1 196 13
2 189
1 78 -865
1 61 604
1 4 1
2 106
2 168
1 126 -691
1 154 583
2 197
1 173 943
2 52
1 55 377
2 169
1 102 -26
1 172 -531
1 156 146
2 109
2 95
2 111
2 22
2 32
1 72 -109
1 162 -565
2 154
1 17 853
2 8
1 113 -424
1 17 818
1 142 947
2 178
2 166
2 179
2 103
2 33
1 54 685
1 104 104
1 169 854
2 150
1 11 -496
2 161
2 72
1 113 -444
2 193
1 78 139
2 157
2 90
2 96
2 152
2 146
2 111
1 130 259
2 151
2 107
1 111 -998
1 60 807
1 68 694
1 144 943
1 140 208
1 175 1
2 120
1 49 -643
1 103 -333
2 34
2 146
1 131 -25
1 123 -472
2 2
2 122
1 134 -435
2 82
2 16
1 19 972
2 173
2 21
2 111
2 168
1 184 608
1 139 -65
1 1 213
2 181
2 116
1 123 719
1 62 508
2 26
2 74
2 92
2 190
2 101
2 115
2 13
2 148
2 194
2 40
2 87
2 44
1 56 -686
2 189
2 149
1 89 268
1 173 -80
2 14
2 15
1 55 -843
2 90
2 26
1 177 -772
1 105 -604
2 4
1 82 781
1 10 -320
2 9
1 174 179
2 19
1 174 676
1 2 -739
1 133 -985
1 90 -62
1 122 348
2 33
1 189 799
2 163
1 43 -61
1 135 603
2 99
1 176 -80
2 72
2 167
1 141 -333
1 177 368
1 155 886
1 6 505
1 107 969
1 12 -741
2 17
1 101 702
2 88
2 96
2 46
1 189 344
1 158 515
2 106
2 13
2 139
1 8 381
2 195
1 148 -876
2 77
1 3 983
1 3 247
1 172 -478
1 130 -398
2 54
2 66
2 61
1 198 54
2 107
2 152
1 171 -351
1 126 -256
1 48 -630
1 169 -725
2 171
1 175 -299
1 48 -875
1 66 -885
1 193 136
1 152 -916
1 29 902
1 147 -39
2 25
1 188 -883
2 99
1 168 967
2 73
2 22
2 26
2 179
2 85
2 145
2 165
2 126
1 103 -332
2 142
1 191 174
1 95 797
1 35 69
1 170 -946
1 149 -942
2 104
1 150 371
1 33 15
1 185 954
1 19 954
2 196
1 112 -964
1 144 -983
2 67
2 73
2 162
2 135
1 158 159
2 89
2 92
1 177 -378
2 169
2 151
2 86
1 9 -944
2 91
1 104 -746
2 187
1 186 302
2 39
1 72 -337
2 52
2 148
2 41
2 152
1 197 -959
1 75 825
2 199
2 5
1 133 411
2 121
1 150 -5
1 99 294
2 80
1 155 506
1 52 -33
1 158 320
1 99 -311
1 68 -367
1 137 319
2 72
1 56 56
1 125 -709
2 141
1 49 -557
2 25
1 24 -383
1 21 -977
2 60
1 70 -547
1 96 202
2 70
2 42
2 175
2 32
1 57 -590
2 59
1 178 737
1 200 438
1 127 -911
1 99 -986
1 23 -670
2 17
2 55
1 85 -210
1 112 -871
2 76
2 65
2 6
2 18
1 1 -459
2 127
2 88
1 133 593
2 165
1 84 -686
1 106 149
2 83
2 171
1 121 -101
2 58
2 141
2 134
2 9
1 47 -474
2 168
1 67 48
2 83
2 21
1 105 -658
1 180 801
2 63
1 176 -449
1 127 -569
1 116 -85
2 73
1 161 -311
2 82
1 130 -6
2 10
1 109 -191
2 191
2 28
1 148 -914
2 170
1 39 -40
2 90
2 14
2 23
2 183
1 136 941
2 98
2 117
2 53
2 28
1 100 17
2 36
1 28 -779
2 190
1 67 -736
1 147 -626
2 47
1 156 -1000
1 23 540
2 152
2 86
1 135 525
1 158 -402
1 70 -955
1 59 -394
1 167 835
2 81
2 95
2 116
1 167 989
2 113
1 24 -173
1 199 -759
2 22
2 118
2 77
1 177 159
1 25 253
2 112
2 150
2 33
1 48 -256
1 191 348
1 128 -484
1 5 -325
2 127
1 163 914
1 185 -593
2 116
1 47 50
2 57
2 155
2 73
2 185
1 123 417
2 15
2 37
1 136 623
1 103 979
2 196
1 194 -692
1 39 943
2 23
1 42 -447
2 157
1 42 672
2 17
2 179
1 196 -68
2 71
1 39 -201
1 149 -629
2 53
2 50
1 170 -255
1 59 150
1 180 -940
2 135
1 184 901
1 31 104
2 124
1 135 304
2 108
1 43 88
2 135
2 55
1 19 -697
1 187 871
1 192 -739
2 96
1 88 -955
1 152 261
1 89 72
2 187
1 16 829
1 168 -840
1 156 227
2 93
2 13
2 34
2 93
2 5
1 154 947
1 156 587
2 59
1 30 462
2 116
1 30 578
1 141 -433
1 95 -368
2 89
1 21 -682
2 164
1 19 962
1 170 351
1 46 -21
1 84 -270
2 73
1 117 335
2 44
1 200 589
2 191
1 46 833
2 1
2 183
2 115
2 138
2 132
1 146 567
1 165 -595
2 11
2 1
1 87 161
2 6
2 35
1 69 238
1 146 -267
1 4 52
1 159 -621
1 5 991
2 158
1 120 -790
2 184
2 135
2 105
1 5 -936
1 141 97
1 8 13
1 103 -852
2 129
2 67
2 46
2 19
1 153 626
2 51
1 78 -276
1 141 432
1 93 576
2 118
1 132 457
1 199 524
2 151
2 78
2 54
2 93
1 71 501
2 77
2 25
2 5
2 32
1 8 -216
2 76
1 55 -958
2 124
2 150
2 30
1 34 -162
2 45
1 99 503
1 167 697
1 22 -553
1 174 107
1 190 -236
2 79
1 75 -959
1 157 -61
1 143 -445
2 50
1 12 726
2 159
2 57
2 182
2 184
2 143
2 76
2 46
1 51 -232
2 118
2 158
1 152 595
2 25
1 60 -225
1 103 -700
1 44 560
2 107
2 141
1 189 461
2 73
2 5
1 6 316
2 34
2 13
1 84 -738
1 179 -271
2 113
2 139
2 188
1 200 -258
1 103 -788
2 161
1 183 -844
1 53 215
1 163 371
1 23 9
1 57 634
2 16
2 195
2 51
1 151 108
2 98
1 80 603
2 194
1 57 51
2 3
2 10
1 129 -471
2 168
2 125
2 72
2 8
1 126 675
1 56 -663
2 123
1 62 464
2 153
