3000 1000
806171680 -616576864 1185 -971
-948315709 988270269 165 42
-926189508 -78056693 224 -246
-331196819 -285214753 2625 -640
482074709 -174120782 2037 825
-948809693 -109319056 2239 485
-286809640 -633724190 200 283
75947891 -43161780 696 -381
-598284767 162816029 2941 15
-723624712 348284603 1487 -741
-766892326 -731393970 2730 -337
-810768379 -159426409 2001 323
229254446 -538926354 18 -120
-973960265 642634432 611 281
142325741 -410845465 611 181
440533267 202839377 865 -662
546120558 -388929472 2496 -638
332042246 522954821 2857 169
-234081449 894406179 998 426
400965729 -683265931 2364 -532
716962735 722223616 1080 -887
-430104560 22508932 426 -150
258141252 -627953781 674 -1
-235549366 826377506 1463 -56
-731893663 135413880 2835 -606
757670867 12902050 1496 884
-193675321 229183658 1302 618
-395216996 -190536061 109 527
834642511 523501543 2626 -349
293071981 286359342 677 621
-345352187 807888881 918 530
515207655 -378092582 2728 167
247852968 590320549 1266 38
-326375222 -460309494 1575 -877
70768594 690185674 531 118
-390968868 380177080 104 447
-896424092 -972623984 1455 -685
-306923465 -654843610 1784 705
-759308286 -654664694 2308 -865
404375109 595883782 1421 -998
-253552014 8669608 2239 -901
-12636293 -409502541 817 723
396196876 147009006 2283 348
-335481678 261641714 1527 877
101513224 -678804736 2006 -636
-598107014 -738715123 731 -203
217313375 556551442 1314 -164
-487283989 763522119 41 476
-294093243 33310125 1834 587
282282366 551500925 1960 862
58509501 -216223499 339 587
62065964 203293458 2136 964
867578075 120277816 2489 -976
672986507 -825546034 355 941
-487008794 -621466392 788 -827
-413509690 -936300775 2936 463
460378027 529504914 2806 -66
-80171011 -226571733 2150 -461
988878485 -922073035 121 753
401069482 583412677 1960 -207
5664317 678766499 2751 -730
-885241941 982261771 1167 -919
619369561 -505733843 903 275
825743706 359856105 1880 718
976154948 -583990464 1639 820
-91464332 -772196852 2756 -518
534084154 754350025 2422 -421
-679044546 748780913 2400 -368
600062782 -788794898 238 745
458762503 255816519 443 -939
296614521 713648759 1885 160
-644438680 845976871 1177 145
63106520 -159794992 2980 963
663306544 551186319 947 -356
-575303737 876941100 2924 175
-252752020 -87513254 2053 107
591656066 787392364 644 711
-117855380 -846485563 2943 859
-842227049 -887224820 172 247
29939739 847213952 2610 608
-48311359 -482109950 216 -434
-58998653 364138574 1688 132
870811619 473910226 2058 -628
-749609359 -859930122 1516 -736
-926741139 673904503 1966 769
-383129817 370867411 1992 739
922184594 -499918731 1249 640
-704386843 912253091 1709 173
108895964 -53454222 84 -294
-244825861 -585388118 1498 -151
309992287 -575230583 347 -256
145203340 784016720 1878 -138
-469213183 -470492807 354 206
-459307617 -102615602 442 -953
249921031 636825447 84 -839
-200215325 -923306708 788 -796
-936498537 -773193080 2066 479
252527036 811785609 1087 -421
-402157903 -401177306 138 -370
-710569835 -101921493 626 168
-911896305 -395838434 339 -646
-63833473 -870729132 1814 432
-555140877 677235900 2138 378
801347628 790182621 64 -338
72011743 172029379 754 223
-198713978 -530168373 2205 -886
-494366166 695392892 1565 441
-43589789 387314863 865 -587
561674661 -140587003 1763 711
577545513 -526625009 27 -71
-213900733 415803418 115 227
-997344944 -34147825 2706 -292
51789406 393193857 2761 133
567743708 -554742821 926 541
-595299299 -204537109 1262 836
-324898482 88130038 2552 -918
-793437924 181271280 2243 397
408438040 -368628612 692 81
-658814347 957883601 1997 353
-374591111 739206390 1693 299
115399478 966476996 2283 -212
-721896438 100176851 2386 633
848377332 269430197 2926 -383
575082537 -916849981 772 422
-103480624 538028400 1885 -222
-879714936 -143170755 2929 939
961884869 -436623414 2102 -79
622840727 268722411 469 277
-348861956 -215952313 1854 0
695021132 -412797233 2736 47
-665690637 -450542544 678 -52
-42320582 -349928182 2678 -291
156074412 521717139 1174 856
609933310 -544624003 2080 27
-568233867 827346145 2885 -84
-170895311 998189418 179 -632
-494094260 804485023 2885 514
-20888831 -782625464 1204 -341
-957458569 -685560629 1373 -241
651827676 94016325 1536 -109
-162163466 -718255826 1255 928
-75838695 89328662 668 -581
555079057 276191273 2445 652
-761755738 350049777 765 752
27424478 613241740 1562 -723
-233979680 665508446 2214 422
-788625336 -187200207 1113 -454
795015929 632051648 616 -82
-712723425 -892893460 1076 -308
845750161 975736038 2146 628
472123652 -453515341 2045 -323
-496905142 -868163087 1747 -993
948055019 757442388 1914 -766
204469520 -78919406 947 848
-924206008 -378187197 1823 -602
-264447031 805231411 1141 378
-913262909 -779651916 2368 -426
-487170109 -702487140 221 247
-855041262 219157574 1290 548
-822094161 -489671425 2449 153
734535664 -420158903 1248 643
-736465109 -981609850 1320 158
546282146 464754930 1930 598
-948558741 148653746 2174 543
676208267 291148462 2590 858
755033594 -339222558 909 584
-687180718 168960405 1642 -792
578836551 169006710 1197 -308
985475289 -956282672 2198 -58
877027788 53996343 2236 -810
664362971 160926198 1788 -908
182795211 -378569206 179 920
187115411 -555405539 2615 -808
110731653 686175541 659 861
12338169 403532914 791 355
-467984408 -898532193 2362 -689
74406235 840934502 2737 299
917594630 -590074420 611 -86
-484680132 432319933 2544 247
554736723 -460486940 515 222
971932180 -589921283 1092 -630
-640175638 498975141 2696 -657
-152176178 31878039 1642 -78
802214000 -236314279 264 -155
116773987 -485222829 2461 143
782144036 -359533078 1625 654
-790532339 550546077 2726 48
-837305569 -156042835 947 -291
724603384 -281446296 651 796
-174077104 292193196 386 -685
-734122529 677588785 2655 737
-53493603 191397984 684 -275
255542293 416353944 2034 963
286102971 519795388 358 787
996853647 212857734 1630 -405
-876047682 81909407 872 720
-505126021 -862750598 2739 -603
757991684 -561494705 863 32
41005456 -203922854 934 -361
890336907 -672268092 936 -103
-508667432 -285633232 997 -662
186318143 -718273438 1473 -551
-9316147 -30476633 2037 215
838832427 92302746 2523 233
416792750 -763462661 2566 -592
298956845 479433029 1114 -466
289159510 826724652 2144 -382
-467377461 312726401 2912 980
959819283 43281762 2706 524
471063130 -554761375 1256 264
735709043 -416999514 1416 -746
396181701 61326192 956 -296
47977647 -33367267 867 -187
458967814 -337975193 1223 -546
-330287254 413390397 541 -149
809988955 -818674330 2745 -641
-884857657 -510355099 1864 76
13934970 915023420 1310 437
-526642528 910485080 2244 246
367742739 615050712 782 759
-576732685 92349475 2730 562
174302037 -535079044 1940 -354
-378476368 -58826034 2337 708
107368138 -199132559 1339 886
1182701 -284372096 73 703
702611500 -915194416 123 144
-299013910 17587181 1864 -137
-808491776 -84105395 568 -59
884735842 -445642961 2915 -496
407505322 -878777386 457 143
-975432897 925320439 375 56
-579335415 722529460 2975 83
-608081340 -828024816 1517 -959
-276425532 63740906 2199 101
-921806211 -298494575 545 387
764874085 -376889683 2066 -478
-85116049 50950893 2494 -625
-448367735 574948989 525 -742
-548465822 -837038882 2884 -775
-809256475 -154860123 2926 -318
58671647 853163856 932 -341
-905780519 265144706 43 -895
637155122 -632115916 191 29
-157666430 42128444 327 -506
921587675 283422777 358 622
-328931276 417014518 2693 -553
534163869 668777765 1532 -977
814746473 195829353 2508 -864
-746225295 812152236 1540 -278
269449274 26889179 2226 130
-777921958 515991271 1345 -354
919322766 792974381 108 439
684544755 -596469002 743 -486
376302037 -23765835 2052 979
276576120 -469929295 95 658
717836414 -655211848 2424 -335
861083548 722675100 2823 -585
-810411594 337971038 779 -11
695037648 -743655522 1858 -436
-535445662 668039388 2147 -205
-891258066 668602525 23 -410
985628606 14073520 831 249
-229507706 -150256043 2758 -906
-463908313 -360875196 505 -597
-479985520 -94235983 624 -46
899890317 191915830 2538 -927
301165985 -222084863 1785 -364
271912681 740089693 950 -464
-289092419 201106567 1653 693
821036692 117734807 1647 489
-181248735 -398005799 1474 -222
-349560029 67905263 1487 -154
45688993 -141598728 206 -582
-178401880 393627528 2502 -605
-434217090 -322776719 2424 -8
429402688 -124727092 2177 432
-823236435 345809800 1156 -957
-817607219 -707862119 1183 -963
889680378 -225278628 1109 -675
-107372863 836361602 1561 -333
-652037304 163500051 1845 -725
-222962387 79073433 1992 127
139099214 -152550759 2368 904
502709523 -415414836 1651 121
-392044760 -246748733 468 786
387954916 425564316 2745 541
35322219 500142468 1706 605
-581376204 -703924356 2710 814
-758204321 514091277 831 680
302859469 -630359452 1837 -660
-42898654 306922640 583 945
730515340 871897976 901 153
-539483180 -469429615 1804 31
983052919 -79688418 1248 -210
121361084 -656327864 2676 83
-763335303 642926172 780 -359
-865828862 -486241277 382 -34
-545588424 805927310 858 -82
566021637 732719333 121 -507
-889774905 657492693 1940 695
-586668205 132416778 1002 -946
-699822628 910814416 2486 461
508913804 -732307248 1807 159
-21792374 979429671 1672 -554
-902760647 -138536366 1297 981
451630251 282880350 855 -961
-489176452 852086166 380 525
971221412 -514623029 1749 -669
973980871 122632651 2741 884
792920039 906004946 1878 -912
-254759080 296139809 2813 -315
-748231664 357520767 2532 -636
883278197 -749448677 15 -147
110918468 215244947 2150 320
702406350 170967307 2970 -81
360097459 657210391 2975 -336
-980552258 82719474 2022 710
-170783314 168680100 2536 -629
-943150279 -660458444 268 -431
610427373 743545020 1 538
-716466808 171808451 443 789
539269666 -675459868 1670 -469
635222383 -502212331 227 37
507996578 -137329349 1748 -618
559321219 297528560 253 168
-134020362 962029595 461 252
333289297 426993955 2638 474
-296990095 -810738955 1881 654
-337028283 -568143402 41 -466
-42594478 466964163 7 40
-639513181 173539861 575 -12
741182876 722954080 418 -938
-624199351 334894728 1522 196
-972948341 -40472867 1673 18
117418559 942762370 1587 335
-201800348 985351126 471 -992
892690271 862077091 1324 -989
-821335048 550152341 867 -942
-772709858 -916246042 2929 786
-430776907 -848031672 199 731
-941812234 390620532 1235 758
-88372825 -735290608 2091 -197
-997256665 392089204 2926 -221
-596859347 922352243 997 457
-938742036 826529130 1826 76
190286492 136056707 2792 -304
-921908251 462045284 2893 690
815360263 862751646 2151 949
-996179123 132650761 2547 -646
881712878 978705851 662 -676
494609807 49830123 2268 103
855618473 300974851 455 173
-864687417 -414099832 2708 693
-509469298 751930830 124 885
-41904000 -456877020 927 93
902748040 -104115886 1656 288
878326367 -483553331 839 123
-911929561 758791519 1565 615
-917572989 295015992 1387 473
232085998 555935031 743 -259
-383713792 116612837 1966 -350
-3886291 210626417 1918 -298
608266997 -591129316 2777 65
767813462 578948944 1206 765
-60811148 905802617 927 -784
428806456 -143072075 948 -915
925268218 176023843 84 -329
125184598 379755936 2528 639
-324703332 -635992173 2895 592
-8172743 -417593663 1698 -6
-744664242 175975377 233 -429
-688709846 -671689510 2660 841
-714403982 -107832297 1372 561
116354610 290776484 2167 -813
-988580060 -398606066 1337 -887
955482275 150999349 511 -609
-456249997 893151814 1931 -761
537942454 560323017 1721 687
817913263 705295895 721 -3
-417227317 11830024 210 524
544016561 -650577885 502 23
-788014549 -482504312 59 601
560506890 159363326 2991 -737
-831744009 -484318420 956 -288
-533492533 104872693 2300 -868
520815699 -282351128 1367 319
398362104 -15603589 903 647
544714658 -450286433 1352 212
-691397766 -350181665 1252 197
77875209 5424104 659 388
774800659 -727733587 1096 964
-920891592 -225625634 1979 -823
251717035 -47524540 2648 -730
-476109398 -969144312 1815 -104
-999873999 91306957 1093 488
-978364943 -100125226 896 -869
-415217126 959482515 962 140
-318792024 -191967043 1296 -500
-72351508 -981675595 385 -992
-347226957 -236690474 575 357
405937970 -152898427 759 -130
-205079079 -765043524 1660 257
96508638 124385050 127 -387
-590426885 -573783511 1247 -421
-703973967 519635933 2216 178
919044170 -594443484 927 839
232530424 679869096 1277 274
-473403773 518390591 2550 -41
-977940372 -532950271 112 233
731703475 -871124993 2628 -549
-749743242 665732562 2087 -531
-773152367 813490647 2149 -534
988617520 176771276 110 200
-362659991 -750617207 2665 596
715563780 -488854869 1727 282
915000906 59505515 2434 771
-799321882 -444378687 2905 950
-461666225 988989945 867 401
-917472081 289751315 979 760
995102568 252026405 781 719
724673750 731462985 2745 1
-292380980 -900453443 1230 -43
-832865592 -767916586 1463 724
691521728 -50284386 2874 11
-207987240 -272163419 547 192
-931408939 342747324 308 396
-319813874 150920883 2941 855
-450725261 -901777373 1272 -768
782719655 -322113761 1909 -565
816797035 974533829 802 425
-510412409 899771587 2125 711
497216207 -935767025 1247 560
530740757 654360662 1811 903
-953325788 -834453028 1009 44
143950827 -106646474 2289 380
-598032394 -968105404 2491 -650
683211988 395312943 179 -614
989952877 592977333 2228 436
-438121184 -140914402 1253 -213
78043958 661502842 487 -553
398850441 -832422494 2924 13
94082537 -187841843 2574 -25
999527652 880478327 615 949
988434233 509861485 133 94
-665344876 741397427 2138 868
-564926912 121765643 49 -198
246129866 -677017271 329 -350
-342217685 -609883947 593 -54
17485152 34758400 2207 -90
927206008 -304002081 251 -769
-238651763 512724623 877 797
566629208 16503901 934 963
-822724091 994401100 1560 -522
848030045 821415080 2181 376
-399573543 -807920341 700 -295
58087785 -349664721 1213 -100
362395871 981675659 1409 -144
135288547 889591385 2305 381
939997977 -871072138 738 -423
-124080018 4675446 644 806
-474109796 514598299 929 -261
-542857654 380692487 557 -246
387578517 -337686160 346 857
35184435 -46818668 2483 -199
-944854084 86245386 288 -1
-65777733 -452414617 42 886
665739015 -173272025 137 433
-429694939 -810013181 2640 -233
-280823965 18432999 553 58
218009549 649688615 2475 -991
-669840297 -917533424 502 -622
533177360 608370894 1788 368
641066211 -532291707 305 472
-227534392 661707814 2130 -295
-186882471 55719653 1574 561
176228047 99633704 1290 -252
103470230 -108070719 2016 789
-581766860 -765934594 1599 -172
237395234 502207947 1721 510
386961112 -219871699 2950 644
21596375 -893263197 2245 -607
-925751860 -929144441 2037 -922
926482854 -966398339 174 481
951144785 -568220553 663 -985
-372412293 448839765 619 874
-188812225 -730534974 2893 347
-277176665 333306343 1517 -502
280061822 690034061 3 823
-764534315 -382756530 1939 -693
-507521136 -269303324 881 264
105693888 227862552 1892 378
-878369479 -692895596 1045 346
-500715645 284198077 692 550
-245828162 339275876 2534 777
361331891 -707466640 1848 619
-966757091 394186642 1181 -46
33013363 278110029 1756 -693
449357036 -430505076 1691 -624
182430442 -534631768 887 407
-232807544 339042954 2546 -536
-427144875 -207517368 2250 -517
413117587 -597255173 418 889
-53618757 -4976054 743 -625
815162969 190807725 1301 975
-991396890 -614247330 165 809
881093034 832069611 1845 629
-908012849 -528266721 1938 665
660619977 -837769315 487 -622
636566196 574962840 217 -612
988712841 93651136 1647 -813
-310641985 -72062695 92 201
556910405 -871065439 515 136
-141076642 -492127731 325 503
469524244 -367365303 1034 -631
153660366 -934245770 836 -739
-153031997 -793803687 14 625
-516420483 372415215 2871 -945
788550739 961412334 52 0
452617208 189208019 1855 -798
356284733 -161527487 2023 -853
-915522433 135309331 445 398
-797985180 496978613 1196 -885
-328533897 -108412673 2556 912
-748255319 -908819200 1526 51
-204534376 -863761818 2689 -407
-710750068 -735112683 34 733
-536589256 -339038500 2329 948
-614872349 570104156 1140 -568
638987102 -818891818 2375 449
545560285 122008986 2777 -584
-957959584 -800724793 858 438
-774862012 888824297 1311 455
23283736 454143324 233 807
92528423 -617139893 1006 -279
434566380 474270464 2756 -842
-932006219 -793059084 2270 168
-295172161 -224914803 813 -469
872951435 128017506 2708 59
758319115 801096909 1573 226
-541879136 183341299 720 479
-539098156 -561974686 899 304
-18584968 633344037 1503 268
294019976 671679464 2055 59
-551127064 581907177 2629 -493
-894843368 -54407107 577 244
824766093 809886748 14 -967
-490803335 -105633521 1633 -120
-980892472 166586920 479 -417
-152084205 845941911 1656 -486
-359198842 -109999961 1233 -710
756250210 8075656 1185 -978
-658958690 65146565 73 524
38735632 -726216184 2620 -845
-981293997 -58771356 2283 -827
-392022928 941223542 525 493
-372355035 45923646 590 -274
-160875911 412708314 1394 -563
717839479 49725741 2309 -484
345358963 -257246746 2874 -169
-595055671 817682022 1748 327
631661201 -40313937 1616 849
269686851 -687880914 1781 -99
860657185 162943185 1783 957
417268520 -779299608 2031 471
576167777 526185140 909 683
-353210702 -599872516 2229 153
-423599357 273263126 1019 -628
672217 -717169365 1449 -861
-740819728 771071456 2097 -654
-88200305 -845382485 2695 174
541308966 218900411 1617 -347
19402457 -795674005 1588 149
709483627 578396434 1367 400
12160686 -239392129 551 -536
324713427 986330069 2027 675
-770923906 -168337874 2391 -973
-619699818 -390452832 2340 -297
988951406 -318550235 960 -89
-767783787 -578091427 1647 -788
-363263330 -694340461 1006 -239
-689562549 -793626783 682 550
-254213565 -958047573 2659 -905
-315826603 70144784 2042 989
787110651 -288082253 1970 646
-215508023 -569523814 959 -882
-461395918 -986318699 865 -710
533119498 745246222 2097 353
746596483 211973204 2840 -97
-936281054 -979112455 1683 -806
824363187 -225135855 176 446
-26688706 498039545 2715 817
-166527191 -304405197 64 -332
-73279921 580422216 2525 327
340254522 -454160838 2908 857
-607461612 798328864 231 417
-851622645 880826088 2516 -854
997046497 -115957875 1752 556
-360214501 962992506 1089 561
-433715994 -756497254 1185 187
61450674 459667099 1111 -370
-592263814 839406884 706 28
978436477 -944493607 169 280
102503301 415421323 2585 -90
-466649645 -306405531 1311 -874
65401694 -879866386 534 649
52826300 -650885519 901 894
-998470679 -358274330 2482 178
-495496294 503813112 1401 -305
-890009814 -400076386 2615 -532
-480974892 991104570 1237 -669
-502343637 -398672616 1677 -571
-759148691 -167496573 2448 -98
440856428 59089040 1352 -277
-914966816 980587171 1649 -730
-374610369 641685211 2418 -681
-535480653 -713762737 672 -802
-664986878 960978560 2749 -546
-607205343 -561777627 1849 -925
587826637 -578111535 1302 762
675712344 -250719309 1729 496
451904720 -531024712 555 834
795632449 -863815755 979 648
277415950 565736090 2441 39
-917259021 -210180585 308 -690
-82482839 -689976687 2983 -130
-605926228 -585062934 2482 -614
61435747 173314262 1967 115
-838639581 -959220888 376 -515
722985329 -570738866 2765 -503
-913466277 84017046 367 635
-832976127 -996083902 2340 547
469047402 -895986462 1765 -918
579716555 336439857 1534 70
22171008 -272121929 1725 -748
717060659 -937178124 1847 -286
918435602 -492571589 1594 903
900196685 833199514 2940 -613
-590127520 956611889 2305 -93
-903131653 375733126 611 990
-179580631 742010971 478 618
640181150 -444944255 2814 937
-940877435 212692016 2534 507
98336997 427013703 1555 -654
413993745 973633215 686 -788
874503282 803718143 2110 -340
383403491 -67830531 525 -582
664218573 485013548 589 333
-400665577 802353919 2305 -230
-265540969 -518781024 1880 -350
-567035571 801001154 1639 679
-190763893 534248024 1463 -941
240993088 -891507574 1135 -857
-4977213 -953970794 2751 686
-662772691 -933504434 1272 -225
-197478081 -10034730 2781 -568
-605290717 384648424 1236 982
-475246278 187363663 2599 -880
-407669881 319458028 934 158
944087545 -496010264 2818 487
944488212 -526413913 1594 406
406929271 604048091 663 -844
874979119 55338769 2597 545
64813404 -758428251 711 938
-789729598 -334768191 685 151
-557603052 -392314060 1989 229
-253815451 -40363727 238 -572
-280004344 -903146956 1202 -288
-540983209 -344097922 2418 377
-961821737 -454786343 706 596
732081339 -595277672 1408 -497
-335836823 -822225624 2340 951
-685212990 836635915 1547 -480
-797581150 52252505 115 -469
726315423 -360818796 2456 126
746173575 -437238966 88 -83
-326501467 -229236787 112 9
511756547 803760375 2075 145
286318755 -185982258 642 51
716488927 -216759989 1946 -975
-893914708 -913343469 238 625
460120603 489655779 936 530
797049733 -153733047 1931 266
481488298 213325009 773 202
550148162 210407029 867 -27
602906967 859298258 1534 721
-871503452 -467296802 2365 317
176030306 915567077 2931 -337
59905795 -949085057 667 662
798979640 -181849621 339 171
-982259884 966925328 168 -293
609555809 231729169 2929 60
-851668224 155396981 1036 -649
49024065 614268655 430 -937
652853667 924039497 1483 -410
-905198197 -645276548 1856 -566
-683974818 18325352 746 981
-72624004 924338682 344 624
-72321116 733237039 1188 -22
35059902 237131154 2295 -568
-969839587 -259756397 2111 148
-975514338 595306457 711 -494
-741886390 60806185 802 -688
215364346 175920014 2079 860
113741294 -523962656 1570 -888
-700591261 -161616984 1780 -948
532071309 154521540 1346 -301
255021991 280703663 2887 -559
-396992398 314451801 2443 -747
-731863002 -37415587 2881 351
-471241144 768205059 1863 672
-301656328 -335123424 2365 79
-572013967 989188101 2138 -319
-839823605 874088157 1267 -32
-736518593 702614057 873 -639
-118326276 -143619006 2418 845
-829556128 14379780 1985 -659
27020039 -87892315 1718 -300
-394861957 -341297890 896 -357
-662675237 364696392 2236 172
153000145 547050535 749 -996
-160971965 924779137 35 -574
681058092 636827487 2679 739
-650938896 686509859 2856 395
-367128068 -257713666 1044 -327
-765189178 -156508001 28 579
-722734310 -66498214 178 -350
748452628 -17979865 505 822
-454028451 544124568 8 -555
315243958 -679305726 476 895
-657579062 461793384 208 -567
-701470351 306123795 1588 -762
-73142660 783678260 1738 -976
438654776 550479167 1943 -48
5817320 482682718 1346 363
798209382 -385744711 1896 37
334555051 -213006420 1478 -773
477374514 -550591497 2640 688
-218955124 -894440096 2885 6
-798218387 -207393931 952 753
-500626220 -484063013 1703 505
776365959 839470403 406 366
222477881 398876909 120 -177
-340820218 221147321 2566 72
-985850770 141290101 2209 -287
710787406 -673811115 898 885
597204988 -420757380 930 -254
270741449 -59586207 1499 -27
-196095149 -662110173 796 268
-587776932 254588097 2418 598
-303879044 214532416 253 821
5471189 -555547717 1704 -637
636492118 125388001 1272 -391
-435255820 -797482110 1967 545
840415885 -663773334 1906 -947
191936373 -733959367 1118 559
-665126604 348544370 1511 -801
-762795718 871733995 2396 57
434080138 959944997 1058 241
-769563626 -479189862 1012 -344
-265591328 -618883308 319 -294
618337013 187070071 1911 -613
-106169388 785754088 2999 808
172486106 389536441 611 770
-402442665 -861480005 1617 391
418813695 841029153 338 167
-915292410 -711273487 749 -1
650247236 -120843176 820 702
722497408 -864799763 1249 532
-405173686 -573628601 1253 265
156884179 287639591 445 97
645595146 129136188 2499 454
-418007836 -64178375 2813 363
-518397727 -589416884 1047 209
783615571 -643871946 2800 481
399351170 335204901 2142 -805
235770772 -400283347 1896 25
-326517864 992755898 1311 717
839002878 -317359314 42 -496
177655158 451488021 573 862
-264259008 -741879426 1997 -203
921388824 -695501389 174 -334
823417137 919294502 2219 180
973570850 587120274 1688 -641
636044742 997215122 2087 700
800693672 -757853832 2722 -421
-763676259 10666275 2477 -697
-146460374 830053195 309 40
-632976845 256926977 1087 210
-320651516 -421612388 669 173
610969540 723737272 930 -275
-19415579 411559333 2620 438
525107301 -880045929 817 794
38189371 -469660140 282 -491
-117331881 -949603928 20 939
800852244 579959408 836 834
-434050927 -857748232 927 394
733862087 283995480 2648 219
-745345309 561200495 1567 603
-446925095 -805263477 1672 -706
-910194627 -474380054 2212 -394
416752207 693539561 2847 887
185944409 283566635 360 -888
-647052496 363844015 646 79
602421782 985104811 1681 50
-120144380 -666009582 2944 574
-893482989 96781756 2687 61
66753406 415665070 733 220
-303480286 387127777 1037 -649
-187507794 888542943 2418 -503
948183917 -343289900 2087 974
980084535 788919675 537 110
494953278 369081481 1088 -227
559603805 -755398471 2111 -723
-487366291 466659297 455 294
561864452 -642622747 1713 29
-125431674 -912024832 1458 -634
47189252 -779134750 727 390
-789843267 839265799 1255 407
-683245945 -302141025 2884 339
-550699571 132950986 1721 -747
-656670180 -989863432 2283 -816
256553460 942155784 572 -280
755169930 628666169 27 80
-991090410 956635270 816 -508
221997983 270183004 2751 -193
803872658 -912092458 2323 -720
-238767317 -363520744 869 339
190433402 408743740 213 931
767907565 -205150004 1644 -902
622490512 9617584 299 -577
272614983 559958922 706 -676
787268428 -133384276 668 -784
320940986 -661608788 1643 400
-328358847 -695232285 2236 -797
147486296 186276095 635 7
-753368673 -754847070 2566 212
41288699 697591231 90 127
-499014882 -286941510 2964 808
657726468 -474103301 14 453
46670159 -41963537 2412 -274
79003029 330360119 117 971
-600081957 91085193 21 31
292467977 -871866441 2709 -36
-914390326 -651538006 2063 513
-9854404 983595487 1277 -707
-58006953 -476824922 1079 -936
-587139520 -702936019 1209 -847
-601695007 810333132 1806 439
940186702 925439949 2748 -207
-281399559 641643659 2848 692
-720874483 379844244 1627 234
-570628071 -47704808 1019 989
894551236 137192570 64 -908
-376244306 28580379 418 790
-118616320 211222104 82 -687
358058847 -334468714 1478 -465
-476243891 629313462 1763 -176
295343708 813231011 765 522
332990729 945476790 1743 -900
354005040 571639258 343 451
-10534715 -61567891 906 -46
-693846305 -61930445 2411 -675
616682910 342032171 679 71
-62607814 -877895338 813 -69
-995980750 -844967301 684 767
141714773 428203565 2014 -761
198189667 64435596 0 -995
-141983132 -114117904 1909 -311
-759303845 -558531420 2943 63
533851166 -434788135 380 207
830790495 422164623 1374 -372
627290717 -891318686 2337 -875
-374139518 -317846309 220 -613
364280864 -220312557 599 16
-351243107 701035581 2086 -417
816128662 -952070627 2852 -833
139680131 755893891 936 -38
643978443 -555785192 2685 218
495541549 -931956687 402 352
523031049 -553407314 1473 -554
223164979 60532563 1935 208
-382589085 -778362980 911 562
465334094 -5266589 1344 160
893982637 -272786037 1487 859
-705024489 -972632273 864 548
-761493343 107621119 1984 -236
-457127536 -928671468 1996 -587
-701474192 21595205 2880 706
-286980091 173593952 1711 -507
-656856969 -407171495 677 -88
35770321 -267108825 253 -568
-249408545 50561158 540 -832
527530985 626044234 2515 98
1602357 -383749663 625 808
299925572 853635393 73 -479
-197923659 361944415 2170 985
844181931 654228030 2069 963
553465925 463465624 2751 -140
-144481988 736676384 2037 30
351765912 817051492 1351 159
586263854 592148793 1261 154
44043524 214103985 1902 -497
-193577526 809209246 684 197
130445955 -156602001 1485 -77
550433877 724183923 122 342
-143758961 -681796476 1799 357
259857805 973894747 1362 -447
-613885903 87471809 534 -87
-817083255 47129933 765 746
-394886921 -202705175 6 228
-355642245 573940201 1067 139
176014850 -692560482 1084 155
-368316841 -512554740 839 312
872178897 -635689119 2599 -282
-656639883 67557270 2559 -633
-192298302 216787224 1036 450
-383341170 -909806537 2326 541
780382446 234369214 1847 -934
251365958 413314906 2654 -180
920955043 -800096821 554 982
-149635084 -478379426 809 701
-150446533 -451190182 22 -598
450225800 448128558 700 915
-721734816 732979215 579 -609
227462641 -730633649 883 755
-302865364 -116509280 2531 723
767939788 -155743254 2418 -410
-418372115 -740770396 1048 -603
-522464386 686486598 2026 -201
-168270255 -194437216 375 -777
683446830 -596493994 2813 -508
-609823013 187666226 375 -531
-196021777 -561691060 2813 499
-221649739 13155334 659 916
-652384021 -668381867 749 689
-105161009 102920630 979 -891
679278029 889390723 1608 893
-714062038 480990606 2318 857
-992206704 264919226 1381 -740
960430619 -940907719 294 699
-224978106 667069412 2392 -186
43871520 -111488020 84 335
-462505721 -830526943 2432 330
-964866451 613583074 2569 -149
481133916 252082374 2605 -389
517779567 -612963752 555 -877
-768852189 -67679331 934 799
377044033 460419695 571 -806
492275919 -812076048 2282 -408
102409498 -74952946 864 984
171047418 -602385379 903 26
-203494598 -536511536 191 -404
597278680 -947412192 1502 -940
385979057 -971799800 1190 112
-397386579 692550354 2846 798
531390640 -711885444 2505 -271
536616445 -303747060 2464 -176
-745102949 690009797 957 835
140027169 704637237 649 -751
231336771 -630827535 1380 276
-980207798 168316910 2643 631
-722558002 96210120 2254 356
872507825 998924565 762 221
-179514826 404172760 224 -940
569716158 -923547309 2291 680
-682671486 990744719 2149 736
-560897347 -853092494 1284 -832
890323147 -933242616 1502 751
-729689802 731220240 1755 -942
-365392109 713097321 1648 760
277556208 831428540 1482 84
-447292121 967221261 667 574
-503484962 -618149472 1638 -893
-512075912 781682938 555 -692
-237269652 385173541 2967 -53
407185971 257479669 2943 254
-873360588 -317344085 1727 262
831854905 -853859743 2116 752
155358623 -277114878 2212 822
305089568 -280010808 1847 831
405192175 -415463905 1956 -57
-860807138 -955990008 2128 649
284021794 -720388512 2077 -272
901192460 718363265 1546 641
889213482 550950447 958 -545
879354475 -504698887 1567 -205
-396050129 528969777 699 660
-279297963 -802646004 1517 533
-605045080 -619086651 436 -27
253348371 -363669750 1876 -359
780581777 677737119 1352 -931
-561343769 -602094912 1715 185
133898058 -936649424 1412 758
-187651949 640611470 708 904
785793823 499027898 1180 -909
271438561 236245707 1483 -812
-589545436 -108773916 715 -350
338283543 878163321 1030 530
913279834 814840900 2792 -510
-617076084 497365220 2247 637
105484654 -763743680 705 -782
-852551059 -17842830 2907 -868
-214002962 307408804 1348 -276
-735310505 -398911734 1075 -564
-808860550 701570453 585 -330
-464401004 316067144 1584 -639
-783036279 -375400414 2159 -602
240719757 -929348660 2815 -95
14449775 864995150 2340 465
-832026159 114849961 1087 152
-171658895 -606939743 1887 214
633070256 -947821829 957 515
971311102 555957738 2240 411
923468329 -448452587 300 768
777755393 867707698 109 213
-10585610 893643563 1876 643
24923775 -419511016 798 -10
374686188 -224132071 431 761
-90135368 -643439449 1806 -179
-951349995 -829792626 993 613
297299545 -181268 184 130
105122969 395875878 554 -629
582033092 -476579456 867 88
-894021166 212331531 749 -463
-550823169 -425905243 2594 768
-960977860 736499005 1659 -109
550166965 -652723119 2556 174
850662925 -743759857 2646 -593
-833945985 -357597015 2026 905
-356768971 -252777237 1517 -70
279958305 -975558913 418 739
-696522704 -508576787 2730 -835
745622335 -510083925 1986 -407
287441572 -830092988 2253 -822
-305950193 612517831 1977 324
-754923768 -128772079 1179 950
23227271 1957227 1228 699
-285574755 -991294072 553 -439
-45081381 -112646898 1140 -664
-164333458 300082693 881 631
-923083713 49815036 1143 -523
-91440584 -480363795 11 -167
-914372634 997650766 197 -340
132622010 978189324 455 -352
999101837 659973688 2140 796
855671124 684149725 2250 669
311046479 970182765 2022 48
839200449 778493061 2258 463
417335151 -394489891 743 5
953360208 -172284118 769 435
240130148 708235102 2140 784
464205979 -954971876 58 -775
493501810 292503039 646 -581
-623966755 259493120 599 632
-883472773 627369041 876 -566
214420770 556277334 2813 -895
-312507210 950974287 439 -228
-62121772 204311850 1757 448
-268042621 -123503357 405 -856
-386905119 661202591 979 -815
104215173 251662912 1831 -762
180488410 796821448 979 481
44277431 -208678768 138 719
-352972634 119126211 505 866
-658836686 -4681791 2885 246
99368580 152574625 971 -332
283239469 -10784015 437 -157
-362839829 629198787 738 -331
457534051 -994202439 1647 -807
-650397717 -263507852 233 -452
-346407103 30288844 848 840
-448439224 -903905047 577 610
706073618 -730937326 893 -396
132775394 787536799 2872 341
989192549 10767658 2844 -309
-236754927 -632506228 206 -546
196107642 626825593 2244 753
605541575 754338573 1414 349
96856611 -95012632 752 6
-863695251 146113023 2657 -657
-200318021 -202487909 1925 -716
921894737 437199653 2657 -241
-48089769 678205985 1487 189
-566321426 234313538 236 507
-617055007 -666305868 1631 356
43969853 -278228315 965 662
-721240106 472851786 1163 -94
627503950 689108523 2684 376
-434679294 -492532537 2546 876
873609687 -410053942 1676 608
347877813 -223617664 1737 -261
216110088 652658516 1946 -710
-987116941 -791371190 1189 -805
-352023865 591678692 2393 120
39081848 -494397154 2874 -115
374415456 648592559 885 -617
65163557 -555564326 157 323
-120140231 808270530 1925 613
542895881 -635926827 1143 -728
-528805231 -428510578 1712 192
973011532 476543525 2018 873
702914557 -345041350 371 200
368402453 134046284 1740 264
-35477824 298305753 1369 136
879584459 585851160 1231 19
658612784 875414769 2063 -357
-4077274 -788594558 2841 -179
951159908 -471196445 604 -436
-223328456 -33678277 1609 -919
-774090349 -242854675 855 -295
-358584378 -144107517 66 216
299748301 691188698 206 856
-769342363 -276214732 1308 -76
571362890 629929320 765 -944
-651628506 524899270 82 319
-85780527 377229292 20 -286
202596885 201200406 649 588
-530642758 -551626597 2500 493
37233231 -953691538 84 -915
-612459708 756738418 2893 42
292692733 469834211 571 974
-132460893 630010535 1601 -968
877926079 512245831 2608 179
-710692359 256921226 1311 984
-861413170 912151329 662 576
477527136 -740881887 2905 -183
-425841104 498626337 802 911
764906478 980900263 2391 -565
666361954 -76432037 1939 816
526816306 828347010 2083 -734
793081640 -269957587 813 424
920041510 133649304 2668 76
267732174 -436341925 2957 149
209030117 -544313141 2845 -956
-869273686 107850752 1517 941
-350113363 20601497 672 -468
649844259 163107909 1459 -524
-905096880 1057338 243 639
-527358119 -747066234 1158 416
442237342 -227086226 996 322
-622343080 -541987537 1809 758
-99629794 -681082896 2348 346
545130871 742173214 2954 665
-264707839 734172715 418 -772
133728176 538204100 1779 -870
484495985 -94541322 727 125
-695337420 -233733186 642 -605
575391236 5464914 1591 -601
-424558011 -839263745 2695 873
-240489028 799283877 375 232
-561470802 -386272137 741 -523
-478984093 -98169426 2473 -4
437986429 -192723561 2064 -480
-481697221 532393267 1125 246
83385308 -797564744 498 652
575666221 341585218 2689 5
17754452 225322409 51 617
-615391508 -747186344 1587 -757
-858601138 107318320 478 16
662920801 360825942 1956 -600
-298676242 -947677299 2363 462
-108046492 -429140487 1697 840
824458771 326195558 233 -279
-24060640 702207377 419 -366
-918476802 392618391 2084 -269
-430805647 -575721600 1352 -849
-864899396 -956999888 33 -88
-503476729 -711878676 2646 -944
841860654 -50487324 2075 983
-332195616 920405047 1001 851
170738574 -576064560 2961 -487
619686765 210409865 932 0
-311292276 -510728441 692 -327
-670499776 396358800 1587 -127
614475761 509835226 1432 132
-301738654 -509019331 547 67
-475611812 282296828 1623 741
-678954985 328645585 2411 -424
-282437540 283474861 1575 426
90175063 -431458139 1398 528
-250363475 -591779215 903 451
251211586 -934830128 112 692
-385298595 539548677 1928 884
-420232751 -784900847 418 -701
-626707950 765714771 2715 392
758677999 -226233598 2494 -473
-636681329 -933575391 2666 -538
-431193419 -878262645 1881 -784
607966842 -805502286 1647 882
-530568891 -858790350 1860 -845
-641775517 -209849278 2028 572
-222918998 750362462 253 -545
-184925089 -282496004 621 -959
-910460829 -89242022 390 -436
187416961 -978301041 2633 -516
-220986926 -708348066 1205 -910
-743549926 317697868 2562 -477
766973390 380261796 2486 -250
-84796535 -486942419 1264 -437
-768220109 -507464275 2953 726
-120438048 -958588907 69 117
26471966 272973626 1113 -565
973091231 538604123 2807 -705
-936278939 492676846 2976 -839
304900090 33353272 1174 -674
206101357 583375373 1647 -580
-136247687 -625917875 1213 813
-475516606 94776400 956 -640
569531766 -998374558 213 465
-312670665 -879173901 903 -990
878728845 978661709 2016 172
11395900 352399807 279 -255
-699128943 50345796 2239 -649
116449640 -382152570 1579 -234
682091411 -450630685 5 -405
-746549067 138777075 1951 391
207527433 -930817994 186 481
97173594 788515813 658 -55
-78883490 132005155 2921 -38
-650460618 -801015196 324 101
-660172243 318983963 500 752
-294847154 -296484011 700 776
160632851 985700175 1036 -289
-800623551 626763524 2715 190
639445883 -351901806 2590 54
-73247388 -418770102 137 -562
-63529525 330275648 2268 -557
-715598381 -423671648 2555 -673
583838869 554205918 537 -866
-546337400 -303768218 317 124
-107207267 103955052 1339 -53
312689443 -742475344 2356 -855
-670253849 752879352 2682 367
557426254 319323952 1729 -279
700943976 -49686826 2188 581
635796052 -158495102 2836 520
-424295949 -743497835 395 759
523600919 -368053228 659 -928
-637094246 -904053744 317 -592
-942891892 228961725 2347 387
855394395 264006381 1266 -954
-269765798 433672959 2085 -116
-694931026 -30663881 959 -203
-679584377 379965571 1993 538
-463200964 -88202809 1243 835
-986322726 699291979 1825 210
-157165477 -658812946 2111 468
51756762 147337396 551 715
417911336 604126107 1617 863
-560220066 -100655908 1334 -617
-149891207 312141927 93 137
-316631493 707776216 2229 -264
-508843919 255465714 957 157
-556052643 -589884297 216 148
861571396 345407311 809 -642
-297492032 -376460596 338 -974
858105394 -290246099 2467 255
-965744105 -736271085 468 -624
-737021336 393756612 487 762
-858131243 -714503128 2131 -137
561701855 -982047967 809 -529
404988767 -456085224 692 -718
-399537874 -259875334 426 -839
898262765 1063684 1239 -125
327965036 -725692892 1561 -18
-129132009 623687681 864 240
-753490980 -245019567 191 -54
-819137272 -7497615 1351 5
943966364 -964230570 1049 238
-687615991 -728911418 2633 340
328446447 -888639956 935 -792
28072386 -672871185 1587 272
13397046 110616956 2413 -673
-494015761 899683683 878 637
842959491 144082067 1717 185
878897100 752850013 1815 -804
-285078075 438006706 2732 380
990222621 123208718 1856 835
512170260 467385364 2016 -405
-175685997 -936647452 635 -296
-724085415 -759918830 2825 24
34890079 -843273622 2079 770
-18940075 870777413 30 717
584606183 319001523 1749 894
-955609100 14831052 1574 -72
754680964 878450133 2376 -298
663335398 -806737779 790 -79
53244495 704689257 968 -648
-512519524 -105060605 2754 -818
-398838791 -744821460 200 -808
-183567728 844163002 2037 -108
-690648114 504258871 217 -919
-661141823 792212050 836 -502
-390150784 54345063 843 -740
-690054392 934230480 1918 -608
-743782486 207714987 2827 -738
-206371797 382572184 2544 -921
653254592 -581346344 861 479
135050622 300457681 652 139
548537728 959077050 2823 -518
13573702 651877876 1838 697
-94041954 -863909743 2566 613
634060722 371782629 1990 414
-12451100 690527438 1751 415
-93132336 -427486029 836 36
-719124231 394847573 898 2
-742770479 60287770 2432 -15
-304424729 -130581155 864 -972
931495241 -228598140 2049 316
770247218 -204985799 2470 295
-311023313 -415467387 2245 -961
-731858511 -81763471 2642 214
-114453687 961317687 2608 -619
-100419993 -589449777 1430 -93
-69500665 190125135 1561 -393
188786314 62002916 1614 20
229461495 -630071000 178 927
-442251612 518700036 2592 193
949392728 -96995215 2694 -898
619330683 -964258557 1897 504
431222304 -898099847 2366 -30
-299933095 747510951 686 -741
210884349 -455680749 1200 -324
-39938181 -443503680 888 191
78743406 -595253190 2761 -913
-16851027 -76179748 1718 -686
922927701 -68271222 225 -548
388274501 144843926 1532 573
197625711 893815541 347 -401
459774269 -407598125 2485 -197
824614737 172744388 502 993
-554118174 436089864 1419 -390
360019437 -713945894 1641 -411
-630727608 -63977347 241 -348
8540333 -708300054 895 903
-865691345 704466679 533 -451
-880747459 -647288392 1998 895
707135903 -770756167 2490 703
-343713415 -908512895 1114 413
227191674 -398784015 2104 707
982927853 564998322 2329 213
-238932936 -870369107 279 763
531978597 -355067669 2111 928
816933283 -965344626 2818 -447
353170113 -377409186 1763 295
72542259 305355558 2684 -660
-415077868 299542305 555 -73
-224530011 -297491381 1265 -582
-145673197 24906014 950 775
896276488 -880635486 2117 -235
-89822608 -198246759 531 -89
784896469 653806453 2706 -511
655669168 764926269 80 -132
330037360 942217983 2085 -654
563387601 -192028443 401 455
-31808414 -477050909 2313 -274
-96621439 -222304511 749 959
452837808 -438967733 1217 -402
-5485663 975195379 2715 988
-757578211 34407567 2026 -183
714363126 722162854 2224 -387
221779629 -303095937 1390 656
256618217 810834257 1918 -914
-50143763 267166854 2505 -401
770148694 -390709851 750 -68
-795708780 -296117692 1503 173
-584850912 -281054874 2502 302
-717548476 -905034659 1565 -602
998250505 -707475376 2003 -626
-711071587 831892314 1483 832
218732391 581223631 275 461
959666521 -858345014 1110 635
419961566 661629640 2534 231
-141817029 -671469404 179 -818
-551640251 156062946 52 -644
198684190 -714159985 970 -961
-80095752 43508775 2826 677
101884703 -113524153 2612 847
575634468 -316490570 960 -922
664743846 -435204483 1353 -541
439482078 -64645535 1327 681
-875460432 543117550 2773 237
-844179679 -900142764 2297 -17
939940903 -42105262 308 70
28088125 -31036700 1154 173
970133171 845412439 294 11
449323025 -538692957 1455 370
-300783983 -812776611 301 -857
-41040147 -414185325 2523 348
739220535 -576005738 1666 -74
314480248 -231758448 2267 -539
-146266465 717445388 361 570
-673412065 -183023005 261 -215
566127417 845998271 27 96
-640164043 758553347 1074 304
-411404736 -122304135 2565 58
-811495890 -518420603 2605 377
-84054156 -89480614 2283 195
-6582673 473835235 16 937
973690907 -674825516 100 -811
234734095 295033943 375 958
712143250 827955589 1044 688
915158119 296550769 1867 655
-977999687 -244072379 19 -477
-438549599 -285374762 1611 721
-785251308 466830300 450 -780
-367310813 195511393 533 -102
942702492 -320924754 750 600
996789449 840546939 2592 558
-739217691 420515123 412 -452
877900666 964433399 64 206
-205467978 50659796 1069 -724
-466097283 247604537 833 -3
-885759577 147113385 783 166
33930428 -239351298 1284 -75
-678046789 353030878 2540 204
-712119512 -408001974 2364 742
458667919 573439722 2393 -379
413348064 -565694661 659 -929
176244942 147359450 1297 -422
697031470 -244379746 1209 430
-70124278 -871660694 2167 790
-960398935 355714662 2747 646
-137207142 -676761145 772 -236
716335005 -47448937 178 724
947974842 119059227 2667 -166
996459866 882386408 2969 -449
877947630 -557935154 1297 545
-425202039 260806574 1969 -622
-885272206 -220295339 2247 -143
-200051024 -774622297 1846 -189
-324017415 -635853851 899 917
495116254 -756268261 338 811
120892199 131953036 899 -511
-340578738 878565203 790 -632
125482201 195544865 1233 -551
-615182920 32313686 1931 742
549230224 600107457 791 910
563896808 388490756 1804 -858
-205655138 562983443 1054 -520
415539760 918436435 2159 515
164969670 691926211 87 956
-728807054 -753017913 2893 -572
574858052 445130208 1688 -259
-881420535 604277079 2639 -715
838395426 746321158 363 265
51264742 347524041 2952 -346
643956183 686991834 837 -568
870227839 -645253404 1971 -481
-532628324 -210097128 63 -713
478928403 -266901610 139 -759
651621288 -497699174 2914 213
643405938 -318960818 2795 52
-449319240 169924400 1398 970
-77050335 240617646 2499 3
-330444130 -717650987 773 -742
985626330 -691124965 2866 -556
-104292771 959848160 885 360
-402669804 -374982921 1697 720
586174105 577748205 1177 -699
-943934158 -561085296 2492 -803
-374195510 -97167323 720 -238
850718509 -504397489 1185 -303
292829597 -954025963 1580 -820
-62797460 640660770 1016 -201
304711095 -921457498 2131 664
-279122017 -974671926 464 940
-825660940 255331115 1815 467
-127918537 252280276 1605 -621
-352604172 673328740 2823 -219
980203836 -2814038 2001 -832
-865276545 313066453 792 -847
170445130 726839289 2512 426
769691293 309515704 1332 -378
262648768 -442050706 1068 -664
34107257 273569343 1868 183
283902674 -506510731 928 741
-599001092 -337402812 672 -834
-270585087 637560014 2015 964
-409015477 -757032007 2590 944
-263739353 809109861 582 -963
933300484 -632239968 2623 -207
-149349944 -571657757 2569 721
42302821 -628174587 544 603
820373782 688673663 2496 431
617269126 556590607 1514 885
524044522 -874873485 1587 941
491533716 -772325621 1333 267
895963367 -510177048 1094 992
104902044 -661204570 2102 23
913529723 505076325 2442 501
-667992630 11769872 162 325
-911252883 -281103237 2148 -85
-541485613 -253096897 180 86
-997085125 931238387 1423 -561
-420937865 760745987 1876 -948
920374061 678989873 2301 -50
-937638880 577252909 836 -380
734623086 289091538 1124 992
-135244249 521764772 1614 -623
-318384446 -365231985 2520 -333
794714485 -77519025 2250 -170
-71248876 -933050873 2494 -717
-518803967 347928658 1453 758
-180351482 327075984 903 919
369467062 696863420 618 -852
-354030690 769029181 2193 -90
746150290 -265396659 524 944
-50851059 -763094418 171 842
-110063199 778729413 2936 -450
-590946431 -513404270 512 -366
423739929 497207463 1304 199
326398042 504661714 2347 -913
20881528 -465365286 2304 863
-271640506 410425816 27 -934
2235468 973949721 2620 -925
131497227 -519906645 700 -766
410936512 -109342936 1443 -758
352390849 -922314750 418 398
-304176306 -905205826 1950 -602
307104692 -152215416 738 -298
-253674486 -710516932 1897 170
371243406 -963116967 1797 403
450475712 874365282 282 -852
115017989 305819930 2422 236
917184739 215644311 640 395
741103469 39016445 944 187
-400033003 -97155987 809 152
-404148224 -846413984 2094 256
-581626068 -742138441 2823 -330
-680469706 -508881723 2668 109
-69320401 776042027 2110 660
-672955323 80527473 2605 261
435680503 -765748668 2037 -638
330615855 -792367236 593 -233
487366598 -97875480 2754 -318
549808247 45820810 2905 -710
995466911 -140931787 1638 762
-510200488 984955344 537 847
54421780 3643583 2974 583
-32069412 578780733 1532 801
-249756715 -528987249 309 875
160750844 -408175646 1333 461
-990125991 -583714557 2798 -194
965855379 873197793 270 243
-551634465 -121494464 817 -978
-536671955 800953297 800 719
487428813 -14328408 77 836
-537086193 -645838597 2033 478
402258064 733203015 364 922
-849509393 324198725 734 165
419736699 -477749001 2706 -477
-548013530 618652816 2222 775
-670147941 -903133846 1323 -685
-87488068 -719632128 1047 424
6134537 -117482629 572 -392
-571797430 635270357 450 761
891532782 402286606 1727 -849
-620023895 -129335673 115 -184
-699002091 667353868 765 -112
-149671802 81287913 2638 338
267224623 -285713888 2479 -58
344627215 -72728612 1617 -567
629444611 -539504643 1676 -783
-878564810 -214341794 2566 -920
385656770 -314709028 1499 -636
-958368695 -581120921 1743 967
289645103 724879756 1109 -774
-626882374 -903664125 1765 -847
-584572081 873942646 2671 -955
659344690 -958385792 836 -844
718672223 858730775 2096 433
897857721 367548585 2950 449
-706577842 471929618 2094 -572
598861766 -847382390 2494 448
-658111847 -258385867 2199 -215
-423403702 -205902249 2252 605
503451524 -82322465 1832 658
-40925905 -870790209 711 766
-111702490 338452375 224 970
-662841383 -169102102 2564 -253
-794838400 -212935704 456 -814
447297409 -173104906 865 9
-118155811 -851787401 285 -78
30357402 244753232 1268 703
895660719 -702599653 864 -131
181413687 -328345482 455 -852
-717297640 578488534 2205 -413
-352465302 179899924 1560 613
722691627 -899489619 1219 -521
-713482853 855308158 2999 -877
-752723367 725005523 741 518
-183135007 395877462 2900 -405
819921439 405170013 1112 844
-773770427 -369546089 2304 142
-997828403 376472961 1648 879
878106667 834797560 2932 545
579358731 864613368 24 352
339587308 602424636 2695 -837
-546331499 -224877373 2999 -755
-477637254 -374217492 679 695
323367342 -200204325 1633 911
-130326729 -926098367 1972 734
-927426519 640464362 498 2
-437175628 352526746 343 425
530944317 -672262830 1225 783
742167364 649566847 2034 320
-214432511 302858185 2138 582
452219685 668384166 2620 -836
690645253 -624499546 692 -807
-159427319 949451659 14 -818
-82806734 -96730150 1079 -890
-445772916 -333855745 1043 -46
873328398 402152240 1588 -297
638822768 -52624601 525 484
-449696249 341149981 1849 34
704254399 791753593 2706 -494
-68265844 73071197 1155 854
-657716304 817775390 2491 -353
-830924135 -472047740 179 -92
-657818705 407915607 2659 -890
-66980222 759623113 1407 -208
530100766 860654391 216 -450
-87068363 931277076 324 -417
359834291 -125184580 2251 -686
-109857529 -649923652 1403 -376
-958063814 -451290477 2827 -385
-783194924 -4723617 160 698
-375528272 291966253 2621 452
607007840 696633766 1656 712
205605213 -881638888 1247 -635
155586910 -300350081 1241 528
726061633 -789834332 1715 -223
660405751 -896441653 2745 -124
472957798 -624419982 2334 773
-391047857 260422838 890 700
-953370069 -395584110 142 -896
-8418384 -675479919 2212 -696
33569985 -308586412 1584 669
696529517 657379993 1749 679
-837173908 872239216 2022 567
617190215 724401298 858 -697
663713760 -723088699 2546 -725
-320772277 -524389389 2146 895
-451272157 336243534 436 451
71417448 734061857 2449 -163
-946290663 730660313 1373 -910
-328942897 58944569 1641 177
-80795183 4418610 2221 -799
834083635 337276877 622 236
-799027090 -993653173 2840 870
-158119738 122520924 1373 -555
763689609 -771814209 1876 -567
-374922149 -398108542 2096 381
657309789 138787803 1540 26
971701480 -562660603 1917 -406
-647632468 -525677149 2301 -706
726502479 -64040691 754 -402
-378044724 -240962907 996 320
520500913 350504769 1074 -115
486273215 808352819 2623 174
-386658191 93962958 1154 502
132244393 143509539 272 -356
-960674699 -95654067 169 246
-279981046 888600166 1652 733
435100677 258700267 865 475
-792830669 -650592150 1628 3
-788192886 -352878902 1209 435
663628618 637864994 179 145
-315401895 446553011 238 387
763179799 131294359 522 303
-864292779 210740776 2341 63
-848262398 -927245418 90 904
-333635167 -860303426 2878 638
890046991 777022291 2687 557
-571439762 729551537 2449 -763
-533050325 -179193503 233 880
258070210 19346133 955 877
968914459 937619121 684 -564
55433169 -170687201 772 434
-136652862 -560256405 2567 -532
-780282201 412633316 1348 76
765381713 -424376220 1575 -39
830578307 -272297990 2499 786
479651607 556664036 1881 -960
483870807 -989681743 817 974
790930673 -330724556 2001 -181
-825494014 -23950566 2464 -816
-593911353 -98818595 106 -47
-651135000 794929302 197 768
967707774 296944493 197 519
-519389714 -202109793 2023 -414
-603682235 750441052 854 -201
-921440073 501928800 1904 -763
-329498412 585717331 424 727
-230897231 169981176 907 -667
-926432532 -137487450 200 989
376518913 -249452027 1036 -258
-656791558 -109541744 2762 -673
973441292 898871782 2481 438
668575090 -275036865 964 210
-702193616 393063182 1539 -541
486580768 -97520235 785 -75
-914526672 -344707450 1706 -733
-53476970 -934728492 2608 59
-448835699 -97412013 63 637
496664385 742733768 394 -439
-975102129 651649884 2171 12
167528551 -437619961 2781 -864
20857968 101953163 2654 -249
855304222 -834706633 2567 -937
271142314 -564719028 2298 970
299824671 -258589280 2569 281
-522422544 338962573 2182 -425
-492243929 848836040 551 -425
-337261209 -54333278 1677 -317
-816032526 576519964 1044 697
49535078 799905051 1143 842
186070876 -559382055 452 -538
745506723 -925052226 2286 -860
469468950 83897034 311 903
301242482 -259581837 2058 -779
541022597 -564814150 2880 261
-909002235 -490928678 554 -141
-82805546 -731964717 2481 -519
-501368171 -67907523 2806 -936
406595113 -568958961 334 935
988747139 725133435 1853 -923
-146497295 -288521415 1163 -561
893753302 -92349836 2491 158
762444621 -606767700 2162 673
-957647507 930595951 2592 -582
-142105464 288383716 727 887
908028016 -207272161 506 -671
-743143498 1521401 2450 509
486029464 -628949139 1407 58
-999490354 -755085160 339 -811
678034846 -939290539 2649 -682
1120509 -317390497 615 -789
-977967670 -978109625 2341 -176
949967699 288045550 1418 193
-533355058 891622144 117 -480
57683687 -300391690 160 -160
-785721183 -293900361 2992 -748
-242195452 -163705082 1166 -843
-302622304 210490045 2365 -935
-585346843 606295837 84 -236
-495515487 -366487538 700 -8
25901677 588338840 765 -767
-515721683 -302007388 1555 -174
-273825952 -889144648 1093 -989
692278171 -737114744 956 -308
-572133443 156267770 1036 -315
800148619 -588504483 1786 -990
397413701 886098909 2375 -326
743996733 179399478 2989 -84
-626881017 257114290 1511 39
679911591 510022554 2544 -775
382674608 -239903683 1767 108
630972807 -614552093 1353 363
489156721 -781285263 2896 736
526591278 942524214 1193 -389
-263981686 66650674 765 759
722287236 629936950 256 759
597030164 -334372300 1996 344
-859682424 -384093394 1295 -158
399342063 674088244 2066 311
375264593 886821348 2752 -730
928196700 -518785045 405 872
767028703 -760513837 2453 -826
-520321543 -321135198 1823 668
625115168 578546755 2813 -595
119300473 839393589 2022 969
621458354 -981536181 2753 -736
763423452 -532981145 2008 -568
723425719 -973898200 1574 57
800875597 -342182134 3000 -602
1841189 130751178 2219 -230
-869113147 -197416955 2768 118
-758235070 28398734 2941 -253
-853636689 54651874 2289 -786
-600427029 -720129854 376 758
-558144468 353941141 854 -955
-347380363 775856805 622 -535
883452547 -953101925 2424 -170
652772027 -765027264 1656 904
102491811 258509375 1538 503
234674529 343545278 668 -54
-45425585 -737416970 2958 -70
202295456 -223710662 2588 944
750845477 -496396001 2661 175
-969070948 -318311687 1076 134
-728940755 882034577 1399 22
-495392725 950148663 270 670
963548037 -340755107 294 6
-874333152 441002113 12 305
-728812972 -655166755 2042 935
889614543 -45314781 2741 320
-256501827 -486636675 200 462
884761438 668603300 165 -827
-601507007 51433080 1941 85
842754837 918554870 846 -478
-521165970 -547995890 2803 -570
409815349 625418460 1190 -834
202492096 -223028790 2546 -345
507884438 571728134 2298 -514
217294438 -803216055 996 -683
393045002 -20374184 27 444
819193392 843229110 1688 56
-86905085 -850635707 624 -384
-64918715 549220668 1771 -28
378489560 -736819327 1156 15
-232875097 88695358 1783 499
493402275 231964778 979 802
-608955782 534943673 2818 -123
-795425203 -98739254 2930 -298
868646408 -809666083 1332 -937
171879825 674249524 1219 923
-196277069 902032009 2225 -66
-834612114 879047277 1821 678
-355652566 -640093863 2212 -281
838575087 -73773562 2675 -192
51291335 616074654 1147 569
120228123 342589291 1219 994
253293300 611196955 2005 757
535035030 -728833786 360 401
55763032 -582336840 265 -760
673065624 220403085 1520 -948
657822240 -24638742 1031 809
903077948 576144746 2715 690
362234880 501439092 1812 -558
-258904656 -33606677 2914 9
140085815 -946608059 1330 -499
800954335 269061737 2597 174
-734539982 -960236035 866 -517
-391560557 -725491571 1379 -896
976747523 570146629 2150 213
-461298367 -436979257 611 -770
-784893653 -103926052 1754 -571
137407019 145199868 2537 379
-251370429 -581872270 822 -313
451454698 960802310 1101 -750
-463380111 -793805970 2460 758
398172289 133508688 2286 -271
-864533916 178034923 682 629
930106546 -393193647 2087 742
215099913 388669379 2706 -147
-787531622 207194095 2563 29
-487353835 424589610 2906 773
-158739526 -912185486 332 717
-623115324 -381743767 1697 -194
107382658 550412643 505 231
476099512 -937034104 1354 530
-953061806 -425429875 1951 136
895641354 -453971600 2648 343
410799787 74360629 611 309
650103423 420433665 1712 148
653574760 694633719 1642 -253
-92990019 -460571141 1324 -589
-214530749 312283356 2914 -803
-86256206 -730194574 2742 -284
-893731509 778671145 6 -66
-325907992 -478967992 1586 -532
-905286559 -463884244 1069 -919
860617269 505625063 1838 -187
492014654 212931631 496 -91
658660404 822918296 1241 -106
-746249756 719460182 63 -902
847782551 893544052 593 680
-216213184 36303778 427 -597
743203497 54481508 2400 356
417298608 944722358 411 -951
208059602 827543079 2834 48
-125394515 -118148402 1232 911
-386355656 -212263125 2847 -713
-746298559 986245533 1996 -977
-939260329 -145104062 1666 -534
66788543 113706125 1143 40
842338537 -191739750 1839 -599
86750281 390891249 1609 -390
226447779 728221636 1990 -1
383007355 -778969993 2859 183
-310811286 -55544447 2555 941
-454891586 -936231851 1206 -132
948284827 -899761342 1435 122
338292660 -531644719 2803 -637
475137307 -37667815 1265 -773
-579182268 -949803644 172 319
443132345 365634888 679 -889
12113830 357580169 2781 -830
409783982 826838089 1535 767
237761485 866149853 1829 -187
873188688 -577058895 2022 249
350756742 434656583 1067 351
898787003 858972476 126 49
724867414 332495915 2519 -705
-853403891 454048653 1586 754
-83688093 360668374 1815 -532
870000878 -641848204 1600 333
-609325132 492831257 453 454
792376490 520238970 2253 602
-996141511 -865907862 2042 -377
-937810499 115876416 30 -199
-521908132 -204317364 1540 508
-321247072 374114125 2267 -673
-836083296 -68893794 1209 -667
-208425108 434573049 1284 151
946135132 -977079050 275 -783
466949727 713052979 1916 728
-925452521 -755972204 814 -86
-113185092 -472930456 1474 886
-281735228 -313813630 2197 -397
320750281 -342385341 1676 215
857112041 -384265155 1459 -829
-844349134 811193584 2544 -243
-557222657 128033769 2823 -379
308660181 -575294267 946 -777
-616909945 -480967142 1586 -200
-451390756 -68845610 1899 975
-365834178 850097901 1087 -80
-850737666 -928396691 2340 222
284040376 463279177 1772 633
506329213 535187926 1880 -648
87835500 -462433509 2575 909
-914902829 -214758810 2427 917
-350404567 741351907 581 630
-248967946 -413628044 2652 784
-541724392 720422614 2368 467
-460091328 -315419929 364 965
-502764679 803145977 2974 599
170089501 582032326 2178 20
936347552 917697388 311 789
300639104 734993194 534 194
-132792405 -792697389 1681 -242
680222716 -382006240 1496 -851
-433188751 -50850074 441 578
-252882180 9332919 1706 476
-946516410 861556735 1974 646
976851785 965694077 1552 215
-796018460 -156993963 1373 -148
39309512 143082920 2286 924
989194585 88731816 990 -672
-479474360 -363319708 1683 177
687919184 -777480021 1826 23
434216616 -737777562 2905 973
-126811094 79494560 1114 770
-291051665 979963891 2687 -383
257005712 953516790 579 -631
248574587 -418333522 2108 194
467809131 -470038536 1009 -138
-238867671 998787930 1931 264
-153002209 -983143678 2381 922
43725204 19336891 1050 17
-885239799 -897009271 2639 931
723149100 -871273106 2453 419
-717188610 -370630886 1373 -163
189007120 -334048331 19 500
-123697319 738556078 135 565
-437717661 39578306 1615 -134
69447480 -679798613 1532 -137
782873417 -387341320 1530 -774
-977751740 23470134 1302 612
767639526 42758215 2646 562
992320234 608167373 1829 -732
981359517 -861709226 1141 -413
482665489 9593484 1419 603
-258650765 452092360 1791 565
504001923 282104062 101 736
-821365561 872226427 661 -102
673777135 455685159 2707 37
152333911 -600774177 525 23
-701152811 -289913983 930 -418
212823717 -86749756 150 -34
-554116854 346846225 2906 965
-408179731 857013508 27 -412
-235051051 294768623 25 -647
995594625 316045913 1962 -51
-734592642 -897008433 338 -997
201859387 -772338370 1515 64
-381680764 557877277 2366 357
-439737283 -359167063 636 -601
-190862294 128022344 2667 -630
-804001656 -67399297 565 249
935839568 778724433 684 939
749776560 -189357048 1293 -99
-879802485 319376371 1164 361
-469380534 -123847603 2492 -761
383890032 109860917 63 373
-548446937 4905414 1969 -668
-348212584 484129685 1272 481
538548982 404600383 1911 -84
644215672 487945568 867 944
-375827130 331517634 525 845
-982034401 841149434 274 -93
680307543 -395094114 2859 -87
938054116 -40180440 867 687
60330040 738666993 445 -228
-253971496 398850331 1373 324
-242589367 226082471 1806 -780
-935480033 -18506011 1687 333
162301772 -956681876 933 948
246885805 930837256 2080 646
790406932 -982125155 1865 -164
411750122 -214428324 931 -46
-48055676 82927231 572 -73
-988253815 -536083007 92 68
531481856 363909631 2191 -640
-857474959 503246710 734 411
63745384 30470356 1054 -49
-582387525 -719046393 974 -527
555287666 -360217641 781 147
-56629834 856358858 2299 -940
-616212779 -537910001 2031 -512
-978049087 256111762 1621 -495
-679411014 215626183 599 -629
-743821880 -715507026 1287 -813
-207798753 -183138633 1472 326
-781038809 866722422 2974 573
723568275 536683879 638 957
-391425250 -142065958 2906 17
615494942 448030431 1226 684
-262826176 339786065 1748 508
447693572 -33834938 1181 263
160704861 -32084874 1863 232
757446127 -295891509 1455 746
394545379 852372916 2247 -994
-682913070 -309181802 1890 -985
-269914955 342204223 2146 848
-477949913 344976788 686 -277
987972404 797150006 2494 265
-335872197 937502149 2055 -490
886604508 657474548 2960 50
295411319 -276580157 1855 280
741356976 861533879 2310 -610
355116697 -918841015 734 585
64641517 -104352644 1553 787
606054923 -451948885 2620 -86
805580013 156001374 1963 -594
-538502925 829192136 564 778
-193674738 -530666985 1762 -796
-965443938 -498959226 2505 557
889632260 346967724 2777 -963
878779782 -853155285 2741 -353
-815230477 543093139 92 -336
-87042847 -246120358 1135 400
292456219 -481926081 1234 577
859253418 993321792 2706 488
692485876 953379205 1643 238
-835546985 86992831 1684 99
875637375 -895872975 323 909
-527123712 -321407229 1401 993
106627464 -458221430 1343 -976
489796724 733837402 1229 -656
469975337 -829006873 254 331
438136081 745721426 579 -43
-811482844 -625390171 2862 -832
-539603189 -945112826 84 -280
-483842151 730667104 2331 196
467496641 -549452503 2671 254
724936089 -549903101 855 431
-239570021 456319986 1590 810
-925865371 -695986080 2912 26
-38627982 -570791514 2706 177
-124797514 -933702725 2075 -725
247700482 550038757 2005 822
-378981771 74275490 888 -164
-263738471 519620614 582 -820
-495281327 687166136 1753 54
177008241 -894929455 2553 165
-171220182 876963223 609 -304
333035141 66677719 2184 -221
-766213324 -84495584 621 -356
17323257 -566655738 2738 545
241623059 -718558390 1892 -216
351071528 389524015 2751 -389
530609820 -126682002 762 615
-574880751 917704198 1729 199
-102102477 617613751 1024 185
-171659074 -780387387 2980 860
812017688 -892876714 1409 -985
-336541521 -173806094 1110 257
-90505709 -253917671 2335 70
26962859 -688303930 1323 470
311853276 836514921 1918 589
-778234230 -422436002 554 237
-199566751 751115114 1433 -64
-361459539 -21008065 180 8
954178450 704071221 2534 -153
-839397970 15396271 1780 617
-232439133 -716953098 479 -66
-154857660 808779154 653 -96
530935645 -301595466 2924 295
710853830 856713490 2258 939
967273555 876000382 2914 837
500220242 -595907469 716 -58
869653092 -636966378 2901 273
-645939361 165250492 1997 237
23280228 104657997 1902 -797
-898377043 -108150901 1687 -515
615469519 205087620 955 680
-731275573 -411960593 2279 655
-231855066 101078648 1256 -331
352719777 944096596 1373 -877
363802957 -518535113 1829 685
527070224 -627365641 2681 367
-851741517 -290288262 2600 270
146140646 794834098 1089 268
230563114 -249510073 930 787
643484082 440310193 570 -747
109121202 756809427 553 -628
-743301509 -446525646 867 -802
876002952 -407690426 2719 -231
-303709233 -501629902 590 -772
-523314735 48926744 1423 505
470121376 346923148 737 226
534008069 -543166727 2485 -384
974437097 508413863 373 26
432875055 -515224133 1490 -224
707494007 -554035867 2138 -163
14385062 -146742366 990 -280
-307955886 -821230873 2173 582
-967067719 752374712 2524 -559
138423732 365746066 1778 274
-528759982 -539977222 805 -300
165230028 83759619 1943 394
415583233 130394941 2941 268
-773794035 652276366 2321 23
-557517695 -904955262 1267 850
-611317602 -215163055 1576 -618
47717195 -45455421 1851 563
-950864097 -525836177 1969 -433
-258055641 -428165433 2393 -805
758137313 -863179234 2568 -984
696497084 534196347 1901 189
-968551229 954690596 2393 -155
372242638 -169882018 948 -667
-941200817 431415479 1996 539
54397122 -875048810 1609 -574
-389577575 316521779 570 -503
708721666 -862427500 108 -329
943533986 237416403 1660 -189
-288017709 -245880892 1241 184
899797405 582793304 2829 -999
868703427 -692994073 1517 336
-532148607 -786038898 2596 -511
741320825 -245658501 2695 22
329891079 -641496915 1293 464
-491547935 -124598817 1880 -696
367390435 -260894713 503 48
-731437331 837939351 1600 75
971401686 515841811 1507 -249
-740068440 580243896 311 -697
-613765261 792932166 2789 -510
507237196 -64970139 178 -111
-175325317 367886387 1161 13
-679294941 -335000381 1418 -220
32197436 958395606 1 361
90191604 910479832 2084 874
-532850263 372290073 1531 802
952764432 5806969 2486 -198
-159738199 586138573 2167 -255
550243118 241169037 1100 -622
481654001 627550426 981 623
229016844 -65889939 69 -553
480718749 -575109498 2150 314
-766478086 -295644264 1377 642
-977566554 -52437800 270 460
-714839373 155683337 1542 -573
-158672915 719920600 703 218
-888895633 833975903 2292 -569
443143735 682910739 180 89
-229581515 231454366 1985 -23
932500260 211171223 950 -24
-51257170 337436357 903 -42
227708935 296288244 494 783
980189290 578293114 2479 -23
105045780 -65413206 2706 894
421667552 -263956267 2521 -354
314408363 886196901 2243 556
611869712 -620108685 1248 12
-346640721 732227931 2164 361
-256630698 -27886454 2393 -129
-897994466 653653368 559 -802
754230940 -67113467 265 954
145321695 -831233339 418 617
-823237566 254773567 1123 -604
-352614684 -506188446 1084 -970
537010421 -449488993 2391 -613
885624632 -215466609 1968 734
-313206819 61735125 2613 291
-811471661 -331152201 1303 -251
318977896 835467268 1008 921
-877850267 217527394 2432 7
19924733 -805855113 804 166
-714014605 -135190772 1551 -7
797757999 -735991058 1006 -47
-933301589 16700620 1179 -168
42129764 633188129 1364 375
259177574 -135453820 445 -493
-824426655 -760506264 1232 -803
907358535 961850093 948 -481
499070976 -699643143 2699 -340
-662816387 375699338 1262 -809
-949278685 -764321861 1462 -387
-186894325 70419278 233 -256
-604036128 61243574 293 -498
524908045 -434944158 2747 802
-314427619 655026429 1547 771
-787705925 285493527 1611 -442
602257057 -234884045 443 199
623109218 -55245945 1460 -671
-599268229 -771056335 2111 -118
30904636 86240856 2090 379
-846172519 339704504 637 825
-40536663 -367973044 12 914
941499930 -30813796 14 -360
256245509 -98272885 1561 -266
909001746 160790021 2149 -806
373358387 -933648281 276 -182
-319970687 -545510690 2636 -188
-971502427 -594325267 468 580
-773129650 -461582223 1779 -107
728652593 -805069232 1045 -326
213403643 -335572135 2980 -771
615659811 156916369 408 -237
-741788740 -793456470 2611 848
210910590 856051050 2675 -608
-801356339 -71903167 684 -916
-926064580 -649308991 515 823
861457160 -72689918 1325 -425
780471652 -949147812 1289 964
-967194775 880295363 853 983
-863948025 219968344 154 -971
-265985727 -412402612 2114 115
749493533 286167841 171 -687
-110995980 -273777667 1087 -35
961339598 567252749 2766 -511
22704037 533194270 2470 -482
649754913 755529432 836 485
871296434 -494928459 2284 -128
245453156 901236996 1155 878
597586713 427278117 1733 -877
194648424 -237851159 2482 2
-620332077 93319953 445 -733
-524118649 753282367 2575 -44
661006325 295685668 503 727
-153242593 -678425339 2546 948
409013364 -613193773 820 894
-921830891 -235519466 854 -650
359705036 -720632393 599 426
965323052 853119422 1206 -428
665487349 371134121 2599 582
-750919508 388101643 2620 -270
365133987 241281323 1765 66
-931367833 531212701 1939 464
-458284280 571314367 676 -976
-978745339 -715698620 485 136
398334689 689316036 1016 880
-356683444 482800434 1785 -745
202251421 -278029675 1213 277
-391462465 536061077 935 142
54953441 744843507 1581 -136
-862599634 990234316 2210 874
973859492 -960795775 2547 281
883684295 20556760 720 9
94003357 867518911 2706 83
76459271 -667464203 2715 687
863195768 526283171 2828 -586
-839493258 315575893 2144 -623
-916992852 -104737668 1593 912
502127585 -623702060 2402 125
131521354 -179815559 2613 -911
-10488812 466622686 375 338
-911461162 794103105 48 820
291585138 -291256663 2427 -376
243259484 -340786879 2393 -201
501459138 -522179228 1564 -216
399408521 830584623 844 774
198842845 -278903611 394 -328
-596698031 -639764787 1253 -11
764070924 -440854582 469 -414
228037110 260837703 1131 858
352136444 -361554994 2418 -963
-379663539 913218412 617 439
218603149 388908144 373 -451
423266649 -938914057 2308 368
-406507858 -424587995 1018 834
-635053028 -162926006 930 -647
-457109320 -743280037 935 -972
479082432 -518665558 2142 602
-536320002 435128130 1221 -975
-653417980 16225394 2111 616
-159691001 -912414521 2920 356
923753924 -627163040 1462 -317
641447472 -794280093 913 -334
-248675775 -639283778 2321 -827
-769525510 455198098 2000 -414
848594497 35520088 809 -859
-635343638 -331178015 2757 -328
40540131 -837233684 1023 439
-524328330 16464909 511 892
-521290883 89156614 2970 738
118556819 -693061992 1189 81
-144418852 868377321 958 -951
81485450 -141868747 1135 718
485306212 -129441410 347 -202
-627885621 883143814 664 -82
4301999 263866540 1575 538
-305530031 114966701 2886 879
-762393831 -855129449 1210 319
376815490 595584062 942 799
-572866792 826713323 2751 758
-779392754 817016669 1188 910
-159132860 -877380173 2093 -74
907556203 -376484087 1267 277
-476055424 377863957 2555 -535
-934149521 -673854483 167 55
-367256220 -256192649 554 164
-947425114 226325524 1771 -750
-92504321 369494926 2801 -988
459759513 -625941494 1332 -829
325014465 -246011036 276 -190
901568157 -620849637 2689 50
-923267886 405340488 298 33
-914838990 -940410487 438 782
-38498693 258708456 14 702
-137786939 762880806 1515 312
-20661223 -836266855 2627 -261
896574537 713592798 2422 -11
723438198 -518817218 1535 923
408395714 72157198 1788 -604
-875686549 -939575694 1575 785
-948296624 -914631480 1936 -193
896717456 170646216 1401 922
254805216 266665826 828 -493
986159475 44946193 980 390
339141075 765152525 1647 -934
-271842073 -518480166 165 837
-770740937 -905056736 1885 250
-689989948 317312251 2299 -967
-715631540 916743884 2878 -827
807771072 741830983 442 -833
-377315446 -571390745 1587 848
-401625527 -360653665 943 335
-95882573 482126873 1231 588
-998582200 -748358689 1700 -307
-443904623 -768239134 1060 -453
278766848 -968392743 104 -833
-518415365 -844782610 551 477
-679346391 -159967112 974 611
-727968368 -865378847 360 -388
-778594181 795762224 2346 -282
-976547173 761096607 1266 -412
-314217749 11315516 1788 262
-756419850 42042976 903 -411
634802986 445281612 1054 -823
784204560 -784781432 2314 -535
-949081369 114532366 2685 -954
155890106 -161686992 2980 -840
-280683911 -473431424 2969 127
-449588413 148061451 1266 298
437427086 784751639 1263 652
612555764 -80254128 2375 -10
411318718 -564097125 2005 -507
499838127 464149903 2205 448
-674251420 294603414 1100 -904
673916437 401205521 2420 -153
-765109116 -14073636 836 448
-678829261 -45400408 1620 424
-873096538 -458855553 2302 453
-101970371 -77838232 1060 673
-105409932 -240176925 2417 924
-691653847 262168962 2174 -470
-218166935 -819873666 2149 -391
910524321 882160299 2627 -559
762496425 -208486624 930 -334
359229351 998502041 49 158
-901433381 923999098 769 85
684394954 -863794393 866 -832
-943280328 816284969 421 666
-14877864 705225378 1716 -342
870596247 137570412 746 700
406939137 181063670 540 518
168434957 -307790924 2928 -36
392997959 -458673241 2939 -725
-117102868 150073786 179 529
-690324264 290381332 2711 19
21406209 324920004 2005 619
738540886 80743546 1688 -707
-407658894 -617367331 1119 -412
-874300139 -83250861 1287 428
-926261948 996051794 855 918
993707381 329822585 2447 -205
219028844 -549541837 2657 433
693411158 -127151753 1677 -993
-471309834 245536071 2531 465
888638417 -634912526 210 590
657252323 -601291668 352 -874
945945373 289649722 1359 -956
-300500491 -383508887 2929 180
129047793 -733523202 810 -738
-838189821 -856357320 2730 -791
540334803 413617358 2371 -243
279571777 -477516833 2318 373
-949401860 144375594 2636 -769
490793260 -705190022 1295 -91
-641916553 -495761961 2005 -831
671415377 -276088594 584 -413
283893170 235110597 2934 764
-393051757 399942937 644 -194
-185521243 -614236872 668 636
-719307435 -495593934 1821 -264
926702993 881575662 33 874
-165908500 803758765 2722 -958
206443972 -429100384 2917 -432
-299792156 -875779995 512 305
-493916080 -647201686 1183 -809
-678167208 10977045 332 -514
-454756695 -695686174 1248 -457
281042142 927947425 700 -585
-876217547 -199267407 737 -80
531611357 544127344 2621 -242
-465504938 124235626 1768 846
993983467 735602645 2980 -110
-862428713 768352409 2679 888
534798020 982172374 2368 -467
324010586 -930657409 2250 433
-497070528 954653436 225 -457
219715167 867316216 356 -576
-469005771 611602473 2771 871
68256519 993119218 744 -356
580175515 -145506609 1047 -865
390316553 737456965 1655 -144
91169070 -462466752 1143 -476
429957487 -87082378 274 -233
-380002926 559979072 555 983
-588305162 931587614 2815 -914
69638179 -803774900 112 -252
90981865 494851707 101 611
582327853 780861269 976 -721
3064090 -54097338 2386 -779
428154104 905328466 1015 -161
-243486310 -697104343 589 277
523574890 423037082 817 -97
-889446314 717925237 1783 -438
-97330555 -170731872 1019 -549
-218598317 662180452 927 -471
-619956523 -170789145 2376 180
-592286892 726194654 533 300
-836818041 -50661888 1713 86
-878759072 -203061340 1049 -12
-85946254 808902162 684 560
614851539 -992618902 1308 727
796623742 -541767977 1971 174
535150739 313702861 792 166
-459676196 -468995168 1609 482
471295534 -594782791 2659 494
-598548524 -723461239 1765 14
-741883926 -973591155 1673 464
-895355270 535550539 300 160
804363798 -214432382 500 251
-201652633 -48810970 438 72
422588740 -220298577 1129 -562
-935808106 -326539865 903 -966
-578114133 197878718 2923 728
982256851 -475573888 1877 -781
-525828639 -838745044 1241 -294
-578799152 850929442 1131 -881
-86605110 760129171 1013 505
285865088 25829326 2878 320
119515511 -402960340 82 166
-49778251 -742186973 790 -919
-863284122 887673423 762 -996
-286708834 261404967 1608 -534
-178176195 -965434068 806 878
-947786869 -256597195 1030 -799
978827548 552849737 1729 62
-186529694 -139152430 1044 -652
-148478717 58445356 237 -871
-338593383 -964950071 684 -655
894786881 -911441189 1574 129
594921606 951845439 1384 -731
801174369 574154447 2870 -478
-299786194 -192262955 2846 -568
552881192 -708443234 1193 314
738537541 299571278 1034 423
531138268 -806115111 2747 -464
469195965 -857261736 2045 -352
-619813197 382058076 2828 944
-911558550 734056085 2937 -439
-434332961 719694817 1327 -614
606473288 528510928 1918 -104
724690780 383411202 1638 933
123082750 -536242125 487 986
250912602 -980820383 127 74
-918886769 -518176239 382 -516
621682744 897649376 775 772
-959616225 -565019619 2796 -439
-386111568 865263178 2447 -624
-628045364 -467270976 1746 176
390776705 -997867324 1231 -618
667946769 -544133202 2870 426
212494266 -10845154 1583 -53
-140113087 89550335 624 471
-709325302 -502746555 1352 -331
-914169043 151594707 2301 263
730858668 104756480 1665 689
-338485063 221220881 1897 921
826304405 224376987 1080 98
-305881415 -787474608 1737 201
208396080 51367270 944 -634
562114826 476214001 1984 711
831712057 -934895164 644 -107
-397781601 -241688643 439 -992
141740605 21515095 1534 230
-532835418 38890641 110 830
-612484302 -284356213 2752 -885
-744645829 -65235857 2889 -754
419961378 218571031 626 541
750883465 899984855 2311 686
-575148751 421027251 684 -399
-800013591 10552885 1642 359
665706495 187779995 2962 56
860342614 -33084987 2617 181
-672950094 870761351 1031 -285
817444688 -502375179 2283 655
-322582160 -682114821 2420 -73
639714370 -784740604 1711 -591
-343665780 908777469 343 522
-326266564 641083135 1346 -121
330679999 605347963 684 694
931553701 -136953934 109 977
-661210091 673144574 248 -365
-100293585 845617189 418 -223
492124588 879216164 1905 991
872356730 -625765681 855 -670
73179491 -235419823 1320 -260
-765876280 649227771 332 -604
-980878207 103053592 2310 -689
399977634 680767326 2380 -321
237061790 -959153094 948 -574
33245635 -928859774 362 -900
-740682446 -822919293 1810 -578
-731349363 354796760 86 -987
151472337 -735758066 2815 -288
330707003 761297128 1339 140
-246578105 368961480 1648 -165
-492807864 -866928274 2718 259
-679649903 -754244402 525 717
672538707 153000609 1352 478
-648322711 461244314 180 -752
145597720 -956680165 1551 383
-339271824 527850169 371 936
-726262538 -24112707 2899 810
689988424 434725103 1247 -827
990470434 360445769 12 -218
-496851964 692457793 2969 660
532100582 -517633384 998 -234
186072776 183382226 1433 961
-371590005 471124491 2532 618
-592975847 482247075 2385 368
-712393992 -828082667 2961 591
-928990772 -956346536 909 71
650842352 -259656593 1916 430
-265919356 -732337764 599 296
501435127 685937749 867 605
-473451073 -792316279 2574 525
443873500 84142537 2906 -252
437168931 -164523824 2515 123
-81353159 968798907 674 -925
356906518 -581262145 1932 874
954894557 338489025 2612 220
-212943747 -397338484 43 454
99775875 -497564861 1773 135
190232638 -663931979 677 127
-554475998 792668989 489 112
249051050 -75471459 20 748
-578158200 511987845 2549 323
-620205686 565207142 672 553
75086999 -41147622 288 -93
-649789573 -71074260 1266 -489
777437726 558149646 611 -626
-478418728 -289858985 2108 -957
-280542847 -966608704 103 323
170105883 628396789 863 -532
413911496 862442766 1091 997
916328360 -197362411 2295 770
443136414 -728349265 2633 -706
133305937 708270548 2070 408
-551297894 961072498 2022 -586
-167878012 -328561814 1821 831
309507892 -258167077 1940 728
-37289715 413268485 1643 439
-884190710 -540410604 2536 451
909036269 284694644 2771 -264
-496833965 678421080 104 -720
-167705542 631935170 1502 -32
3711598 795895061 54 316
284618356 -516802090 948 -84
772481676 -330617158 2913 -953
-444195060 357854987 439 -888
215972118 -518415975 950 492
285619862 302151688 1286 219
-699932688 177077374 1420 805
-695822090 -288373696 2508 -996
761069387 -147092740 2113 64
91704874 119442618 951 -131
765172366 -55133007 14 -636
-119550354 558659604 1718 -535
-24249191 -496982718 1768 347
-243853000 -767092961 2267 -118
-977930461 -433767371 213 -398
-161223012 -6928547 492 -712
-572531878 708625887 2020 120
470340674 727015757 224 -114
-401264423 -931414 1678 -723
-308781733 -60505529 2689 -338
930643621 -787363586 1498 650
448162201 -229382181 1008 734
965008553 495466257 338 -706
185992774 -714838130 2546 107
-75385816 -142539147 2521 -820
914110542 -628385514 685 -131
776046251 -695497259 424 -748
989091632 -731541227 2078 -555
-98494084 684618131 2673 -469
60010190 -289459669 2985 -950
986695171 -483552396 2107 -304
-870915251 -239330397 2985 389
-844614774 -2345021 2943 -566
-415082188 140211943 2254 563
754898677 458766121 2308 857
-295481186 -993316874 1423 -11
179321047 301623499 2568 345
-601664747 -248830156 2989 -7
207301703 -410013178 455 -632
-228314917 792275852 40 -776
468057686 -641118327 101 -287
-380757245 444357728 1848 -935
256155414 375486961 210 -645
749024823 -613326236 880 -86
697077210 -28987822 2468 556
-478336576 -330667166 718 821
911074414 616518789 2508 522
-71351864 295066798 1593 283
-604975250 -348841896 2228 351
-856145697 906196883 2022 -13
335315029 339387058 1998 308
829354632 -819161732 1179 -798
984311774 754982040 2980 -382
369075578 -338875834 1517 -268
49935079 157387212 2975 19
943935916 -469129212 2844 -970
-616147814 -135383399 2848 298
-814466699 900306697 42 -23
-174781014 -339861809 2711 -188
519118507 418843308 865 677
36616884 -606581004 2481 -833
375946845 -815889031 1984 -448
-672766072 -668015935 308 376
55362736 -730594688 2355 -600
980595604 941881268 1727 -253
566061226 -148730519 1515 777
-357952523 725614718 2136 -450
21588255 -770940104 1081 895
161898777 -186542994 2752 630
63071203 251660905 2525 -994
-371504394 802279774 2397 -514
155658850 712055834 2636 288
916051729 -276876032 158 50
-10432877 -905963510 2575 -76
436034945 -764003906 839 -967
-532424010 -77043099 1553 177
305180530 859437897 174 -381
799522706 -861254597 86 588
-532445767 -737180876 626 -715
-199048947 -722184336 661 -377
116706098 456125667 934 -351
397643939 351780301 2794 337
-583857714 683814817 848 -707
-492210813 446579015 1749 -879
788885005 -852659031 2707 490
908693891 481155669 1977 299
-726243325 -604379808 1433 -113
-842764997 579089409 1162 0
478883850 161005572 1044 597
-988663335 -549668949 73 787
-622068827 -766232750 1821 73
-924382396 395179641 1185 -117
-133518941 -477113012 2225 -738
321115353 670614804 1803 439
929090946 48962478 1931 265
-152403910 437562529 441 280
-740811673 -820354245 503 -453
955695945 85490496 2247 581
7118904 -243613987 2332 -771
414268524 -102980597 1843 -756
-997538718 156053902 2091 -382
-717562023 -885594052 484 -639
604155113 173406577 805 624
219278311 -947877615 1804 -560
942268759 537808098 150 -988
-58986950 -68076157 2907 -929
-342132475 -551787401 2150 -318
-495427613 912078257 2597 451
-639377433 -625502884 487 -712
656779003 -655345921 1733 122
338278185 -668273857 1773 -632
475981765 880419443 1586 -146
-272267856 59339503 2794 582
496122044 -317323668 2031 -309
-412004324 -735847144 2145 774
-861795167 -517843679 898 985
-244527140 765679451 2975 -562
751142097 -44088320 1517 526
729906906 676404276 898 821
368120515 -126777116 1305 -974
-57265828 44003758 1609 89
96640814 322796904 2878 517
-553661658 -126408251 533 277
128002410 -669127222 2224 691
963907059 800729862 692 567
660630339 -368093730 579 -146
817725366 -523000547 2015 -699
385646221 167149984 1490 10
530154908 -345972619 1700 449
-410577159 -744424641 2158 793
888985877 595574804 446 626
-962552621 538941593 839 -758
-281668009 505756189 765 -847
314863351 470144580 470 76
873976570 -244316869 664 981
-153904237 102287032 2173 -977
186791957 113859747 2907 477
839789111 302230178 68 998
-910846061 676808889 2034 378
374734704 429462748 1346 -928
545674826 194621086 778 529
392748052 620136233 2818 -152
-749579071 975318119 2814 -10
317158226 -760884948 2958 814
-378340177 724516912 533 -435
-590678377 15689577 893 284
-911576351 -405569845 823 907
674602452 -816896885 1308 -422
391065341 111666169 1748 359
226873507 859406633 685 -740
-7008676 -807611620 344 828
-10344255 -355519912 2689 234
-406547261 -70312482 706 -192
-526986699 181877597 257 173
-859916022 615744322 903 -979
282921869 -374688431 400 394
608898968 102300171 1677 -819
-706952177 544318821 237 -545
771261961 561338303 836 -508
-118504350 116521624 2397 999
-620865791 -432235144 206 545
-509709466 676715081 1676 710
44041533 -655618529 2695 -430
507788722 -634862183 684 213
76646055 -632705484 1749 917
354218464 107268829 961 -564
-264812711 240585049 1207 391
612924253 -879375422 2804 366
630207292 -814153712 2929 -928
603097396 574781947 58 -231
766617078 359911586 560 322
-181289042 -672205005 2226 826
-779774554 384404583 1638 497
-991472406 4626739 1924 466
-69319847 -644529687 533 -513
714860133 237552611 1308 732
-400252639 -17839158 377 325
-754309204 -665438392 1636 -405
-827084642 20970910 2838 -807
-982826568 -37411557 1561 366
145412907 -539607237 259 9
439558310 -217494694 2500 -978
-395436669 -701843596 555 -738
-471557551 -152913303 2546 -541
-615912407 -81964031 59 -28
535203793 20833351 1646 620
-343626602 -557022319 7 -153
917587450 308967722 2061 -962
-243753821 904508081 1799 -781
-662168597 626822914 1308 -536
278659663 960068142 1719 -466
-177457622 -765576388 2565 -45
315562767 246088818 1608 -873
-484444476 350301245 342 433
586984525 -814013972 2980 -748
-219041815 781183969 752 639
-633266331 77286359 2921 619
254950222 377709811 505 -297
-885081131 -918778900 1032 -815
474553176 -681222991 2720 -708
818559007 -384969440 1696 -268
834735700 -248626753 2885 -490
-890044055 -38023612 644 444
442555832 -82014815 276 -364
-125934766 179436123 543 -167
-156069210 -30957872 1850 -902
-964128680 -720592849 679 -960
590533653 -317278421 2668 -957
-609713008 325483471 2762 933
733798083 797361040 2990 144
601974218 -497207894 1391 18
-52141664 773683460 2980 -878
-680592524 961812586 457 -558
743238630 393660289 1162 825
626789510 955375840 2200 642
223914496 435522555 2818 292
364916098 -205576734 2298 925
-817101476 -824605569 1185 159
894145649 -17051573 2246 600
509908244 -254435506 573 -849
504057633 434991758 233 221
263067075 13716126 119 -331
-447123956 641062433 1541 590
-879431906 572844993 167 -648
943376028 -637589236 1006 -769
243565324 336457463 1996 417
140604223 -195579357 945 258
787326948 3592275 2926 470
660250976 -97662358 419 910
927931332 123790984 2460 -856
-148341487 281292788 1727 807
565129998 578398051 1275 601
-148262082 -87310433 1623 174
602226065 -859689822 15 -599
464505216 902335149 933 -341
-977854296 744418092 1562 274
89607477 -608481255 907 933
-390547959 -389079312 2900 65
882535005 -653892005 2377 553
-904873125 -771988022 2870 4
57205161 355093397 104 -879
844637177 -871939192 1788 -693
672467863 857062433 865 -844
-16882861 -983336603 1114 955
866741606 -405380021 119 732
-364231701 787240802 762 165
410147571 194261655 453 220
-595858572 -228681306 2119 -916
-292519953 -479591094 1373 348
-847426028 -248121411 1028 -741
-288374522 971787387 1156 -855
287964104 -436974728 582 -171
-622696906 -40793802 2900 183
-452034920 584834065 6 -18
-396017668 -913585455 864 452
630371497 748203045 1243 -178
-673959676 431775822 2164 -819
696481127 -438165660 1744 248
-688707528 -836801910 1462 -358
-229011399 994401320 2348 474
251314224 -729891790 2567 695
115768118 -736791223 2440 -549
394838799 -477325970 1409 -753
868280211 -279767113 1601 888
-985053500 -400424018 2590 642
690767602 423003263 1867 813
-895578654 360723461 545 176
299992575 -513525854 2221 86
235561676 854442735 2035 548
-526351432 468705981 1988 124
-432958145 -915815030 2428 -406
-441311906 -209471760 2218 996
-328224771 -899414763 2438 -245
809687237 155826565 572 445
161538382 166716301 89 -257
324083526 371763352 1773 -335
-329881567 -615510763 309 44
-506346666 -10937965 1116 109
801948988 200688649 1084 -845
672820234 -240742169 485 945
-984636588 -395390601 1147 383
272647353 59977389 2636 300
384711088 -943709930 936 -978
-94716544 32882495 2852 203
-454832987 111164878 2558 -960
838367208 8546722 783 -154
396768914 801767370 2689 -156
903266724 261357680 455 -168
836348086 -399452487 2912 653
599944486 524390090 2228 -675
-418856634 486629681 2371 70
350124006 -255401325 2370 200
701030068 935740323 1048 388
-848055283 -321396023 1868 -977
100884635 670594925 2849 462
-93356546 -584972466 1308 508
78503843 -684081088 2639 -792
-350606416 -298704649 2886 200
337787530 781166690 2938 -940
992989713 453406805 1903 278
638865466 -807499438 197 -537
-828627960 -643003041 2222 934
888114302 -801208763 1000 -561
639552700 822697307 1081 -158
886491211 -883398155 299 896
-765496506 -64288312 1465 686
422874976 550924649 2402 62
900699070 278415033 1588 -562
624832966 -938715492 2266 -796
159332946 620665413 2960 312
-740820351 908899525 2358 199
-247039427 280110144 1044 -440
884582458 873860217 215 -696
910276767 172421130 2030 -571
-619951394 -922533805 2620 -316
-540000895 -228818365 1679 993
-961883336 -255475581 82 -999
750285509 202590005 1561 232
-129719224 -610495320 1618 -355
-846936051 -230713412 1082 -36
-452611449 468705528 902 91
567894536 -216316389 1387 -811
-177702687 15919111 109 771
-800389558 364495072 2709 937
-124345086 -942860035 615 514
-241334515 -275273902 479 364
-439980514 -846047751 1586 815
-615495713 692445828 1631 905
-610448431 -637543342 626 -320
-188524492 -1492239 1306 -977
-145057477 870421929 573 -489
-576047948 -556372856 2999 -609
610607497 292198364 2099 -191
-962429427 -49213119 1876 975
-148941820 913756294 511 -810
-46964586 -990045865 1829 -315
892106742 -479351922 2216 569
-398744962 252517529 2496 -197
-845992467 -362368341 54 -85
-268218704 244541105 1586 -661
174521160 355115005 2432 -288
-392306844 -296932258 2574 -350
-135891879 480682853 2253 805
868341361 -480251870 1700 344
-321991523 -883479825 50 685
936650648 806662894 1551 -13
208889609 153101798 418 660
162035458 796984076 1779 335
297505164 209746656 2570 -289
830641503 349269620 2962 -891
-420099495 -31078618 654 -282
11269901 9629854 500 -896
-405538680 717661112 206 -536
-36639269 -375030918 2279 -24
-861134616 -894573122 2605 422
-515829999 697542471 1677 -212
-556572903 -844402575 2715 614
-681882480 -729615240 1561 173
404430664 -38220945 692 -729
-482561685 918451936 1752 286
-534876000 669400613 1878 -326
884043510 -103448868 330 -112
-984843148 -820319714 455 -99
-188716063 62964576 1563 671
-151996050 -62327046 2747 136
18422040 -444209270 2311 -578
975961537 720819910 1541 -771
-98738418 939370015 1448 -918
168125471 -333654305 2305 218
818319593 -786927624 1088 -942
964163237 718152228 380 469
648251819 32526723 926 375
-853454820 707124500 1175 -599
574033833 -909003116 86 633
-330975378 476824265 2478 217
237098678 132853851 1272 425
251031455 367302165 1587 -277
-63065012 -29701333 2960 939
533965200 771798546 781 617
757223493 29013611 2490 -70
36153779 -844992125 1769 847
-572418688 679052363 2061 -36
-59156904 111782170 1609 713
966202842 -21748861 2144 -195
-380373353 -555326835 1534 737
-543936384 267566938 1783 -679
852857332 -983954006 2688 492
913762289 527508429 934 725
142770822 769811719 455 480
-929262549 -368174453 2494 849
-877042785 -885735018 2970 -223
151481509 959084632 780 19
137433665 -792225737 2204 961
732987955 795583856 1327 -537
-728772542 535608842 796 145
-948650947 198274342 619 -301
254513500 942215201 27 958
-596487919 -357491284 1079 -81
981947073 55870310 2292 318
-111458526 607827860 2331 -818
-98368699 670679230 389 853
852515055 506850270 487 -491
334474510 501630773 1738 41
1 618 -608
1 463 -822
2 2581
2 500
2 984
1 1018 374
2 610
2 1865
1 736 -86
2 1875
1 1608 -527
2 653
1 2278 -583
1 1082 -524
2 1784
1 540 646
2 2582
2 513
1 815 564
2 2418
2 1807
1 49 618
2 2024
1 2835 -235
2 1229
1 1929 -590
2 2247
2 1641
2 2529
2 2160
2 2593
1 2205 159
1 390 -171
1 1625 135
2 2513
2 1498
2 114
2 1547
2 117
2 954
1 1203 601
2 1003
2 2137
2 2155
1 2925 715
1 946 413
1 996 835
1 1138 222
1 1851 10
2 2447
1 988 -903
2 1902
2 2474
1 331 381
1 1627 754
1 1570 -877
2 2590
1 1409 -898
1 1813 800
2 154
1 2272 855
2 1470
2 1675
2 539
2 1490
1 1800 -467
2 1140
1 2648 -785
1 2979 -916
2 2444
2 1079
2 2805
1 2625 -457
1 224 -558
2 2392
1 1094 32
2 2823
1 453 -445
2 558
2 1457
2 700
1 1378 442
1 1190 565
2 504
2 583
2 1455
2 1388
2 1283
2 1758
2 2607
2 1154
1 633 -845
2 279
1 250 850
2 1143
2 1748
2 70
2 2245
1 1244 -507
1 2209 -294
2 427
2 1023
1 237 -389
2 2876
2 1836
1 2610 -758
1 2717 -796
1 1858 -142
2 871
2 2400
1 1517 -637
2 980
2 2279
1 1511 -570
2 1050
1 2654 -992
2 366
1 2715 -970
1 2158 -771
1 2089 284
2 2310
1 960 -248
2 682
2 1584
2 678
1 1653 -479
2 1031
2 430
2 903
2 2865
1 537 797
1 1128 848
1 106 -885
1 2202 -700
1 2399 498
1 873 -935
1 2426 -116
2 2137
2 2896
1 1010 -328
1 2788 -542
1 749 855
2 1647
2 285
1 207 164
1 2358 -362
1 2540 -125
2 2848
2 96
2 193
1 1123 -864
1 498 763
2 1196
1 14 -472
1 1104 -554
1 286 839
2 2459
1 1499 992
2 1584
2 1423
1 460 644
1 2954 40
1 2190 907
1 2815 -666
1 1166 -786
2 77
2 1924
1 2764 549
2 2968
2 1625
1 2527 199
1 593 303
2 1415
2 2361
1 1989 -666
2 2617
2 537
2 2279
2 513
1 100 -936
2 2671
1 1662 19
2 2802
1 114 -362
2 184
2 1456
1 1424 756
1 1203 578
1 1332 -411
2 1294
2 1444
2 2504
1 900 808
2 2940
2 959
2 1267
1 2301 141
1 1115 437
1 1093 128
1 2019 412
1 369 -400
2 72
1 443 57
2 824
1 1772 664
2 683
2 2893
2 1743
2 2801
2 2524
2 1462
2 813
2 937
2 157
2 1815
1 2318 36
2 1273
1 2687 11
1 1818 943
2 1482
2 2489
1 238 788
2 1729
1 115 -35
2 2728
2 1437
1 1646 463
1 1129 964
1 888 -131
1 2446 363
1 1607 -601
1 2321 743
1 125 -139
1 1830 739
1 2504 -911
2 1354
2 1077
2 129
1 1218 179
1 2676 179
2 1053
1 160 129
1 207 -867
1 2386 615
2 2751
1 1344 458
1 187 589
2 1936
2 2758
1 1326 -228
1 1339 674
1 2749 -737
1 716 -148
1 1657 33
2 1060
1 2405 772
1 1453 -848
2 1363
1 2285 -483
1 583 -380
2 2741
2 1739
1 490 -903
1 1611 752
2 206
1 2208 -613
2 1619
2 958
1 147 -270
2 426
2 2107
2 1388
1 1374 -609
1 1544 221
1 2372 82
1 1708 317
2 1596
1 540 92
1 911 142
1 448 -966
2 1018
1 1718 -529
1 617 -386
1 259 238
2 1276
2 2487
1 716 -785
1 1569 -91
2 387
2 329
1 1729 337
2 1369
2 17
1 2751 145
2 347
1 2487 546
1 2256 664
1 645 -369
2 2831
1 884 361
2 710
2 2493
2 1287
2 2787
1 180 328
2 1112
1 1175 -954
2 1345
2 1228
2 225
2 946
2 2683
1 1205 -503
1 1602 -140
1 878 892
2 1517
1 1123 727
1 848 585
1 349 -478
2 2620
1 1045 -393
2 151
1 431 540
1 2406 -953
2 2561
1 5 208
1 2372 547
2 1263
1 1895 164
1 943 282
1 2128 625
1 1281 501
2 2905
1 2581 536
2 1825
1 2138 840
2 2924
2 1110
2 2042
1 2766 852
2 378
2 1031
2 1404
2 1361
1 249 310
2 2657
2 1230
1 2688 -487
1 1342 526
2 1888
2 525
2 2554
2 1406
1 1401 850
2 224
1 392 7
1 376 220
1 2143 331
2 2024
1 416 -517
1 11 972
2 220
1 2747 -848
2 243
2 1127
1 1716 895
2 1267
1 1908 -583
2 2693
1 2417 74
2 878
1 2487 843
2 2986
1 2089 904
1 59 889
2 7
2 483
2 2043
1 499 -633
2 2918
1 841 -39
1 921 -458
1 1651 -339
1 711 -221
2 2349
2 2507
1 2140 534
1 2473 -823
2 238
2 2115
1 1138 353
1 2479 -687
2 254
2 718
1 1357 -508
1 1331 -228
2 1648
1 322 -211
1 1324 996
1 21 -904
2 1998
1 1088 -964
1 577 -573
1 1967 -612
2 2530
1 520 197
1 1826 -520
1 860 969
2 2133
2 1297
2 2185
2 199
2 1871
1 1472 23
2 2887
2 1924
2 1591
1 2438 848
1 2172 -192
2 1574
2 1385
1 2883 -857
1 159 974
1 2237 24
1 2656 -97
1 901 742
2 610
1 2444 -712
2 1471
2 2016
2 1007
1 347 -718
1 135 529
1 1230 520
1 197 408
2 210
1 1122 371
1 723 -584
1 1194 -102
2 1126
1 1921 420
1 255 389
2 665
1 2186 724
2 2507
2 2001
1 644 273
2 1349
1 1396 114
1 213 908
1 462 690
1 1275 -347
1 846 -733
1 279 910
2 975
2 2184
1 269 -900
2 2616
2 2340
2 1974
1 2691 623
1 1717 -782
1 2464 596
1 1275 -3
1 2529 243
1 634 -644
2 69
2 1723
2 1471
1 1561 958
2 2864
2 221
2 2985
1 321 -244
2 795
2 834
1 1005 692
1 982 488
1 2132 707
1 606 469
1 2389 -598
2 2314
2 247
1 1607 338
2 2993
1 2093 116
1 2951 529
1 1738 -938
2 1246
2 1613
2 802
2 742
2 1771
1 2156 -816
2 1948
1 2924 409
1 18 230
1 901 82
1 1384 -680
2 2594
2 2706
1 1624 32
1 1668 863
2 1144
1 2365 -306
1 2474 335
1 2320 -487
1 1011 601
1 344 745
2 2237
2 1937
1 2595 592
1 2117 474
2 2146
2 1589
1 808 -5
1 639 216
1 2206 -264
1 2950 -398
1 2757 -235
1 1058 204
2 2786
1 2975 -457
1 2215 603
1 1995 -990
2 1086
2 1171
1 998 902
2 2233
1 1728 952
1 616 -391
2 326
2 22
1 33 -130
1 2645 37
1 959 820
1 1312 -362
1 1835 691
1 1177 797
2 593
2 908
1 1040 512
1 1150 746
2 2957
1 1549 -619
2 307
2 1951
2 1968
2 539
1 2073 -610
2 1073
1 1723 991
1 376 -132
2 2382
2 595
1 186 -868
2 1526
2 2626
1 1712 601
2 2290
1 608 -491
2 2829
1 677 274
2 2732
1 1769 310
1 556 -641
1 84 45
2 668
1 1271 -859
1 189 770
1 2099 -761
1 793 -732
2 1146
1 1712 -590
1 2019 386
1 954 164
1 1033 -435
2 1984
1 313 293
2 452
2 914
1 339 36
1 2405 -110
1 1175 -973
1 2174 -333
2 1533
2 2619
1 1585 952
2 535
1 472 -278
1 725 359
2 105
1 2721 -870
2 1090
1 492 534
1 1168 -646
1 956 897
1 2594 12
1 913 -485
1 982 643
1 2831 167
2 441
2 196
1 879 722
2 941
1 1629 -229
1 2972 -132
2 2522
2 1673
1 2779 -988
1 66 -523
1 1053 -56
1 378 -747
1 1787 -39
2 318
1 596 844
1 1432 243
2 2689
2 1113
1 2065 -446
1 136 296
2 988
1 652 -237
1 2882 213
2 2138
1 1622 -819
1 2114 52
1 370 -773
2 1560
2 402
2 1223
1 917 -397
2 2574
1 1412 160
2 2859
2 810
2 1299
2 481
1 835 98
1 2889 -206
2 589
2 2808
1 2866 -422
2 2001
2 2791
1 1955 -331
1 2596 731
1 641 -284
2 964
1 4 -419
2 2958
2 1956
2 1646
1 2063 824
1 1198 664
1 827 -196
2 1977
1 1462 -367
1 35 -135
2 2969
1 174 -96
1 1845 -931
2 2320
2 1170
1 2680 274
2 2036
2 1286
1 2653 -896
2 212
1 2918 -229
2 2575
2 993
2 234
2 440
2 895
1 170 704
1 1948 326
1 2444 173
1 1857 71
1 859 -327
1 1351 -988
2 321
1 2869 774
1 161 111
1 2839 -83
2 357
2 76
1 55 -388
2 2760
2 436
2 2881
1 136 -244
1 1271 155
2 1016
1 1521 -969
2 794
2 923
2 2359
2 2292
1 2215 -377
2 2633
1 1106 374
2 1009
2 1940
2 2467
1 2816 -959
2 2770
1 1681 749
1 2163 236
2 2044
1 2625 -331
1 1300 -590
1 1255 -370
2 2987
2 1721
2 1406
2 1891
2 1553
1 1632 -67
1 2803 -241
2 2275
1 2655 939
1 2576 151
1 2104 -733
2 1135
1 1507 117
2 2161
1 2145 760
2 936
2 1956
1 2175 941
1 1781 -321
1 309 322
2 1423
1 1609 77
1 309 -662
1 872 -668
1 2635 602
1 1249 -733
2 1582
2 632
1 2213 -348
2 2751
1 590 65
1 224 13
2 437
1 2767 123
2 2504
2 1065
2 224
1 1575 -272
2 1646
1 1369 -25
2 315
2 195
2 1406
2 2598
1 937 -961
2 2635
2 774
1 2214 626
1 1755 523
2 478
2 1292
1 1999 -182
1 629 64
1 2384 686
2 2487
1 1580 937
1 1447 -342
2 1256
2 2277
2 1060
2 465
1 358 -186
2 1877
2 1724
2 1221
2 2964
1 186 258
1 100 993
2 1834
2 2729
2 2963
1 2868 -687
1 1342 -829
1 2725 844
1 1185 -589
2 2744
2 829
1 584 868
2 1518
1 2860 -718
1 1580 635
2 2667
2 1660
2 2993
2 927
1 140 300
2 2564
2 1861
2 2669
1 1893 -625
2 1170
1 2155 518
1 1461 -68
2 2373
2 2979
2 2935
2 600
1 2549 863
2 408
2 2078
1 1276 -251
2 482
1 1235 -199
2 1120
1 2858 380
1 1014 422
1 475 217
1 2802 173
2 1937
2 550
2 1945
2 2700
1 1973 -997
1 2647 -951
1 168 -180
1 153 735
1 633 181
2 2468
1 1787 -591
1 1165 507
2 1492
1 464 145
1 773 71
1 1472 -945
1 1493 -559
2 1114
1 2591 -2
1 2485 -668
2 1253
2 687
2 2791
1 47 718
1 711 -680
1 2466 951
2 1485
1 2240 70
1 75 590
1 1884 30
2 1437
1 1845 -895
1 2760 687
1 617 -565
2 555
2 740
2 2187
1 221 -303
1 1245 130
1 1127 72
1 651 570
2 1376
1 170 -643
1 328 -419
1 2362 -71
2 998
1 2675 736
1 2615 850
2 2882
2 2128
1 1546 496
1 1121 -220
2 1442
2 1627
2 497
2 2186
2 2652
2 1836
2 2529
1 529 480
1 1786 -52
1 909 462
1 2050 -391
2 2158
1 1749 -281
2 910
1 2337 414
2 37
1 297 809
1 2035 482
1 2928 619
1 2873 347
1 2726 -693
1 2038 853
2 1977
1 1688 235
1 2770 -641
2 1938
2 930
2 2480
1 2834 -930
1 2772 62
2 1931
2 1508
1 430 735
2 772
2 2961
2 444
1 1281 -117
2 2282
2 322
1 2343 -375
2 1361
2 241
2 1320
2 580
2 1770
1 245 -689
2 1660
2 60
2 1352
1 1999 -451
1 1233 -572
1 1654 82
1 1251 -564
1 533 585
1 1520 386
2 2932
2 1893
2 2853
2 1585
1 1185 650
2 2493
2 1325
2 615
1 1788 927
1 212 628
1 1576 131
2 1705
2 2188
1 2320 -632
1 757 174
2 2516
2 2046
2 2728
1 1736 155
2 1911
2 1595
2 2363
1 1025 -19
1 1506 -698
1 2723 600
2 2360
2 2281
2 2797
2 1024
2 1633
1 1501 -980
1 137 309
2 1693
2 81
2 2309
2 992
2 2229
2 1777
1 847 -102
2 589
2 355
1 2495 273
2 620
1 2334 -405
2 1217
2 896
2 2067
2 1261
1 1162 560
2 1442
2 1959
1 97 -223
2 2497
1 1209 -809
2 2227
1 2945 -535
1 1486 709
1 1576 606
2 2587
1 813 -63
2 1676
1 1505 -776
2 2387
2 608
2 375
2 292
1 1784 -45
1 1434 -750
1 668 -920
2 2253
1 2572 -39
2 1174
