200 1000
-626290976 -504492093 120 -964
-361159038 124116569 110 682
178941524 -950677318 109 -597
481371056 -250020766 108 -391
615221570 -880045505 86 46
273533200 864775303 159 506
-349936973 439159703 3 -587
652395474 926626512 31 798
-866499992 -829521967 107 657
102493524 522233660 187 571
-303715712 398609097 55 -86
-108554258 -973181257 151 -554
438270373 -476536113 1 -538
848661092 -810603389 132 -599
-336177305 333721187 153 -886
405325813 564448795 56 -372
-254250449 -665272973 67 -924
765753802 -639876627 152 659
-6828213 854228789 37 494
594285334 468073115 164 -475
651057943 -572915047 85 -772
-189250979 667133015 37 162
-814613050 -934004960 162 -881
942951925 -911414389 178 157
-34266054 722869885 16 -77
489657655 -533930324 161 -896
-856712565 36791134 62 834
558414143 -302198109 75 -240
499826789 712504187 63 872
718788865 866817148 61 -492
781429498 837949509 143 758
-79241658 -21463819 156 236
504538253 -435454965 22 968
-335528766 -347232991 3 -196
233325608 871179053 188 706
433959586 268803631 157 77
-184510844 893787299 1 -881
-327174190 -257984841 180 -541
-733844397 44248316 142 -305
-64872258 413237145 16 18
781839555 77177717 125 215
-683197453 438882869 156 103
-929633693 -499410533 132 121
239285997 -434126666 122 -200
429144570 -616664975 158 280
159752718 -806404953 154 528
-754312346 -653087659 129 597
960200846 383856730 20 631
796359031 788050043 167 -968
404812913 831160373 44 -184
-646854330 -108344212 54 -975
277102547 -727276947 36 -664
-664489454 -843572519 48 -809
-295126093 912154636 137 -345
-165290609 868229268 25 64
-160710061 -129602719 195 -848
-278044085 664445536 20 -516
-338477009 -622002821 41 878
815332467 621082554 75 162
-428439594 771359659 40 526
-812571705 -55978583 179 925
878087222 30784753 195 870
-331303711 26286090 167 744
-855037235 -364173938 112 -261
223636606 -531337013 178 -682
268561006 -623122140 157 3
392474058 844352898 129 268
-140991611 -214811645 198 -810
-322004001 830296535 109 -421
312983444 -970766809 82 -659
-519083119 -774051381 191 -598
-691014393 -756417648 143 406
-469655454 -267217067 10 842
-150984773 775441107 54 -644
-455465723 -288267567 109 888
773716243 997207008 193 -806
-246315243 157974800 173 -393
-185119184 593460760 142 93
275995354 -230772608 148 -908
-885863332 -728112811 122 199
-106867798 -312485962 27 140
522398970 -392430450 89 669
-956021328 909370472 98 500
809236220 -11142618 75 -856
202364421 650236168 122 -227
97439817 -559697849 195 -282
657227553 -983297304 16 -631
644266476 523618162 46 -604
-405028749 -980054604 32 230
-573627827 -575910452 109 -473
-815893647 -553299052 42 869
594659190 -807933952 3 -50
542725224 686552170 144 -153
264561977 858297512 15 655
-226408861 103560204 18 -63
-349204608 796812261 148 -367
288227662 768289998 49 -703
369804999 -603123763 200 -153
-361479498 721328912 90 417
848981591 -988338522 195 -212
728548881 -800001267 126 -4
141213715 798094042 118 -363
-912540487 -780624668 92 -451
207238262 -653191642 29 -368
-27950738 145977795 64 -532
620575764 774652681 139 901
223106131 -920600015 90 5
-177828695 295900673 3 434
-288884718 -357612864 0 -430
-483700602 -260584502 59 588
-927525588 935218646 200 191
124034872 256242170 6 622
-27625460 60136840 184 -825
-789956508 94164659 132 -38
661106839 -304299879 33 430
420875226 -704460783 91 972
718341163 880664063 118 -34
840632944 147201544 103 291
-573589836 292101481 38 -559
-245400675 731115782 159 729
380948035 -725961045 185 702
-61971990 -977530926 86 -508
765448390 -512696346 32 -132
232012478 28391790 84 912
-249226474 -246027624 6 230
324478222 447665241 43 -268
91489681 -173678380 110 45
-952136923 -727076331 189 39
-597890468 962518875 56 848
338483056 157751700 132 -224
-744485719 -171966760 132 447
523018084 -984945901 3 68
-340932659 -465584545 89 -290
671852109 866114037 46 431
-614517104 693378754 98 -116
408767233 354425576 28 945
-608846475 -59661232 56 853
-807199203 16363306 151 90
683619875 732328866 54 -581
-562085386 -720407900 134 -911
711130307 -956548700 164 639
191499683 96721410 143 154
-867780826 -981358263 195 22
-37980131 -679142705 157 413
472014656 -287185094 75 -107
-964918711 -367558073 76 -756
-588273965 -464671338 19 848
583226384 -349066465 22 -391
600549574 741674618 180 -265
546123709 885121460 187 -462
-853429742 283239181 92 -175
499071739 -138358908 142 -334
22254979 630497022 158 617
102484253 -401366935 18 -124
965910184 265754960 147 -808
329921258 -982923345 90 613
645714715 -743150357 167 534
596305375 -194989546 131 -68
-719659543 -581930853 3 -905
-32299970 805886701 103 -400
624798179 37981229 51 244
-774408052 -936261739 173 -777
-361988743 310762897 179 391
-271274751 663515575 43 938
453288499 914480984 91 -348
-984736479 -213833839 18 -735
275679202 788733501 159 580
884352730 -156293043 166 148
-619649320 -159185432 86 595
620917970 112395106 186 474
-262070998 504422342 118 514
296971389 341643711 112 847
-683779841 -474860770 75 915
178267149 678321508 80 -170
-335523347 846229039 12 149
762395343 923806336 8 -930
-946638072 -183003982 112 567
307131168 228725146 3 967
461658523 645803331 137 387
-85367293 300284404 195 377
480466255 295279946 104 398
887598671 447438974 28 -991
-577244687 410716913 50 -532
-279188117 981395552 22 675
-242192712 -677877983 86 753
631010806 -502453069 72 684
187207106 221849940 195 795
-148848843 395013051 95 -854
-97854934 186559931 29 10
-623085385 -233508557 143 10
-774153833 459053617 178 -979
-390559955 -391465285 98 933
-474047915 -171922606 142 -96
650221065 -644497657 109 -2
182604670 674812396 75 756
-142345565 961852356 102 889
-354564300 109840096 22 667
330967467 827760337 45 798
535576592 -261962847 46 593
610918464 -425587878 14 951
2 79
2 3
2 130
2 28
1 146 -692
1 77 -470
2 163
2 153
1 15 -232
2 6
2 83
1 85 -702
1 162 -970
1 84 -765
1 127 -155
1 125 839
2 70
1 160 384
2 40
2 119
2 89
1 93 187
1 149 -470
1 88 922
1 87 -675
2 121
2 123
2 110
2 51
1 73 812
2 195
1 142 651
1 61 -611
1 197 -302
2 110
1 28 -255
1 87 -22
2 111
2 38
2 62
2 61
1 31 593
2 101
2 193
2 69
2 32
1 168 0
2 100
1 63 -411
2 156
2 198
2 190
1 34 -753
2 165
1 139 581
1 183 16
1 190 966
1 54 538
1 94 696
2 175
1 75 -607
1 77 -609
1 119 -628
2 58
1 188 -747
2 7
2 57
2 198
2 8
2 119
2 28
2 142
1 51 325
2 174
2 198
1 8 -880
2 1
1 180 -447
1 23 357
1 148 -617
2 163
2 21
1 125 -706
2 97
2 101
1 94 -306
2 130
2 133
1 124 -802
1 91 -350
2 49
2 51
2 156
1 200 -118
1 31 793
2 153
1 119 -311
1 189 -33
1 83 -278
1 151 705
1 9 481
2 152
2 131
2 91
1 79 455
2 82
1 32 674
2 162
1 49 -802
2 91
2 154
1 41 -852
2 120
2 141
2 72
2 64
1 30 -498
1 136 -567
2 91
1 30 250
2 57
1 169 -343
2 7
1 150 616
1 149 667
1 20 585
1 64 -720
1 112 -181
2 141
2 141
2 24
2 78
1 44 -311
2 57
2 124
2 81
1 146 456
2 153
2 178
2 168
2 95
1 47 415
1 95 487
2 157
1 29 227
2 20
1 31 784
1 29 874
2 125
1 101 406
2 108
2 99
1 175 255
2 171
1 189 -353
1 58 -497
1 126 -795
2 38
2 45
1 126 620
1 92 -395
1 108 364
1 154 607
1 164 711
1 60 649
1 155 -829
2 160
2 187
1 18 449
2 53
2 153
1 110 548
2 143
1 143 -796
1 5 782
2 64
1 174 -974
1 11 -1000
2 61
1 146 279
1 109 787
1 196 -635
1 98 -886
2 175
2 47
1 149 809
2 145
1 166 334
1 46 31
1 177 280
2 165
1 97 -452
2 10
1 128 455
1 146 836
1 58 -565
1 60 704
2 14
2 121
2 200
1 168 929
2 116
1 117 -896
1 47 960
2 53
1 160 -696
2 94
2 39
1 150 -854
1 3 -243
2 122
1 174 -288
1 40 355
2 73
1 9 -130
2 107
2 161
2 163
2 148
1 58 -697
2 104
2 178
1 33 959
1 2 -558
2 142
2 106
1 65 363
2 15
2 59
2 26
2 133
1 154 548
2 181
1 42 -830
2 117
2 9
2 46
2 63
2 184
2 26
2 18
1 145 -705
2 95
2 158
2 142
1 46 804
1 21 89
1 193 43
1 29 297
1 1 237
2 124
1 17 -753
2 64
2 17
1 102 593
2 26
2 128
2 103
1 44 250
2 191
1 57 -761
2 17
1 171 815
1 35 250
2 155
1 1 860
2 27
2 182
2 176
2 149
2 70
2 122
1 164 264
1 99 -710
1 76 -798
2 164
2 47
1 24 938
2 128
2 28
1 194 -512
1 51 -661
1 106 489
2 15
2 103
2 115
2 123
2 118
2 187
1 163 -639
1 180 -586
2 107
1 3 702
2 36
2 200
1 7 615
1 178 -835
1 76 -151
1 170 268
1 114 -63
2 32
1 45 -79
1 126 279
1 20 175
1 48 -134
1 86 -794
2 135
2 79
2 51
2 38
1 149 -687
2 133
2 15
2 42
2 42
1 69 -8
1 104 -834
1 106 -747
2 177
2 191
1 98 -377
1 3 -181
2 166
1 103 -680
1 112 -176
1 17 611
1 56 -435
1 86 -925
1 94 -992
2 162
2 39
1 154 -568
2 22
2 23
1 185 -554
2 31
2 131
2 198
1 5 -379
1 123 156
2 68
2 136
1 173 124
2 31
2 64
1 135 373
1 189 -180
2 44
1 146 -302
1 40 -906
2 166
2 71
2 115
1 147 -310
2 8
2 196
1 49 -225
2 105
2 166
2 138
1 176 -233
2 193
2 180
2 32
1 72 -352
2 70
2 182
1 145 960
2 123
2 66
2 71
2 148
2 140
1 161 851
2 137
1 182 150
1 23 681
2 127
1 158 -419
2 38
2 167
2 149
2 81
1 191 292
2 165
1 29 -514
2 89
2 140
1 39 -202
2 109
1 27 -110
2 180
1 188 223
2 32
1 90 662
1 174 -57
2 156
1 113 672
2 58
2 157
2 9
2 37
1 29 -755
1 65 -211
1 87 726
1 70 594
2 26
1 173 -342
2 88
2 179
1 186 -852
2 145
2 1
1 67 -503
1 160 -206
1 142 299
1 22 866
2 152
2 14
2 177
2 64
1 80 -948
1 200 742
2 58
2 148
2 100
2 142
1 38 930
2 195
1 152 970
2 78
2 61
1 55 -420
2 64
2 162
2 124
1 58 -123
2 90
1 102 78
2 105
1 4 -98
2 7
2 107
1 52 -692
2 96
1 2 -587
2 199
2 11
2 115
2 191
2 176
1 184 -415
2 23
2 88
2 116
1 167 426
1 97 -105
1 12 577
1 10 -587
1 143 262
1 187 291
1 88 256
2 65
1 171 930
1 120 506
1 153 -270
1 139 -251
2 109
1 20 -451
2 167
1 3 -985
2 179
1 198 584
2 89
2 177
1 101 -764
2 17
1 106 -746
2 140
1 82 70
1 123 -465
1 191 665
1 65 202
1 17 87
2 90
1 3 -341
1 173 960
1 54 -755
2 50
1 27 -641
2 195
2 20
1 70 -66
2 18
2 36
1 10 -487
2 19
1 103 -155
2 89
2 199
1 117 227
1 120 317
2 9
2 25
1 89 184
1 131 234
1 103 390
2 166
1 25 -274
2 97
1 69 -682
1 192 336
1 97 860
2 53
1 142 655
1 182 -572
2 170
1 112 466
2 156
2 29
1 109 616
2 192
2 34
2 151
1 106 -471
2 139
1 42 664
2 144
1 131 192
2 181
2 63
2 7
1 180 417
1 198 885
1 28 -271
2 158
1 93 -157
1 171 362
2 197
1 90 994
2 109
2 112
2 158
1 80 970
1 115 422
2 99
2 150
1 179 174
2 161
1 97 -51
1 114 575
1 31 -31
2 141
2 46
1 97 330
1 47 -851
1 154 -343
1 80 387
1 156 -538
2 85
1 99 -506
2 34
2 137
1 158 191
1 21 -559
2 192
2 82
1 21 -108
2 62
1 64 97
2 70
1 194 -9
1 171 -658
1 113 -850
2 54
2 19
1 60 -539
1 116 182
1 71 -990
2 106
2 155
1 119 119
2 45
2 19
1 39 -351
1 14 50
1 132 -106
1 77 912
2 92
2 36
1 136 -471
1 148 480
2 10
1 140 109
2 65
1 194 501
1 192 704
1 190 -334
2 73
2 144
2 90
1 21 693
1 166 -788
2 91
2 4
2 17
1 82 917
2 157
1 4 443
1 139 -347
2 5
2 28
2 170
1 9 529
1 80 255
2 99
1 32 -764
1 1 828
2 165
2 106
2 71
2 92
2 95
2 55
2 24
1 62 -736
2 182
1 179 -676
2 52
1 4 556
2 168
2 162
1 171 -316
1 142 -860
2 10
2 154
1 172 -985
2 24
1 198 71
2 85
1 177 -840
2 113
2 29
2 56
1 95 18
1 30 918
1 114 948
1 54 707
2 39
2 82
1 120 -469
1 12 592
2 125
1 59 668
1 194 521
2 179
1 108 -711
1 7 540
2 56
2 108
2 13
1 193 376
2 11
1 42 -275
1 119 -2
1 188 667
1 24 -595
1 151 73
1 112 44
1 196 497
2 157
2 195
2 5
2 188
2 163
2 105
2 9
2 47
1 114 -916
1 64 -694
2 12
2 53
2 34
1 66 819
1 27 295
2 23
1 165 390
2 57
1 198 -47
1 180 -940
1 17 -875
1 127 360
2 52
1 123 852
2 166
2 185
2 24
1 147 -447
2 27
2 150
1 200 -71
1 45 -412
1 40 475
1 188 -368
2 135
1 27 -682
2 148
2 103
2 42
1 19 882
2 23
1 22 355
1 150 -541
1 192 544
2 52
1 51 921
2 86
1 50 -287
2 26
2 21
2 13
1 198 753
2 169
2 31
1 27 -35
2 100
1 144 150
2 135
1 13 844
2 64
1 29 342
2 117
1 7 -438
2 129
1 22 95
1 62 366
2 76
2 17
1 72 -865
2 72
2 15
2 95
1 151 -439
1 83 -319
1 89 353
1 122 -951
2 185
1 197 108
1 160 485
2 13
1 8 -494
1 58 -128
2 198
2 196
1 16 -842
1 192 941
1 96 999
2 176
2 16
1 127 158
1 96 858
1 34 543
2 148
1 4 -222
1 181 779
2 116
2 27
2 118
2 156
1 132 -470
1 174 -155
2 141
2 153
1 190 457
2 134
2 180
2 72
1 2 257
2 58
2 47
2 161
1 114 942
1 194 198
2 117
2 93
1 103 291
2 67
1 21 -59
2 185
2 160
1 115 767
1 39 900
2 13
2 70
2 53
2 146
2 59
1 119 -131
1 111 -908
1 38 -29
2 71
2 24
1 163 897
2 131
1 114 546
1 79 178
1 103 -905
2 144
2 101
2 81
2 169
1 11 -849
1 173 237
2 98
1 85 661
1 85 -463
1 33 -655
2 87
1 141 203
1 66 524
1 76 171
1 74 -389
2 77
2 78
2 144
2 57
1 30 -156
2 154
1 98 451
1 139 91
1 172 534
2 10
1 164 -346
2 36
1 93 390
1 12 663
2 152
2 188
2 42
1 142 647
2 143
2 73
2 57
2 179
2 24
2 60
2 140
1 85 540
1 39 181
2 128
1 136 283
1 190 -351
2 53
1 52 43
1 191 962
1 73 101
1 47 18
2 70
1 140 875
1 82 172
1 77 -825
1 75 -374
2 95
1 16 952
2 47
2 175
2 140
2 118
2 8
1 49 840
1 87 -321
2 33
1 87 824
2 113
2 49
1 90 -683
1 104 962
2 103
2 42
1 77 -884
2 107
2 116
1 190 348
1 132 -304
2 106
2 168
1 73 0
1 55 -431
2 189
2 48
1 121 -906
2 15
1 27 819
1 32 586
2 60
1 95 809
2 106
2 185
1 51 456
2 24
2 198
1 138 809
2 28
2 117
2 151
1 128 880
1 57 -517
2 196
2 4
2 14
2 58
2 13
1 137 376
2 126
2 29
1 127 659
1 89 -869
1 1 -532
1 96 -669
1 49 -838
1 199 -581
1 34 94
2 131
2 102
2 30
1 196 -796
1 111 -870
2 62
2 12
2 199
1 10 -905
1 149 -154
1 56 389
1 146 -601
2 99
1 103 -273
2 63
2 64
2 25
2 70
1 127 500
2 184
1 184 -924
2 180
1 152 -145
2 47
1 184 720
1 58 -514
2 177
2 136
1 176 570
2 37
2 79
2 43
2 117
1 118 413
2 105
1 44 -908
1 91 -160
2 83
1 18 -888
1 29 925
2 65
2 95
2 3
2 75
2 94
2 139
1 106 23
1 160 26
2 52
1 153 -945
1 76 26
1 38 441
2 26
1 71 -303
2 141
1 99 559
1 77 -509
2 63
1 80 78
2 48
1 50 233
1 87 827
1 10 -352
1 173 853
1 155 -596
1 177 -234
2 101
1 184 12
2 26
2 68
2 44
2 126
2 135
1 77 -222
2 85
2 66
2 200
1 128 -455
