200 1000
-658543303 -510737338 124 967
-524938200 564274436 66 -24
555791695 -209524091 141 -167
841188947 907195632 39 1
619112059 -771995216 182 -630
63699615 -67176207 73 62
508238565 71919358 138 600
-147310245 -478114747 20 -555
365128443 687396060 43 -598
-721335003 205042747 43 443
-604091959 815150281 3 1000
-219042973 710191784 135 124
333202186 432391423 140 -388
-274569309 354395952 31 -543
-333242128 460016800 127 424
967153353 -205687683 35 734
-904296858 -871914296 14 135
-20401908 897138396 34 637
-694103327 534935774 135 259
-912700960 -571324157 33 643
631472732 -585561410 131 61
-111233834 451153307 43 -145
95465222 -602486472 1 312
764366699 134747550 198 286
291142394 -766108617 29 660
-128259837 -711044838 123 964
462713420 -143200471 157 -164
235983221 -486985250 40 751
183512552 -626999586 54 76
-997561640 247276689 139 170
396031107 -963845241 0 -841
-675656314 999870303 38 -477
955507536 -461788270 43 481
-158308303 -647979754 31 -612
44237675 -395041972 104 129
-873753274 -235335762 59 -829
757584170 2644659 8 294
665825991 -898220123 167 -161
-108309448 -248933439 186 995
845013650 169454102 186 -782
583558827 -972650235 193 -112
-353742335 -298627526 29 -645
539174187 66806162 135 -364
-169003589 -481535174 106 836
-855418011 -333746151 125 -15
-777324291 347627965 193 -534
-895547042 470867896 38 -303
-547664416 350780602 160 944
-538554372 804491676 164 898
-53746014 359404360 34 905
-312085994 239537144 130 139
645746981 673581209 135 280
-598164102 39983626 119 -536
571574828 -248308183 104 148
-340208283 944890328 196 -213
-228735800 -335266902 117 -131
-166844274 420779175 69 -817
853331436 860329588 125 -937
-399242430 -706364561 186 392
690598981 625102309 189 157
629029428 346270098 115 -460
715088768 -777825399 163 13
580606862 202396856 122 199
708407445 -315033444 137 -503
-425172672 116806146 186 277
-111758792 112186264 104 -193
-519608252 165168042 29 589
-530572885 -529882357 64 -680
491329107 456627259 54 -922
165734942 -804357443 102 4
-202424122 -399158801 88 751
-19844837 -606059140 40 -903
116831113 -672072962 67 -35
-849093426 -540501551 126 457
-848265169 -719178596 56 -142
84640971 -364048299 117 -884
32692904 -182362951 180 822
860703666 108472193 12 166
57937881 879928359 125 663
299737163 819474492 186 -459
-914502288 181488484 46 453
69324423 -185858778 70 -82
678615916 -80334155 135 481
319904918 98260741 78 815
-2409620 -135434127 166 857
-364105960 761756889 96 -145
-348537088 -429803894 156 -422
549935262 871389487 117 -79
-974890586 -276804995 153 -403
-939388016 -652176267 25 141
210318030 858385797 94 -795
-351758098 727492192 160 697
-577079541 1052605 14 931
557067345 262699752 59 -923
503480541 -667106133 156 851
236049899 600291983 111 -369
698086755 -117054356 194 -874
-151039328 -355487682 66 853
543259387 157762500 83 -515
895808198 -34594713 76 -313
-467863139 150737156 39 627
-456580893 -784663093 151 -379
-224798414 461947820 176 6
707411995 -395829569 135 886
-259405650 -982448399 160 639
162777065 -877477 187 -266
-840183674 858482485 38 -512
-881708134 737982057 40 816
-939107237 -24276028 135 -44
109485185 -646944676 1 -176
-741736198 734156974 2 905
-959630929 539231392 90 -462
-15332499 -386670418 32 788
-445509286 -327110128 33 -620
-586709407 538172415 94 365
53943510 905379350 159 -801
-199707757 818228276 137 -532
600714901 -53611400 8 457
-962045212 -842538617 41 -580
375761213 464734853 40 -116
59230182 348552002 124 677
593001738 -3387698 73 -466
777636006 -142679650 137 111
664551439 -579008069 170 253
992673357 -395866131 39 667
837669413 -200313967 109 -637
-35342753 729015150 72 -409
480510616 -228386274 33 587
853422128 586630426 173 179
328335319 413792903 12 -388
-91236588 -73613793 195 214
-863119773 -83117110 151 -798
182282132 -379024167 14 -667
739063001 392127517 94 -763
85629897 292664549 34 787
-879467627 -342331593 22 -654
-557192399 518013176 31 779
-723109463 241479839 31 -850
-539152885 -948926169 78 -109
-985649995 -908091126 46 614
657563953 945128683 90 -171
-682174961 -845036796 169 -147
791966482 67804773 55 75
37544678 740352551 180 435
284292468 739751394 135 -223
-564200891 966848977 90 361
-876339803 -411001107 167 344
812345032 838194603 110 -709
-913443143 228309539 46 10
-494242826 122528781 10 461
228619243 896979139 111 -175
463259397 -376050524 113 -846
463327334 -375056972 167 -134
-873696432 -371168101 137 175
799973604 -90401430 156 830
-797072103 565661589 45 695
205449019 -246871474 43 255
601084543 54675668 127 744
250442075 85818245 185 -70
304442413 -266362577 173 -521
-955868229 -866623656 92 70
99955105 660745469 129 -667
49161589 514104320 81 -19
-332331765 -873711696 34 -731
-392721508 -906013987 194 525
990374293 -382038967 66 -67
-827630543 -467414391 137 -126
366475149 -818786071 133 449
820069639 446475758 165 -648
594028004 -372443970 186 -578
-832372816 309429076 27 859
369956128 -313432323 135 -898
690256901 -323348477 66 -390
-788027246 -743508960 135 -611
-61155238 547489593 33 164
620763343 -226295587 54 333
206898029 492623442 132 182
687296590 -910286797 78 762
-878230545 844710676 191 -549
140706120 -690574124 165 742
372039676 -314386604 20 98
627888041 140762624 117 -213
-470855344 -623166691 125 735
-758035977 -549174580 71 -520
1100706 493228697 157 209
-921424219 -484628695 137 977
-357528859 -944651411 29 -530
257814107 742740806 186 642
380925190 121551481 196 -472
-202791808 -314812301 133 271
-772731011 619965899 157 -181
-696423414 507727037 19 972
-362949201 574634362 38 185
200066112 807863571 167 -625
379023298 164507278 19 998
-351524038 -21118334 145 517
844424542 -434667238 144 -698
145392715 976596912 170 -676
393022084 -733073144 66 543
-799972731 -366426973 93 -119
2 127
2 191
1 157 274
2 142
1 179 683
1 60 256
1 141 -659
1 174 -605
2 104
2 121
2 185
1 34 100
2 183
1 10 -118
2 114
1 142 -7
1 194 342
1 117 -78
2 67
1 154 -332
1 2 269
2 78
1 26 -633
1 106 896
1 117 423
1 41 501
1 130 591
2 170
1 139 808
1 119 269
2 18
1 122 88
2 153
1 59 -817
1 73 -371
1 125 597
2 160
2 144
1 130 -228
1 114 -865
2 42
1 61 430
1 89 -672
1 156 -374
2 161
2 155
2 54
2 162
1 131 -571
2 98
1 140 -781
1 177 -475
1 98 19
1 167 569
1 149 -675
2 2
2 82
2 82
2 55
1 28 470
1 122 703
1 35 651
1 156 -216
1 60 248
2 115
2 98
1 37 -613
2 161
1 148 -617
2 15
2 4
2 94
2 87
2 43
2 189
2 49
1 80 -307
1 8 147
2 109
2 98
2 179
2 15
1 14 -66
2 98
2 179
2 150
1 115 -892
1 83 -68
1 94 298
1 121 436
1 39 381
1 66 -32
2 30
1 53 634
2 99
1 69 -153
1 50 -83
1 182 -233
2 23
2 148
2 145
1 200 -706
2 81
1 115 460
2 171
2 169
1 108 264
1 107 -310
1 139 139
1 189 275
2 127
2 61
1 137 609
2 170
1 78 93
2 102
2 143
1 198 65
1 57 742
1 45 501
2 146
2 136
2 33
1 48 -585
1 74 14
1 75 110
2 106
2 84
1 162 511
1 13 -483
1 55 165
1 157 -441
2 41
1 132 -912
2 8
2 30
1 117 634
2 41
2 58
2 13
2 189
2 42
2 91
2 86
2 22
2 5
2 58
1 31 656
1 146 648
1 59 497
1 160 275
2 123
2 102
2 25
2 115
1 85 576
2 125
1 139 -231
1 179 891
2 32
2 53
1 44 900
1 61 476
2 63
1 61 567
2 182
2 20
1 185 880
2 169
1 65 -336
2 108
2 9
2 130
2 20
1 118 349
2 186
2 142
2 20
2 158
1 106 -428
1 76 -730
1 77 867
2 66
1 8 97
1 80 776
1 185 444
2 199
1 113 -639
2 57
2 169
2 49
1 39 -881
2 109
1 21 -459
2 180
1 178 149
2 180
2 17
2 195
1 109 -761
1 158 87
2 85
1 99 -414
1 161 -823
1 199 -964
2 193
1 69 -780
1 57 -169
2 192
2 168
1 69 -841
2 155
2 146
1 31 -733
1 47 855
2 135
1 80 -298
1 198 754
2 65
1 82 348
2 183
1 58 -225
2 31
1 93 -171
2 94
1 95 45
1 25 57
1 52 954
1 188 -45
2 53
1 135 -858
2 148
1 81 -734
2 14
1 52 -147
1 128 496
2 44
2 49
1 25 -924
1 12 15
2 97
1 95 195
2 183
2 39
1 97 -162
2 88
2 186
2 171
2 68
2 31
1 131 -688
1 82 800
2 102
2 151
2 158
1 33 -216
2 53
2 58
1 177 165
2 35
1 129 -666
2 143
1 35 936
1 147 538
2 156
2 97
1 51 -891
2 119
1 197 1000
2 1
2 15
1 178 -353
1 139 -338
1 165 -749
2 173
2 187
2 125
1 132 -278
1 4 -628
1 73 -788
2 41
2 107
2 140
2 70
1 194 438
2 117
1 86 -481
2 164
2 7
1 35 277
1 147 -203
2 3
1 3 536
1 110 728
1 6 -353
1 119 -948
2 148
1 92 268
2 169
2 31
1 185 -440
2 76
1 15 77
2 12
1 48 694
2 68
1 190 -325
1 116 981
2 195
2 96
2 176
2 136
2 92
1 192 814
1 174 -610
2 40
2 148
2 30
2 110
2 42
2 113
1 56 -429
1 97 -233
1 69 -98
2 168
1 190 -270
1 41 -268
1 182 616
1 33 80
2 23
1 170 -654
1 27 -493
1 187 -88
1 188 230
1 140 76
1 108 403
2 152
1 160 590
1 107 -654
1 16 922
2 14
1 181 -718
2 151
1 62 -73
2 45
2 183
1 86 -168
1 110 -455
2 13
1 144 -943
2 156
2 188
2 69
2 132
2 99
1 124 972
2 103
2 98
2 24
2 23
1 23 -353
2 67
2 89
1 35 -597
2 143
1 90 -225
1 50 90
2 144
1 14 333
1 61 -419
2 140
1 14 724
1 158 -2
1 45 10
1 75 -651
1 165 976
2 57
2 188
2 13
2 56
1 136 590
1 128 225
2 149
2 81
1 161 92
1 15 523
2 136
2 191
1 156 -860
1 172 833
2 27
2 93
2 84
2 86
2 144
1 104 684
1 104 -738
1 148 -473
1 142 -490
2 170
1 161 -346
1 140 600
1 135 -445
1 21 -177
2 61
1 2 287
2 29
2 149
2 72
1 27 31
1 32 442
2 60
1 110 -100
2 116
2 198
1 165 -790
2 112
2 135
1 164 440
1 45 959
1 28 -63
1 93 134
2 133
2 88
1 153 213
2 8
1 106 -503
2 171
1 119 -31
1 132 -907
2 12
2 21
2 75
2 102
2 44
2 102
1 197 -57
2 171
1 10 -722
1 90 52
1 124 -85
2 80
2 11
2 139
2 70
1 184 407
1 82 729
1 53 -595
2 102
2 31
2 58
1 152 -166
1 153 -307
2 13
1 28 412
2 130
1 129 247
2 163
1 145 -274
1 1 379
1 88 -412
2 96
2 133
2 84
2 176
2 167
1 87 249
1 163 -896
1 179 354
2 87
1 43 -631
2 170
2 24
2 21
2 120
2 24
2 190
2 137
2 43
1 56 367
2 86
1 117 -464
1 181 752
2 193
2 180
1 97 358
2 107
1 94 -770
2 144
1 89 -821
2 29
1 106 -406
1 194 -125
1 185 -356
2 118
2 159
2 87
1 61 210
2 158
1 53 794
2 183
2 150
2 182
2 90
1 38 892
1 33 -126
2 17
2 174
2 10
2 17
1 30 -77
1 110 798
2 129
2 174
1 189 -339
1 105 -206
2 167
2 55
2 125
2 113
2 61
1 126 846
1 132 612
1 117 945
1 131 69
2 34
2 52
2 1
2 88
2 108
2 152
2 44
1 97 -766
2 14
1 153 -462
2 184
1 196 -239
2 179
2 52
2 84
1 166 449
1 186 -534
1 95 493
2 77
1 129 -618
1 91 131
1 160 143
2 124
1 146 195
1 183 -378
2 3
2 66
2 145
1 60 -64
1 197 736
2 106
2 198
2 73
2 125
1 33 565
1 195 91
1 54 277
1 129 -533
2 172
2 158
1 95 -271
2 142
1 49 274
1 164 987
1 116 -305
2 181
2 55
2 48
2 132
2 106
1 62 -519
1 168 908
1 95 225
1 70 -737
1 126 212
2 161
1 63 857
2 152
1 32 218
2 111
1 135 125
2 47
1 50 -792
2 32
1 26 -697
1 33 -931
1 69 829
2 44
1 148 725
1 111 -193
2 191
2 200
2 120
1 1 -60
1 105 -152
1 195 -233
1 185 378
1 104 -203
1 132 743
2 107
1 70 803
1 144 171
2 145
1 38 -482
2 190
2 183
1 157 -738
1 30 -116
2 27
1 95 996
2 62
1 23 -804
2 134
1 163 277
2 76
2 26
1 91 472
2 189
2 178
1 44 -558
2 186
1 115 -675
2 105
1 69 -774
2 168
2 83
1 104 503
2 32
1 17 371
2 58
1 157 -412
2 49
1 165 -234
1 172 889
1 28 743
1 48 428
2 112
1 69 121
2 165
1 183 504
1 190 21
1 108 -967
2 44
2 36
2 68
2 118
1 116 88
1 63 -125
2 192
2 3
2 126
1 13 51
1 167 -494
1 105 762
2 138
2 167
2 153
2 187
2 141
2 188
2 143
2 163
2 66
1 7 778
2 132
1 96 -736
2 43
1 21 -468
1 41 991
1 132 426
2 167
2 55
1 110 490
2 84
1 126 -288
2 94
1 10 967
2 31
2 21
2 5
1 124 -249
1 90 -391
2 191
1 111 528
2 189
1 47 220
1 186 -598
1 165 623
1 192 759
2 60
2 14
2 166
1 95 -823
1 36 -277
2 151
2 69
2 116
1 115 -1000
2 22
1 35 -400
2 62
1 114 796
1 30 563
2 125
1 147 -635
1 134 -770
1 92 732
1 190 730
2 100
1 154 833
1 150 -42
2 57
2 138
2 130
1 52 843
1 43 -914
1 87 11
2 119
2 88
1 34 -571
2 199
2 177
1 18 -793
1 19 -95
1 169 233
1 36 -109
2 95
1 63 -625
2 159
2 129
1 194 338
1 30 706
2 178
1 130 -572
2 55
1 32 515
1 113 -581
1 109 -679
2 109
2 64
1 81 -521
1 130 831
1 102 796
2 151
1 192 302
2 13
1 55 -102
2 66
2 87
1 200 -565
1 148 -326
1 42 -887
2 156
2 129
1 150 380
1 29 193
2 186
1 92 -16
1 107 -861
2 114
1 76 313
2 178
2 23
1 159 -529
2 93
2 164
2 109
1 193 -962
1 25 474
2 115
2 144
2 100
1 134 30
2 77
1 169 -6
2 183
1 150 -911
1 51 334
2 90
2 76
1 195 187
2 4
2 23
2 113
1 75 383
1 21 462
2 61
1 59 -897
1 179 -739
2 133
1 140 -983
2 183
2 13
1 13 -191
1 83 263
2 196
2 136
1 31 -295
2 134
2 89
2 104
1 191 773
1 88 437
1 94 961
1 16 -382
1 164 -112
2 44
1 140 -197
2 183
2 6
2 105
1 78 -646
2 6
1 14 -583
2 159
1 108 -331
1 11 674
1 150 -333
2 99
1 121 -565
2 59
2 1
2 65
2 144
2 119
1 51 -251
2 198
2 120
2 193
2 55
2 170
2 18
1 41 247
1 165 -306
1 65 -683
2 87
2 101
2 179
2 152
2 200
1 64 699
2 150
1 60 -987
2 177
1 120 -159
2 56
2 122
2 185
1 16 -217
1 12 -353
2 137
2 165
1 157 -821
1 13 640
1 12 621
2 16
2 113
1 195 -462
1 147 -232
1 23 965
1 200 374
2 136
1 30 -114
2 172
2 6
1 85 786
1 141 -460
2 172
1 121 -587
1 53 -18
1 119 939
2 170
1 102 -29
1 3 851
2 176
2 142
1 34 34
2 159
1 4 145
2 35
2 181
2 9
1 46 -961
1 175 -555
2 78
2 45
2 175
2 193
1 54 565
2 148
2 72
2 180
2 194
1 147 -177
1 116 -147
2 15
2 172
1 75 684
2 51
2 100
2 63
2 85
2 153
1 118 -989
2 24
1 46 507
2 122
2 67
1 189 -251
1 15 -915
1 140 -718
1 144 98
2 72
1 44 -834
2 12
2 15
2 198
2 67
1 95 -841
2 36
1 98 179
2 11
2 106
1 78 290
2 88
2 37
1 115 -404
2 48
2 82
1 159 68
2 45
1 88 -10
2 194
2 23
1 163 -867
2 181
1 53 -983
2 134
1 18 899
2 139
2 121
2 56
2 169
1 8 497
2 110
1 194 -238
1 175 166
2 31
1 118 888
1 61 -182
1 54 642
2 48
2 19
1 87 -373
2 33
2 13
1 35 958
2 120
1 134 820
2 197
1 20 566
1 28 -681
1 183 736
2 120
1 200 486
2 157
1 45 258
1 36 800
1 14 32
1 4 932
1 165 379
2 136
1 149 21
2 164
2 103
2 145
1 99 126
1 116 955
1 33 -204
2 26
1 115 975
2 145
2 76
2 51
2 61
2 63
1 164 287
2 86
1 83 469
1 34 327
1 154 -483
1 98 -944
1 128 565
1 142 363
1 163 -779
