200 1000
706642632 494763595 148 -129
-131373804 127837826 109 235
-70568000 65813091 68 -806
-79357381 -159212259 123 -170
977628324 -985901437 162 -710
601174478 -619940945 138 -686
301618298 -874169173 181 -510
-546427398 821481897 151 -613
-338708552 19297014 22 -944
77910042 -503440201 138 363
-928179669 359741126 116 487
911433796 -868607634 63 -21
-763149252 -545858678 177 -844
-963464476 387451057 200 -301
265497991 595813849 40 -609
895725765 997723302 110 281
-316378996 213194440 12 -87
-326991535 -595571542 188 643
-75132632 -371065770 29 -72
271372868 605451322 115 13
329627308 -276655704 130 121
-224027195 -491753112 194 -991
287642951 -632167677 160 -872
-205691062 -535554345 165 -67
48514615 -105052447 104 -246
-328857108 -652453792 186 487
472868873 -683175287 104 -346
487543577 715563536 115 -130
-713552654 816432013 186 -687
634533727 388655314 125 -426
315950108 -317351989 152 -292
-464900280 845019542 152 -314
-910437740 -592665688 41 -41
130263293 884082037 177 214
66908463 -384917333 192 982
36132529 200368556 154 171
18171292 -80848671 188 -642
620589862 937984242 190 169
987148519 923398799 122 890
-182238833 -613772532 97 290
-358128153 -751052623 198 961
-775442392 -268068918 188 583
-811312386 598480626 64 767
554250151 786304717 31 27
-310383453 168165526 165 233
654534475 694628599 165 -959
-499120302 189579353 42 -345
442560214 -633349666 119 392
-387662071 -274175100 82 -110
904528448 649169029 63 -788
-37050364 -421851492 143 594
775916951 684943385 74 -962
-207975756 -233233771 74 -761
390530713 999572737 98 -145
-813083804 -235191904 22 902
-471796966 -657292157 182 300
409844950 36624886 15 885
81911972 -601811736 29 298
112665387 -46893816 96 -691
-876171125 429420050 100 311
606988030 -638196152 15 -103
572938203 553254355 132 -558
-926751213 -783091264 186 847
-948103315 -987742787 160 471
-961535096 -823666261 15 549
-662783600 -988198935 147 -709
-435724356 -501305060 88 -221
942495385 178060713 112 -895
931328430 -959347862 109 -372
365801523 -934047880 186 -235
-328561301 -493334183 97 212
687353425 973008060 9 -299
-366798979 356449146 9 449
-353484797 435556307 184 925
-117524957 629900409 110 -43
17415158 90242867 68 374
279782758 -36400583 195 973
-1827786 844718783 170 529
-648112041 -31058535 88 29
394595732 -203812359 102 -610
367626951 -631555472 31 -6
-122923596 -195062296 121 -916
-660562146 -806358240 165 -692
851911011 -844259807 181 -195
164415134 -301232722 144 335
893068801 327398802 132 924
5250454 640741749 64 -5
510031412 -918320919 112 -201
-441386304 -705113256 140 -582
-765937959 -637883921 165 -549
802773474 -21657776 36 289
757112540 -371262087 63 282
640547202 -55446087 186 818
-322326760 -101134561 1 578
-960006457 379082766 16 404
-442488660 -80130301 127 513
261615272 8059464 112 468
-984302933 -688693609 167 525
38622919 -943002147 175 411
-386670947 -132828901 68 270
-108976698 -407112989 62 -159
-891776803 467065506 10 175
-161572196 -105302013 29 -926
451022984 29411854 188 346
994352113 361542397 120 -734
598168680 301450584 50 -859
456126498 581558724 52 239
711686258 -768798175 78 563
-837897290 -204134697 97 758
235887343 -292204780 76 -239
648656351 477816754 72 -427
-210628328 -73743855 0 568
611480973 671630107 186 225
-527265737 -757910111 66 451
-174525637 475654707 88 910
415091277 -611945050 74 -420
559965903 -831021999 89 789
-362129019 280729151 162 953
948702833 -489548701 19 170
881058968 -525620224 113 80
273945801 -567243647 160 -584
-365962909 -247933634 104 -164
814198854 -212498738 150 913
847070203 431816733 43 433
89454311 78504179 70 582
-160814098 585017784 134 -553
942347859 78907828 121 -71
-93555099 -437348812 67 512
-254583002 240111957 177 476
158557320 643859426 112 233
-131489198 -316611975 18 121
926589156 -158777615 50 906
-646795796 227501763 115 182
593850879 918290456 38 261
672250483 847432143 163 -434
-935384496 -85758302 118 -939
777639002 -569094424 132 611
-957019827 83805059 15 -252
35618627 -929470656 23 -623
424452217 528859195 186 -812
-670110733 -169969998 124 -619
978874847 572778382 152 -219
886306521 -142894031 38 -274
559086401 -758071889 22 -968
-35784304 219283152 111 849
689830070 -838717587 29 9
849397271 916985206 140 18
-743388814 490839254 157 -247
891423506 -682867164 184 535
540290074 -755183844 183 -415
168455787 -966833692 140 -762
-464308454 858997127 112 -455
-161578099 70223963 190 -82
-674246813 -766751181 184 330
7196569 841129400 198 94
-767986771 44440769 85 -683
-525413478 946997880 125 -229
320454755 -658271604 33 292
865779634 -309656761 184 581
95816440 -264257286 112 -883
-530891830 -361585187 82 76
-687020840 618742710 31 248
588922996 -684659121 112 680
560611368 271516701 180 -267
878036182 -72531603 74 -684
-546236309 -591687059 88 -669
682571046 892133610 15 -168
621630120 -563175362 92 821
-964528490 506549117 65 584
-215911269 711095891 31 -89
-352065977 557473658 78 -336
832000137 107168319 69 -287
31220248 183065904 154 -303
-276845017 -431959329 93 -766
953161381 137450836 171 586
299622347 618365940 31 -128
-575583463 -994314704 76 -903
-658386729 852546551 11 -60
-116750870 955253126 68 416
89656984 -201206791 170 -976
-877125891 984605421 81 688
963854271 822011280 192 -182
733214568 -262874585 3 -354
816763560 -706582893 112 406
192923873 -774598141 37 577
-116786375 -431155571 184 -960
112018251 -58326718 186 -505
-677829552 -982329252 44 -852
112232856 117738421 51 596
-160764199 274300847 3 167
550741421 26588570 82 -93
-985095254 -885557449 144 46
317191735 -942604944 191 -525
554633957 -206134215 74 925
-979843316 338624630 127 329
136038665 -571308104 133 8
736358360 -697107774 74 -866
807521580 -923738160 165 476
-520821023 582865341 50 -136
-789556523 -85189253 130 142
1 135 -867
2 162
1 69 772
1 50 888
2 177
2 28
1 10 -731
1 60 -306
1 59 293
2 165
2 181
1 116 864
2 12
1 166 -744
2 140
2 89
1 191 900
1 129 473
1 64 -212
2 59
1 135 -446
1 92 -91
2 178
2 193
2 57
1 147 -105
2 90
2 117
1 194 -94
1 67 184
2 7
2 91
2 54
1 7 824
1 38 -425
1 154 -426
1 65 -740
2 157
2 154
2 143
2 100
2 30
2 43
2 73
1 5 411
2 95
2 2
1 44 487
1 193 146
2 72
1 195 547
1 19 -611
2 126
1 23 59
2 125
2 59
2 111
2 156
2 134
1 92 656
2 86
2 175
2 116
1 42 -794
2 67
2 34
1 132 498
1 144 911
1 111 -734
2 194
1 58 -707
1 3 -835
1 174 -120
1 108 -381
2 58
2 60
2 51
2 33
2 154
1 29 672
1 40 -561
1 66 306
1 42 -79
1 118 979
2 12
1 146 705
2 136
1 11 960
2 148
2 9
1 23 442
1 192 97
1 76 -745
1 65 -545
1 17 -671
1 28 859
2 155
1 38 -936
2 155
1 5 -90
2 35
2 97
2 194
1 153 -699
1 153 814
1 73 -460
2 139
2 194
1 156 385
2 63
2 162
2 67
2 141
2 84
1 111 242
1 106 -651
2 131
2 167
1 105 -463
2 123
2 10
1 22 127
2 124
2 112
2 139
1 144 325
1 97 581
2 13
2 191
2 27
2 31
2 29
2 186
1 56 51
1 41 350
1 32 632
2 18
1 61 -303
2 121
1 52 -240
2 83
2 87
2 195
1 152 66
2 164
1 123 950
2 96
1 120 -955
2 36
2 129
1 191 -269
1 80 -178
1 38 -212
1 139 924
2 114
1 94 -26
2 16
2 137
2 75
2 116
1 73 414
1 188 286
1 35 -421
1 150 -660
2 33
1 6 211
2 49
2 147
1 30 819
2 56
2 98
1 77 -731
1 141 -615
1 95 816
1 118 -267
1 44 -315
2 77
2 179
2 111
1 164 116
2 68
2 42
2 167
1 107 -570
1 165 -195
2 144
2 16
2 46
1 13 262
2 44
2 108
2 16
1 146 543
1 30 -19
2 123
2 25
2 197
1 47 162
1 137 -391
2 74
2 7
1 179 485
2 156
2 75
1 39 400
2 186
2 24
2 39
1 42 -396
2 139
2 80
2 92
2 59
2 163
2 172
1 51 333
2 132
1 124 616
1 158 -10
1 173 403
2 53
1 134 79
1 176 609
1 98 -828
2 62
1 180 173
1 52 -819
2 125
1 46 711
1 191 960
2 135
2 122
1 82 -464
1 9 -504
1 180 990
2 119
1 56 794
2 21
2 183
2 6
2 193
1 117 -139
2 70
1 25 -25
1 45 -829
2 122
2 176
1 21 -63
2 81
2 121
1 56 989
1 200 797
2 189
2 150
2 77
2 163
2 179
2 84
1 176 89
2 68
2 184
1 22 594
1 155 184
1 182 -981
2 95
2 83
2 26
2 188
2 128
1 134 -563
1 193 -554
2 157
2 79
1 16 -723
2 132
1 95 -781
2 102
2 164
1 64 -699
2 14
2 15
2 48
2 120
2 14
1 87 916
1 51 829
2 44
2 39
2 97
2 70
2 133
1 98 -151
1 52 -894
2 21
2 190
2 167
1 60 -691
2 165
1 26 575
1 18 422
1 53 54
1 22 -780
2 154
2 47
2 170
2 97
1 103 129
2 51
2 49
2 185
2 153
1 102 823
1 20 -599
1 117 22
2 166
2 51
2 89
1 90 -763
1 146 40
2 178
1 96 -75
2 151
2 36
2 51
2 131
2 40
2 51
1 78 -350
2 122
1 61 398
2 51
1 109 788
1 7 808
2 126
1 134 -509
1 79 376
2 73
1 138 687
1 89 973
2 74
1 167 318
1 35 -796
2 142
2 85
2 4
1 52 132
2 45
2 132
1 104 969
2 178
2 70
2 138
1 165 -938
2 22
1 165 -195
1 7 -768
1 34 965
1 164 671
2 32
1 50 828
1 71 321
1 190 427
1 36 498
2 28
1 177 307
1 93 883
1 181 -640
1 50 -86
2 131
2 153
2 60
1 188 -49
1 12 -520
2 38
1 30 -824
2 121
2 191
2 137
2 161
2 41
1 80 -180
1 170 -498
2 187
2 162
2 137
2 45
1 167 79
1 8 -746
1 18 958
2 9
1 60 887
1 136 164
1 108 497
1 188 704
2 186
1 73 -176
1 91 723
2 191
2 94
2 180
2 135
1 93 -798
2 85
2 83
1 35 931
1 198 674
1 126 569
2 196
2 74
1 15 -229
1 11 769
2 155
2 137
1 188 696
1 180 448
1 109 759
2 57
2 81
1 128 -950
2 20
1 199 -139
2 189
1 53 38
2 113
1 35 274
1 44 -615
1 167 -131
2 32
2 74
2 191
2 186
2 33
1 16 966
1 63 -45
2 58
2 57
2 66
1 164 931
2 86
1 165 301
2 176
2 49
1 14 -84
1 15 -415
1 143 879
1 79 828
1 25 801
1 87 -381
1 167 772
2 120
2 62
2 158
2 68
1 72 674
2 30
1 85 327
2 113
2 12
1 126 357
1 36 728
1 200 -618
2 172
2 65
2 39
2 76
1 195 -896
1 87 -706
2 93
1 23 -699
1 15 -653
2 89
2 196
1 179 196
1 85 -670
1 194 562
2 185
1 77 197
1 84 391
2 43
1 95 576
2 130
2 175
2 133
2 64
1 57 768
1 77 295
2 45
1 198 880
1 42 486
1 53 -183
1 167 -650
1 49 -484
1 148 -332
2 192
1 194 -187
2 1
1 111 -368
2 30
1 42 -428
2 114
2 31
1 10 -988
1 89 379
2 135
1 29 -397
1 83 661
1 54 -256
2 48
2 153
1 42 904
2 169
2 51
1 30 -716
1 147 944
1 61 929
1 81 407
1 177 -292
2 64
2 77
1 96 615
2 29
2 116
1 189 208
1 121 -135
2 40
2 105
2 67
1 104 -949
1 105 -241
2 14
2 158
2 74
2 105
1 36 -986
1 154 520
1 60 619
2 52
2 56
2 156
1 68 140
1 42 680
1 29 407
2 32
1 72 -380
1 165 -481
1 132 465
2 56
1 23 -957
2 48
2 4
1 116 647
1 126 319
1 187 -212
1 191 -407
2 122
2 199
1 24 289
2 56
1 22 -806
1 129 420
2 55
1 49 -990
2 189
2 197
2 34
2 39
1 18 -746
2 27
2 41
1 57 742
2 164
1 60 622
1 132 316
2 61
2 144
2 20
2 145
2 30
2 143
1 187 24
1 114 211
1 62 -886
1 150 -541
1 49 -905
1 150 813
2 95
1 200 557
2 136
2 97
2 200
2 4
1 156 -746
2 57
2 4
2 42
1 167 -431
2 112
1 190 434
1 79 -729
1 32 -826
2 53
1 109 338
1 191 319
2 28
1 56 -29
2 155
2 153
2 120
1 59 211
2 151
2 18
2 187
1 91 -130
2 93
1 172 675
1 117 416
2 184
1 71 190
1 34 499
2 175
1 160 -388
1 32 -223
2 92
1 46 -440
2 64
1 110 355
1 140 3
2 78
2 118
2 199
1 178 49
2 133
2 68
1 55 -527
1 189 489
1 53 -813
1 14 938
2 7
2 159
2 39
1 193 453
1 42 -591
2 38
2 102
1 190 765
2 8
1 35 236
1 41 -668
1 42 350
2 26
2 142
1 22 722
1 23 43
1 114 789
2 23
1 33 -99
1 106 677
2 149
1 172 148
1 140 -356
1 55 784
1 116 178
1 126 567
1 75 -394
2 122
2 191
1 31 630
1 42 967
1 190 -147
1 18 162
2 43
2 28
1 199 -906
2 94
2 70
1 114 -161
1 120 -580
2 199
2 7
1 81 -455
1 14 -367
1 90 573
2 165
2 10
2 146
1 34 43
1 149 768
1 178 -180
1 122 375
1 66 644
2 149
1 164 546
2 29
1 162 215
1 38 377
2 194
1 30 -335
1 99 -813
2 140
1 167 163
2 82
1 160 815
1 178 -6
1 69 853
2 148
2 102
2 189
2 140
2 115
2 197
1 89 -734
2 40
2 19
2 75
1 5 288
1 11 126
1 111 -834
2 155
2 148
1 162 -849
1 47 430
1 108 707
2 94
2 190
1 141 -379
1 119 -2
2 82
1 173 504
1 41 -46
1 126 677
2 133
2 119
1 165 -568
1 10 -189
1 69 -215
1 64 -3
1 51 306
2 18
1 38 869
2 82
2 64
1 168 964
2 146
2 59
1 25 -560
1 150 201
1 124 -295
1 89 927
1 82 133
2 124
1 159 -467
1 8 -66
2 2
1 185 -408
2 8
2 30
1 136 -759
1 65 815
1 73 331
1 40 355
2 8
1 108 699
1 54 -203
2 42
1 194 65
2 6
1 4 709
2 68
2 122
2 10
2 19
1 124 -878
1 153 -201
1 189 289
2 178
1 97 -258
1 7 92
1 134 558
1 31 2
2 112
1 150 -193
1 101 910
2 102
2 3
1 118 380
2 183
2 43
2 21
1 47 520
1 45 -312
1 122 125
1 139 -741
2 2
2 17
2 117
2 165
2 55
2 12
2 7
2 106
2 41
1 64 143
1 149 869
1 136 326
1 13 -177
1 137 120
2 17
2 167
2 32
1 49 985
2 63
2 10
1 54 -464
1 186 -519
1 87 -639
1 106 -806
1 74 -549
2 119
2 123
1 166 -131
2 198
1 128 596
1 168 886
1 79 560
1 191 939
1 10 -541
1 76 157
2 193
1 63 799
2 196
1 91 -500
2 79
2 147
2 3
2 152
2 153
2 139
1 101 976
1 92 419
1 12 -262
2 155
2 174
2 167
2 158
1 196 876
2 55
2 60
1 141 -878
1 177 591
2 176
2 60
1 58 374
2 81
2 18
1 138 -740
1 127 -564
1 198 -635
2 57
2 135
1 4 -200
2 29
2 183
1 56 636
2 139
1 52 -808
1 101 -81
2 188
2 123
2 107
1 138 -696
2 9
1 22 -772
1 6 -904
2 111
1 152 260
1 182 450
1 170 35
2 70
1 150 666
2 118
2 3
2 100
2 21
2 34
2 119
2 144
2 70
1 77 -193
1 199 -149
1 87 -715
2 167
1 21 784
2 84
1 103 -606
2 127
2 73
2 103
1 71 257
1 70 964
2 152
2 142
2 11
1 173 -486
1 71 -249
1 158 -60
1 173 -20
2 66
1 29 641
1 115 -727
1 164 -575
2 10
2 188
2 51
1 135 715
1 48 189
1 83 -501
2 49
2 27
2 47
2 161
2 112
2 172
2 191
1 46 964
2 185
2 19
1 155 352
1 133 -88
2 112
2 197
1 144 -563
2 197
2 56
1 116 -854
1 74 -761
2 89
2 122
1 1 48
2 136
2 106
2 112
1 160 355
2 148
2 11
1 57 868
1 88 -986
2 7
1 181 -87
2 182
1 93 490
2 175
1 18 935
2 19
2 35
2 79
1 78 948
1 200 -882
1 105 250
1 22 -934
1 35 645
1 127 981
2 199
2 163
1 90 49
2 59
1 77 587
1 105 919
1 20 398
1 74 436
2 21
1 73 21
2 87
2 83
1 189 -928
1 122 -186
1 82 7
1 17 12
1 34 -322
2 71
1 126 -553
2 150
2 199
1 4 261
1 200 -488
1 68 -246
2 12
1 31 190
1 71 207
2 78
1 166 -813
2 128
2 25
2 145
1 98 -530
1 90 640
1 122 549
2 184
2 163
2 123
1 32 711
