200 1000
-307268556 -262890925 42 -482
393378725 131559084 15 -797
-320077523 -622729208 120 756
-345118523 -16526249 63 -835
-313120126 665152839 85 306
-776216952 -104657191 109 -762
415116482 107469247 159 -434
-578274649 -988695424 65 -606
-105884407 816238493 75 341
-536608027 227796146 115 -147
204266582 563962946 144 -941
174511641 -469066717 60 -906
-16446378 -858271036 75 -338
-775590042 175440091 20 300
919050789 -847126196 78 783
-908841577 -569002193 69 351
-673474836 -960215651 181 166
528385628 -551266456 66 -561
99652741 56794877 131 -638
-346506892 794707032 119 -614
-529860412 -223486152 156 -100
-553770705 401238264 6 671
851841866 -87240601 173 -49
888755745 -211571803 112 12
-163672010 234000842 67 -416
609538338 934055447 176 -714
-145672188 353768500 39 -109
659762803 -509764612 46 -322
611124991 -784672869 27 943
602156092 205460774 36 828
-739463870 822313808 11 127
-850558901 -288497097 36 -51
-30446438 -506786620 110 -237
596055352 410364358 122 322
438548404 410863783 42 -744
-361694528 -406123605 70 265
758910513 944515360 33 713
-431646087 -161013969 131 -819
118206846 340606367 75 970
238451678 116127999 106 -324
258814347 958774124 199 821
-277752743 -436963619 46 176
-744868582 -598595509 50 -286
626124512 -45141403 5 -49
-998033974 952996027 70 186
-260749180 733719235 120 670
-243928257 -915876133 11 -401
-75080418 644411232 75 152
133349534 125542673 37 164
814309395 762144979 51 608
277786308 -440391478 119 -66
-430301351 -197803578 86 741
-918437678 377104976 22 173
-680722691 843901046 50 -19
244155708 956354219 94 -262
-539794079 -890014301 138 -854
-902266017 -591195765 149 -529
502300954 -581620651 20 604
-641879195 -766747688 172 -429
727974848 -502454147 159 909
26547765 -925446428 63 -15
-27178110 780756663 75 -871
-355223095 650621176 13 648
-746202102 336810863 3 389
391350288 -577938423 122 895
162782003 594846770 51 -305
-968955476 499881779 54 -127
-268984913 327843278 102 135
-58428931 956040449 183 792
366742100 -602361658 145 -998
-381129274 -212616985 8 -979
-472335844 997401061 10 996
569081876 -776794849 120 868
-504107318 95671508 57 794
515383103 -156964321 0 141
-148951339 -226786685 62 -750
562790966 -230775966 156 640
129586111 -660933402 45 -505
132813272 411745330 39 965
264989382 563577885 157 -533
547154407 754407726 186 734
-473278867 297273153 129 83
-122013172 -765176743 161 117
894585802 374500507 139 164
-168501446 -957734318 75 898
-311302217 -837382050 138 430
815216269 507870592 116 -495
670763641 -360260000 87 -100
-477743858 -482049411 51 23
451817323 -456767598 159 262
-411583785 804950793 145 594
971443392 -472647307 11 614
790246682 -849321846 92 976
847694712 -765599340 124 -614
63306155 654605328 198 -828
-240805417 -713983071 36 809
-59964413 -804048572 63 -362
-633378157 -531173663 54 -214
733692630 -607333204 83 405
-789299105 670803218 50 752
810407932 -14224711 43 499
-167857112 136036971 56 410
641273596 -596954980 173 371
642930204 712015350 148 529
-278312330 872074292 123 762
-14172991 -171751513 8 -87
394179572 -211249833 58 170
-103831496 704560064 43 390
318122844 -345623825 63 247
660507994 -861882143 194 -481
519805583 315382155 75 70
44643061 -455607381 50 -372
-801290097 -716876627 27 -726
273482120 390015120 66 -759
451784803 908764497 145 -912
652397121 890636096 115 -113
453468145 -785797852 78 142
140141724 362379256 114 197
124150705 -104223263 70 12
597453197 -320413316 6 245
166943568 181408338 160 130
-964921122 429786157 12 -121
567982025 330788661 48 260
-537872074 -574823737 66 184
723102389 403035983 5 -181
-594228916 427403034 51 -536
36295828 -206563050 48 114
-401948897 147346001 173 -432
-154365328 -482294962 157 -199
-21368417 886877361 149 -424
-108427265 -166289895 114 910
792103141 667390671 90 -29
509283982 -732567134 39 -233
-22207438 -734565832 63 978
253985363 -998514469 134 -523
15431070 -769031971 42 64
459091772 869594884 91 -517
893159549 -386810274 75 520
-612382621 -886237470 86 449
924406 21216081 46 100
-346319066 859698495 152 938
9339803 753868061 61 -291
883483658 643692699 62 316
-791969567 -542033778 46 -275
623392357 725751398 75 388
639546144 100188311 149 -112
-7898787 -291292839 109 961
-313093803 -964222321 186 709
887330143 -402376240 75 752
291366647 142567939 144 -670
895374021 -165029062 91 68
277344059 -976671220 39 -575
-883468263 -195081802 145 -551
254054827 572897280 138 783
701638158 -45439076 77 -422
82227699 533747797 29 909
598425624 394056324 159 424
44604135 878446340 130 350
694308603 -37382669 189 597
-122911946 960566021 159 -479
18450868 700791311 26 -166
-894600922 -416187429 184 159
77891820 563008655 112 -218
802562898 -120482173 71 -659
-697216136 -816454398 46 981
-55858638 -674572985 102 -602
551405803 752443928 90 199
653874804 -675090387 143 -581
447502549 -827716335 194 -542
652292199 771739590 115 -67
-493938458 -556450646 10 -884
-338003821 167660220 71 -307
-958812371 892870080 10 -406
973075525 214670042 136 -779
241846108 -571327368 116 136
-163150648 312925545 145 -139
-742585940 142497073 65 -371
671062669 -818599339 194 330
-452070472 -735297080 18 -139
559648556 -650820484 174 -556
-772775121 -31101811 54 395
502052785 -751538913 42 -187
43673822 -936466082 64 -988
450772323 143495749 63 440
333073165 -576351005 130 -713
-621493764 -116768282 86 -301
574886483 -286625873 108 780
-911842966 -64704261 191 -850
860377732 292006703 27 67
249679486 539020460 172 -791
118726466 184058111 4 -321
177279657 863440181 6 859
-891568617 -303221869 139 -369
754014143 284106729 45 -733
-142291302 2436865 103 -401
414422895 -52591060 176 827
-172718981 739034148 78 414
-177867223 -380269362 131 684
474658865 -572306472 178 249
-484998803 498299165 45 -667
2 98
2 196
2 71
2 119
1 51 -118
2 4
1 198 608
2 68
2 34
1 73 400
1 187 -698
2 76
1 158 394
1 134 -405
1 42 -191
2 144
2 198
1 133 -674
1 37 56
1 121 -159
1 113 -417
1 112 774
2 171
2 8
2 5
2 128
2 92
2 189
1 111 -54
2 39
1 140 -818
2 66
1 35 -456
1 81 788
2 54
1 91 636
1 169 -627
2 30
2 28
2 171
1 64 426
2 178
2 198
2 12
2 116
2 57
1 142 279
2 136
2 52
1 98 640
1 104 205
2 9
2 30
1 88 -106
2 97
1 3 173
1 62 448
1 191 115
1 181 -219
1 172 672
1 170 -10
1 176 261
2 35
1 99 277
1 132 377
2 35
2 39
2 135
2 128
2 159
2 192
1 62 475
1 54 -246
1 113 868
2 182
2 64
2 58
1 121 -383
1 127 -559
1 28 138
2 56
1 50 122
1 57 -885
2 136
1 175 -447
1 62 -6
1 52 268
2 106
1 55 498
2 74
2 90
2 152
2 178
2 7
2 3
2 132
2 172
2 184
1 177 -550
1 137 345
2 105
2 200
1 200 833
1 193 37
2 103
1 112 508
2 143
1 34 -742
2 162
2 160
1 137 130
2 7
1 13 -646
2 44
2 8
1 10 -963
1 69 958
2 30
2 43
2 131
2 92
1 54 -442
1 37 471
2 7
2 61
1 122 422
1 148 -313
2 146
2 165
1 84 378
2 178
1 12 -758
1 190 208
1 5 -241
1 14 -179
2 94
1 141 -630
1 26 82
2 34
1 52 -687
1 36 -745
2 199
2 110
2 154
1 81 -195
2 134
1 196 -521
1 147 -621
1 46 -457
1 142 -659
2 74
2 163
2 72
1 59 -732
1 24 -35
2 24
1 131 705
1 63 144
2 28
1 86 -394
2 100
2 177
2 149
1 123 158
2 51
2 181
2 134
2 30
2 32
2 115
1 134 73
1 29 206
2 146
2 79
1 132 27
2 171
2 66
2 160
2 170
1 107 53
1 73 45
1 135 -30
2 128
2 198
2 115
1 90 -563
1 164 -171
1 39 78
1 75 -276
1 198 -337
2 198
1 91 -395
2 145
2 38
2 178
1 41 -639
2 41
1 105 210
1 117 -370
1 79 309
1 45 56
1 191 -43
1 109 -409
1 163 187
1 195 816
1 115 902
1 6 -697
2 154
1 23 467
1 110 504
1 13 411
2 164
1 63 358
1 133 61
1 77 627
1 81 311
1 33 882
2 6
1 80 850
2 160
1 172 80
1 141 -440
2 84
1 44 333
2 177
1 13 -444
1 58 -342
1 89 210
2 69
2 188
1 68 474
2 97
2 4
1 25 681
1 179 9
1 2 952
2 28
1 197 -383
1 110 173
2 53
2 30
1 153 36
2 139
1 124 -564
1 50 712
1 158 -819
1 1 -208
1 113 -852
1 152 -424
2 79
2 146
2 26
1 25 -812
1 178 -973
1 14 -80
2 66
1 132 840
1 196 -139
1 198 -959
2 101
1 84 2
1 152 863
1 68 -857
2 194
1 88 -625
1 124 -659
2 51
2 61
1 177 589
2 113
2 193
2 115
2 102
1 178 869
2 10
1 12 109
1 186 868
1 24 -939
2 53
2 56
1 117 -623
2 121
1 67 -656
1 46 876
1 35 -639
1 137 526
1 104 -607
1 127 -828
1 191 -881
2 55
2 32
2 19
1 171 132
1 164 612
2 156
1 131 -470
2 130
2 177
2 10
1 95 923
2 194
2 96
2 72
1 175 -278
2 148
1 49 862
1 79 147
1 172 123
2 71
1 194 756
1 88 -879
1 83 138
1 79 1000
1 138 938
2 76
2 124
1 71 -434
1 157 -738
1 181 -281
1 175 768
1 182 136
2 78
1 190 951
1 11 830
2 182
2 142
2 27
2 121
2 123
1 96 -820
1 182 177
1 99 -218
1 166 669
1 94 -857
2 5
1 51 812
1 49 -83
1 44 -415
2 126
1 105 -302
1 175 -87
1 85 256
1 11 712
1 4 -257
1 167 -433
2 93
2 73
2 38
2 12
1 114 393
2 118
2 49
2 49
2 107
2 179
1 14 673
1 80 825
2 20
2 138
2 23
1 64 578
1 13 -289
1 128 559
1 151 -723
1 45 -23
1 8 361
1 193 755
2 85
1 162 -789
2 46
1 117 -494
1 40 549
2 30
2 116
1 117 315
2 114
1 90 -151
1 165 477
2 43
1 196 -743
1 111 -228
1 105 469
1 67 61
1 8 63
1 11 361
1 25 -459
1 141 179
1 6 -245
1 90 -298
2 15
1 180 -789
1 29 -753
2 15
1 46 294
2 110
2 134
2 130
1 196 -79
2 32
1 41 646
2 56
1 146 -678
2 188
2 69
2 53
2 109
2 89
2 97
2 108
2 168
2 163
2 71
1 5 -190
2 104
1 18 315
2 129
2 93
2 111
2 114
2 145
1 103 859
2 153
1 72 599
1 186 487
2 99
1 60 30
2 151
2 50
1 194 201
1 27 -539
1 2 -316
2 130
2 105
2 36
2 185
2 2
1 157 -367
2 89
1 129 -216
2 133
2 113
2 183
1 47 -1
1 140 -341
2 128
1 62 106
1 69 -218
2 186
2 30
1 92 602
1 104 732
2 40
2 91
2 137
2 89
1 181 491
1 29 -729
1 108 162
2 192
2 113
2 145
2 172
1 52 -793
2 11
1 13 -179
1 10 664
2 95
2 172
2 46
2 197
2 20
1 126 750
1 66 441
1 63 614
2 145
2 95
2 84
2 83
1 95 -208
2 147
2 41
2 128
2 79
2 42
1 45 -140
2 187
1 175 -704
2 50
1 137 626
1 78 -702
1 114 -109
2 167
1 5 882
2 153
1 28 -262
1 200 -459
2 10
2 88
2 69
2 157
1 137 576
1 130 -215
2 153
1 169 -946
1 50 -47
1 69 -154
1 20 160
1 172 -825
2 149
2 82
1 36 525
1 104 213
2 117
2 187
2 21
1 200 507
1 23 -25
1 28 129
1 51 -937
2 25
1 48 -610
1 15 755
2 7
2 85
2 158
2 41
1 115 -320
2 122
1 196 -465
1 50 436
2 122
1 46 493
2 4
1 178 552
1 180 -895
1 97 689
2 72
1 83 -647
1 180 332
1 97 951
1 63 -364
1 109 206
1 62 747
2 136
1 112 -914
1 75 696
2 124
2 119
2 60
1 189 847
2 130
2 139
2 131
2 28
1 111 555
1 114 -929
2 42
2 5
1 138 -985
1 91 635
2 39
1 144 868
1 78 -188
2 181
1 121 -763
1 87 -172
1 157 -755
2 114
1 2 -592
1 192 -148
1 55 -695
2 118
1 60 -537
2 174
2 31
2 42
2 13
1 151 670
1 159 -685
2 97
1 151 -776
1 63 252
1 117 -466
2 29
2 63
2 130
2 47
1 34 521
2 73
2 27
1 146 300
2 50
1 121 719
2 105
1 145 -346
1 12 669
1 141 -6
1 28 -994
1 120 6
2 141
1 65 527
1 92 398
2 184
2 74
1 128 -508
1 178 816
2 119
1 49 183
2 112
1 16 14
1 103 607
2 96
2 33
2 34
2 6
1 41 82
1 195 -521
1 73 577
2 5
1 97 -748
2 20
2 34
2 8
2 59
2 189
2 195
2 68
2 181
2 115
2 17
2 52
1 105 -382
2 141
2 26
2 74
1 44 981
1 75 -598
1 109 -334
2 64
1 69 -843
2 140
1 94 -330
1 150 66
1 102 390
1 40 568
2 67
1 129 614
2 17
1 176 -321
1 23 -887
1 30 -689
2 139
2 160
2 41
1 100 372
1 101 501
1 109 770
2 182
1 145 -633
1 3 -802
1 113 474
1 107 169
2 22
1 77 -278
1 156 914
1 15 303
1 17 -571
2 30
1 35 -968
2 158
1 142 -81
1 196 65
2 93
2 198
1 81 465
2 43
2 109
1 192 -134
1 147 -550
2 106
2 4
2 99
1 145 688
2 94
2 131
2 117
1 156 719
2 111
1 68 956
2 26
2 143
1 116 67
1 7 180
1 27 885
1 131 212
2 31
2 95
2 65
2 52
1 25 266
1 142 -266
1 175 -557
2 181
1 43 592
1 151 72
1 76 -366
2 77
2 34
1 61 -572
1 146 849
2 59
2 5
2 47
2 54
2 154
2 60
1 154 299
2 11
1 106 -686
2 14
1 91 512
2 140
2 100
1 14 -796
2 121
1 148 417
2 147
1 100 -888
1 58 533
1 59 323
1 73 182
1 175 -323
2 179
2 54
1 120 -664
2 68
2 88
2 163
1 185 -161
2 159
1 14 -302
1 165 -967
1 39 840
1 187 958
2 55
2 187
2 74
2 22
1 58 93
2 47
1 18 586
1 59 -727
2 138
1 164 -224
2 43
2 97
1 95 454
2 105
1 86 -421
1 180 729
2 135
1 70 -221
2 70
2 181
1 153 -797
1 77 729
2 183
1 4 -325
2 80
1 89 -938
2 5
2 21
1 170 555
1 86 -795
1 14 -264
1 115 -38
2 86
2 181
2 44
2 102
1 118 -642
1 6 -950
2 116
1 96 754
2 173
2 56
2 3
2 93
2 37
2 159
2 58
2 57
2 89
2 35
2 27
1 97 7
2 196
2 11
2 89
2 59
2 54
2 162
1 161 373
1 13 249
1 185 356
1 143 -228
2 31
1 119 951
2 101
1 73 -102
2 142
2 165
2 187
2 15
1 125 577
1 46 779
2 22
2 137
2 37
2 137
1 101 -101
1 188 -876
2 15
1 196 190
1 89 667
2 63
1 155 424
1 97 27
1 57 12
2 71
2 8
1 198 -715
1 100 295
2 81
1 127 -949
2 97
2 116
1 133 193
1 126 362
1 139 -768
2 83
2 45
1 26 -294
1 32 -844
2 46
1 2 329
1 169 24
2 185
2 156
2 27
2 3
1 13 -581
2 113
2 42
1 102 -24
2 152
2 163
1 169 236
1 54 -171
2 15
2 74
2 173
2 2
1 24 504
2 140
1 74 976
1 145 30
1 156 -327
2 122
1 22 347
2 96
2 71
2 82
2 61
2 178
2 183
1 78 -23
1 61 64
1 161 -981
1 136 721
2 46
2 79
2 97
1 24 336
2 123
1 195 877
2 67
2 39
2 112
1 188 907
1 128 424
1 162 402
1 126 -889
2 108
1 43 -219
2 136
1 183 -947
2 184
2 175
1 101 489
1 176 423
1 95 221
2 200
1 56 798
2 197
1 138 -243
2 143
2 49
1 190 -522
2 64
1 168 -246
2 26
1 2 532
2 47
2 156
1 12 -917
1 91 468
1 180 978
1 195 -741
1 89 624
1 36 269
1 120 -470
1 25 789
2 73
2 129
2 189
2 52
2 68
2 7
1 27 -40
2 95
1 115 -391
1 49 -709
2 131
1 187 -960
2 43
1 55 -608
2 115
2 122
1 63 -742
2 106
1 26 93
1 54 153
2 142
2 55
1 179 720
2 124
2 145
1 40 680
1 197 -793
1 8 40
2 64
1 14 410
2 169
1 40 -8
2 61
2 192
2 173
1 78 -541
2 115
2 34
2 60
1 68 -992
1 64 56
2 128
2 197
2 187
1 2 540
1 72 831
1 129 619
2 167
1 59 -927
1 141 -277
2 27
2 192
1 74 973
2 172
1 191 564
2 26
1 45 -380
1 159 627
1 173 -693
2 189
2 99
2 48
1 167 -143
1 113 -649
1 71 81
2 154
2 122
2 90
1 61 854
2 105
2 33
1 197 -902
2 58
1 118 355
2 39
2 29
1 47 650
